 614906653  0.16
 614907625  0.15
 614908597  0.15
 614909565  0.68
 614910608  0.66
 615150214  0.66
 615151249  0.66
 615152289  0.65
 615153264  0.63
 615154236  0.62
 615155210  0.62
 615156239  0.61
 615157212  0.59
 615158186  0.58
 615159162  0.57
 615160189  0.57
 615161155  0.55
 615162129  0.55
 615163172  0.54
 615164134  0.53
 615165102  0.52
 615166068  0.52
 615167092  0.51
 615168059  0.51
 615169027  0.50
 615170018  0.49
 615174774  0.48
 615456896  2.29
 615457871  2.19
 615458784  2.16
 615459702  2.09
 615460614  2.01
 615461590  1.98
 615462509  1.93
 615463422  1.87
 615464337  1.84
 615465313  1.80
 615466229  1.75
 615467144  1.73
 615468055  1.69
 615469032  1.65
 615469947  1.61
 615470862  1.59
 615471780  1.56
 615472753  1.53
 615473672  1.51
 615474583  1.48
 615475498  1.45
 615476477  1.43
 615477391  1.41
 615478308  1.39
 615479221  1.36
 615480197  1.33
 615481110  1.32
 615482025  1.30
 615482942  1.29
 615483918  1.26
 615484833  1.23
 615485748  1.23
 615486661  1.20
 615487640  1.18
 615488552  1.18
 615489469  1.16
 615490384  1.13
 615491361  1.12
 615492273  1.10
 615493190  1.09
 615494105  1.07
 615495082  1.07
 615495994  1.04
 615496913  1.03
 615497827  1.02
 615498802  1.00
 615499719  0.98
 615500632  0.98
 615501548  0.96
 615515514  2.19
 615516429  2.17
 615517409  2.16
 615518323  2.14
 615519237  2.11
 615520153  2.09
 615521130  2.07
 615522043  2.05
 615522956  2.02
 615523874  2.01
 615524849  1.98
 615525762  1.98
 615526677  1.95
 615527592  1.92
 615528570  1.91
 615529483  1.89
 615530402  1.87
 615531315  1.85
 615532293  1.84
 615533206  1.82
 615534119  1.80
 615535037  1.78
 615536014  1.76
 615536928  1.75
 615537840  1.74
 615538758  1.71
 615539731  1.70
 615540649  1.69
 615541565  1.66
 615564804  4.52
 615565781  4.51
 615566697  4.39
 615567612  4.25
 615568526  4.12
 615569499  4.01
 615570414  3.92
 615571332  3.83
 615572247  3.72
 615573219  3.65
 615574137  3.55
 615575050  3.46
 615575968  3.41
 615576945  3.32
 615577858  3.24
 615578771  3.18
 615579689  3.12
 615580664  3.05
 615581580  2.99
 615582495  2.94
 615583415  2.88
 615584387  2.82
 615585300  2.77
 615586215  2.73
 615587130  2.66
 615588107  2.62
 615589021  2.57
 615589939  2.54
 615590853  2.50
 615591827  2.45
 615592743  2.42
 615593658  2.35
 615594574  2.32
 615595549  2.29
 615596464  2.25
 615597384  2.21
 615598295  2.19
 615599278  2.15
 615600184  2.11
 615601100  2.09
 615602016  2.06
 615610434  4.38
 615611348  4.39
 615612263  4.23
 615613176  4.10
 615614152  3.96
 615615070  3.85
 615615985  3.72
 615616900  3.61
 615617871  3.52
 615618787  3.43
 615619706  3.33
 615620618  3.24
 615621596  3.16
 615622509  3.10
 615623423  3.02
 615624338  2.95
 615625313  2.89
 615626229  2.82
 615627144  2.77
 615628058  2.71
 615629036  2.65
 615629951  2.60
 615630869  2.54
 615631780  2.49
 615632759  2.44
 615633672  2.39
 615634587  2.34
 615635502  2.31
 615640201  2.25
 615641113  2.20
 615642036  2.18
 615642944  2.12
 615643923  2.10
 615644834  2.06
 615645750  2.02
 615646664  1.99
 615647641  1.96
 615648556  1.92
 615649473  1.88
 615650393  1.86
 615668075  0.59
 615668991  0.58
 615669966  0.57
 615670881  0.55
 615671799  0.55
 615672712  0.54
 615673688  0.53
 615674601  0.52
 615675516  0.51
 615676436  0.51
 615677411  0.50
 615678327  0.50
 615679242  0.50
 615680154  0.48
 615681130  0.47
 615682047  0.47
 615682960  0.45
 615683874  0.45
 615684851  0.44
 615702480  4.20
 615703459  4.05
 615704369  3.93
 615705288  3.78
 615706203  3.65
 615707179  3.52
 615708091  3.41
 615709010  3.30
 615709924  3.21
 615710898  3.10
 615711813  3.01
 615712727  2.94
 615713646  2.86
 615714622  2.78
 615715534  2.70
 615716452  2.65
 615717363  2.59
 615718342  2.52
 615719254  2.46
 615720170  2.43
 615721085  2.36
 615722061  2.30
 615722982  2.26
 615723894  2.21
 615724809  2.16
 615725782  2.12
 615726700  2.09
 615727616  2.04
 615728530  2.00
 615733231  1.97
 615734138  1.93
 615735204  1.88
 615735969  1.86
 615745300  3.14
 615746217  3.01
 615747134  2.90
 615748116  2.80
 615749023  2.73
 615749938  2.65
 615750855  2.57
 615751827  2.52
 615752743  2.44
 615753658  2.38
 615754574  2.32
 615755552  2.28
 615756464  2.21
 615757383  2.17
 615758294  2.11
 615759271  2.08
 615760185  2.02
 615761101  1.99
 615762016  1.95
 615762994  1.90
 615763913  1.86
 615764825  1.83
 615765739  1.79
 615766716  1.76
 615767630  1.74
 615768543  1.71
 615769460  1.66
 615807644  4.50
 615808561  4.48
 615809474  4.33
 615810391  4.22
 615811365  4.08
 615812279  3.97
 615813197  3.86
 615814112  3.78
 615815089  3.67
 615816001  3.58
 615816915  3.49
 615817833  3.40
 615818809  3.33
 615819721  3.26
 615820636  3.17
 615821551  3.12
 615826248  3.04
 615827166  2.98
 615828079  2.91
 615828994  2.87
 615829969  2.80
 615830885  2.75
 615831799  2.70
 615832718  2.65
 615833693  2.58
 615834609  2.54
 615835523  2.50
 615836439  2.46
 615837414  2.43
 615838326  2.37
 615839241  2.32
 615840159  2.29
 615841135  2.24
 615842051  2.21
 615842967  2.18
 615843880  2.16
 615844854  2.10
 615845768  2.08
 615846684  2.03
 615847601  2.01
 615848573  1.98
 615849492  1.95
 615850411  1.91
 615851319  1.88
 615852296  1.87
 615853210  1.85
 615854125  1.82
 615855039  1.79
 615856019  1.75
 615856934  1.75
 615857845  1.73
 615868095  8.99
 615869010  9.19
 615869925  8.93
 615870900  8.63
 615871819  8.38
 615872731  8.10
 615873646  7.89
 615874624  7.69
 615875537  7.46
 615876463  7.28
 615877367  7.08
 615878343  6.94
 615879262  6.74
 615880173  6.60
 615881091  6.46
 615882067  6.33
 615882982  6.18
 615883893  6.05
 615884809  5.94
 615885788  5.81
 615886702  5.70
 615887621  5.57
 615888537  5.46
 615889515  5.36
 615890424  5.27
 615891356  5.17
 615892255  5.09
 615893229  5.00
 615894145  4.91
 615895060  4.82
 615895971  4.75
 615896950  4.69
 615897862  4.58
 615898781  4.51
 615899693  4.44
 615900672  4.37
 615901586  4.30
 615902501  4.23
 615903417  4.16
 615904390  4.09
 615905304  4.02
 615906219  3.97
 615907135  3.91
 615908111  3.86
 615909026  3.80
 615909940  3.74
 615910855  3.70
 615911832  3.64
 615912749  3.60
 615913664  3.56
 615914580  3.49
 615919277  3.44
 615920191  3.39
 615921106  3.34
 615922019  3.31
 615922997  3.25
 615923913  3.22
 615924831  3.17
 615925747  3.13
 615926719  3.10
 615927635  3.04
 615928549  2.99
 615929464  2.96
 615930437  2.92
 615931352  2.89
 615932267  2.85
 615933186  2.81
 615934161  2.77
 615945321  9.99
 615946238  9.77
 615947150  9.43
 615948066  9.14
 615949042  8.93
 615949959  8.65
 615950872  8.41
 615951787  8.23
 615952763  8.04
 615953681  7.86
 615954601  7.64
 615955510  7.48
 615956487  7.34
 615957401  7.17
 615958320  7.03
 615959232  6.90
 615960207  6.74
 615961123  6.65
 615962038  6.49
 615962952  6.38
 615963928  6.27
 615964841  6.15
 615965764  6.04
 615966671  5.93
 615967650  5.83
 615968564  5.73
 615969480  5.65
 615970394  5.55
 615971368  5.47
 615972285  5.36
 615973200  5.29
 615974116  5.20
 615975088  5.12
 615976006  5.05
 615976922  4.77
 615977834  4.86
 615978814  4.81
 615979727  4.76
 616319253  9.90
 616320165  9.93
 616321141  9.65
 616322059  9.29
 616322974  8.93
 616323889  8.76
 616324863  8.56
 616325780  8.34
 616326695  8.11
 616327608  7.92
 616328586  7.73
 616329499  7.57
 616330413  7.39
 616331331  7.23
 616332307  7.05
 616333219  6.87
 616334135  6.68
 616335049  6.54
 616336028  6.38
 616336941  6.26
 616337859  6.12
 616338770  5.99
 616339751  5.86
 616340666  5.76
 616341579  5.67
 616342492  5.56
 616343470  5.46
 616344383  5.36
 616345301  5.25
 616346217  5.15
 616347191  5.06
 616348119  4.97
 616349022  4.91
 616349937  4.81
 616350909  4.75
 616351828  4.67
 616352743  4.60
 616353657  4.52
 616354630  4.44
 616355549  4.37
 616356463  4.31
 616357380  4.23
 616358354  4.15
 616359269  4.11
 616360182  4.04
 616361099  4.00
 616362072  3.90
 616362990  3.86
 616363903  3.80
 616364824  3.74
 616365797  3.69
 616366711  3.64
 616367624  3.58
 616368539  3.54
 616369518  3.48
 616370433  3.44
 616371348  3.39
 616372266  3.34
 616373239  3.29
 616374158  3.23
 616375066  3.21
 616375984  3.15
 616376960  3.11
 616377875  3.08
 616378789  3.03
 616379702  2.99
 616384401  2.95
 616385313  2.92
 616386232  2.88
 616387144  2.85
 616388124  2.80
 616389047  2.77
 616389952  2.73
 616390867  2.70
 616391849  2.64
 616392759  2.61
 616393671  2.55
 616394592  2.54
 616395562  2.50
 616396480  2.47
 616424354 12.67
 616425332 12.33
 616426248 12.00
 616427160 11.61
 616428075 11.36
 616429051 11.04
 616429966 10.80
 616430884 10.45
 616431799 10.23
 616432772 10.01
 616433686  9.77
 616434602  9.55
 616435517  9.37
 616436496  9.14
 616437407  8.95
 616438323  8.79
 616439241  8.64
 616440217  8.43
 616441132  8.27
 616442047  8.11
 616442961  7.99
 616443935  7.85
 616444853  7.72
 616445768  7.55
 616446686  7.42
 616447659  7.34
 616448573  7.19
 616449486  7.06
 616450401  6.95
 616451380  6.83
 616452292  6.71
 616453209  6.61
 616454124  6.49
 616455098  6.44
 616456016  6.32
 616456931  6.22
 616457845  6.11
 616458821  6.03
 616459736  5.97
 616460651  5.88
 616461564  5.78
 616462540  5.71
 616463457  5.63
 616464372  5.55
 616465285  5.44
 616466264  5.39
 616467176  5.32
 616468091  5.24
 616469009  5.18
 616469985  5.10
 616470897  5.04
 616471814  4.97
 616472733  4.91
 616477427  4.85
 616478342  4.78
 616479257  4.71
 616480171  4.66
 616481145  4.60
 616482063  4.52
 616482978  4.47
 616483892  4.43
 616484883  4.38
 616485781  4.30
 616486699  4.26
 616487614  4.22
 616488587  4.17
 616489510  4.12
 616490419  4.08
 616491338  4.01
 616492311  3.98
 616493225  3.93
 616494138  3.89
 616495052  3.84
 616496028  3.78
 616496943  3.75
 616497862  3.70
 616498778  3.66
 616499750  3.63
 616500667  3.58
 616501583  3.56
 616502497  3.52
 616503473  3.48
 616504398  3.44
 616505307  3.40
 616506216  3.37
 616515551 11.88
 616516466 12.03
 616517378 11.66
 616518354 11.33
 616519272 11.01
 616520188 10.72
 616521103 10.45
 616522078 10.22
 616522994  9.99
 616523909  9.73
 616524824  9.52
 616525800  9.30
 616526714  9.14
 616527630  8.94
 616528542  8.75
 616529518  8.56
 616530436  8.40
 616531351  8.23
 616532266  8.11
 616533239  7.95
 616534156  7.79
 616535072  7.69
 616535984  7.55
 616536963  7.40
 616537878  7.29
 616538789  7.17
 616539705  7.06
 616540683  6.94
 616541596  6.83
 616542514  6.71
 616543426  6.61
 616544404  6.52
 616545317  6.39
 616546235  6.32
 616547150  6.21
 616548126  6.10
 616549038  6.04
 616549960  5.96
 616550871  5.86
 616551844  5.76
 616552759  5.69
 616553677  5.62
 616554596  5.55
 616555568  5.47
 616556482  5.39
 616557398  5.32
 616558310  5.25
 616559290  5.17
 616560204  5.12
 616561118  5.06
 616562035  4.99
 616563016  4.91
 616563925  4.86
 616564843  4.80
 616565752  4.73
 616570451  4.69
 616571363  4.63
 616572279  4.57
 616573198  4.52
 616574172  4.47
 616575092  4.40
 616576000  4.34
 616576917  4.31
 616577894  4.26
 616578809  4.23
 616579724  4.16
 616580635  4.10
 616581614  4.07
 616582527  4.04
 616583444  3.98
 616584361  3.94
 616585333  3.88
 616586251  3.84
 616587163  3.80
 616588081  3.76
 616589056  3.72
 616589968  3.68
 616590883  3.65
 616591801  3.61
 616592775  3.57
 616593690  3.53
 616594604  3.47
 616595522  3.45
 616596495  3.42
 616597415  3.38
 616598328  3.34
 616599243  3.30
 616819832  0.73
 616820744  0.82
 616821662  0.82
 616822577  0.78
 616823553  0.74
 616824468  0.72
 616825383  0.69
 616826299  0.66
 616827280  0.63
 616828191  0.61
 616829108  0.58
 616830021  0.56
 616830995  0.52
 616831912  0.53
 616832825  0.51
 616833744  0.50
 616834716  0.47
 616835632  0.44
 616836545  0.43
 616837461  0.41
 616838438  0.40
 616839356  0.39
 616840267  0.38
 616841181  0.37
 616842159  0.36
 616843070  0.34
 616843988  0.32
 616844902  0.31
 616849602  0.31
 616850515  0.28
 616851429  0.28
 616852345  0.27
 616853321  0.27
 616854236  0.27
 616855151  0.26
 616856066  0.24
 616857042  0.23
 616857956  0.22
 616858872  0.21
 616859786  0.21
 616860763  0.20
 616861677  0.19
 616862593  0.19
 616863508  0.17
 616864484  0.17
 616865398  0.17
 616866313  0.16
 616867226  0.16
 616868207  0.14
 616869120  0.15
 616870034  0.14
 616870949  0.13
 616879365  0.73
 616880283  0.81
 616881198  0.78
 616882113  0.74
 616883086  0.72
 616884001  0.68
 616884920  0.65
 616885833  0.62
 616886811  0.60
 616887725  0.58
 616888639  0.57
 616889555  0.56
 616890531  0.53
 616891443  0.51
 616892361  0.49
 616893276  0.48
 616894252  0.47
 616895168  0.45
 616896084  0.44
 616896997  0.42
 616897973  0.40
 616898889  0.40
 616899803  0.39
 616900718  0.37
 616901694  0.36
 616902608  0.35
 616903525  0.34
 616904436  0.31
 616914688  0.90
 616915602  1.39
 616916577  1.38
 616917493  1.33
 616918408  1.29
 616919320  1.23
 616920296  1.18
 616921213  1.14
 616922126  1.09
 616923041  1.06
 616924017  1.02
 616924935  0.99
 616925849  0.96
 616926764  0.93
 616927741  0.90
 616928656  0.86
 616929571  0.85
 616930486  0.82
 616931462  0.79
 616932374  0.77
 616933292  0.74
 616934207  0.73
 616935183  0.71
 616936098  0.68
 616937012  0.66
 616937925  0.65
 616942624  0.63
 616943540  0.62
 616944455  0.60
 616945369  0.58
 616946346  0.57
 616947261  0.54
 616948176  0.54
 616949095  0.51
 616950066  0.51
 616950982  0.49
 616951897  0.48
 616952809  0.47
 616953788  0.45
 616954703  0.45
 616955617  0.44
 616956532  0.42
 616957508  0.40
 616958423  0.40
 616959339  0.39
 616960253  0.38
 616961227  0.37
 616962145  0.35
 616963059  0.35
 616963975  0.34
 616974223  0.97
 616975135  1.05
 616976115  0.99
 616977026  0.94
 616977944  0.86
 616978865  0.81
 616979836  0.74
 616980752  0.70
 616981665  0.64
 616982580  0.61
 616983556  0.58
 616984471  0.56
 616985383  0.54
 616986301  0.51
 616987278  0.49
 616988193  0.48
 616989108  0.46
 616990023  0.44
 616990998  0.43
 616991913  0.42
 616992828  0.40
 616993743  0.40
 616994719  0.39
 616995635  0.38
 616996548  0.37
 616997464  0.35
 616998437  0.34
 616999356  0.33
 617000269  0.32
 617001189  0.31
 617002161  0.30
 617003076  0.29
 617003992  0.28
 617004907  0.28
 617005892  0.27
 617006797  0.27
 617007712  0.25
 617008627  0.24
 617009602  0.24
 617010524  0.23
 617011434  0.22
 617012348  0.22
 617013325  0.21
 617014239  0.21
 617015154  0.20
 617016069  0.19
 617017045  0.18
 617017962  0.17
 617018875  0.17
 617077496  0.06
 617078411  0.06
 617079326  0.06
 617080302  0.06
 617081231  0.05
 617082132  0.06
 617083047  0.05
 617084023  0.05
 617145391  0.48
 617146303  0.34
 617147279  0.27
 617148195  0.27
 617149110  0.25
 617150022  0.25
 617151001  0.23
 617151916  0.23
 617152831  0.22
 617153746  0.22
 617154722  0.21
 617155637  0.20
 617156552  0.20
 617157466  0.18
 617158444  0.18
 617159358  0.17
 617160273  0.17
 617161188  0.17
 617162165  0.17
 617163079  0.16
 617163995  0.15
 617164913  0.15
 617165885  0.15
 617166804  0.14
 617167715  0.14
 617168631  0.14
 617169607  0.14
 617170521  0.13
 617171436  0.12
 617172355  0.12
 617173326  0.11
 617174243  0.11
 617175159  0.11
 617176072  0.10
 617177048  0.10
 617177965  0.10
 617178878  0.10
 617179793  0.09
 617180774  0.09
 617181685  0.09
 617182596  0.09
 617183515  0.09
 617184490  0.08
 617185407  0.08
 617186321  0.07
 617187235  0.07
 617188212  0.07
 617189123  0.07
 617190045  0.07
 617190955  0.06
 617191931  0.06
 617192847  0.06
 617193762  0.06
 617194676  0.06
 617195653  0.06
 617196568  0.06
 617197482  0.06
 617198397  0.06
 617199374  0.06
 617200286  0.06
 617201203  0.05
 617202119  0.06
 617203096  0.06
 617204011  0.06
 617204922  0.05
 617205840  0.06
 617206822  0.05
 617221700  0.68
 617222614  0.39
 617223527  0.31
 617224445  0.28
 617225418  0.25
 617226337  0.23
 617227252  0.21
 617228167  0.19
 617229142  0.19
 617230059  0.17
 617230983  0.17
 617231887  0.15
 617232867  0.14
 617233782  0.14
 617234701  0.13
 617235608  0.12
 617236588  0.13
 617237499  0.11
 617238413  0.10
 617239329  0.10
 617240305  0.09
 617241220  0.09
 617242136  0.08
 617243050  0.09
 617244030  0.08
 617244942  0.08
 617245857  0.07
 617246771  0.07
 617247747  0.06
 617248661  0.07
 617249576  0.06
 617250491  0.06
 617251468  0.06
 617252383  0.06
 617253299  0.05
 617254213  0.05
 617255189  0.05
 617256104  0.06
 617299838  1.14
 617300756  1.54
 617301668  1.53
 617302585  1.48
 617303563  1.42
 617304477  1.37
 617305392  1.31
 617306307  1.25
 617307280  1.19
 617308198  1.15
 617309113  1.10
 617310028  1.06
 617314725  1.02
 617315640  0.97
 617316556  0.94
 617317469  0.91
 617318446  0.86
 617319362  0.84
 617320276  0.81
 617321188  0.77
 617322178  0.74
 617323082  0.72
 617323996  0.68
 617324913  0.66
 617325888  0.63
 617326803  0.62
 617327728  0.59
 617328634  0.58
 617329608  0.55
 617330525  0.53
 617331439  0.51
 617332354  0.50
 617333330  0.49
 617334244  0.47
 617335161  0.45
 617336075  0.44
 617337051  0.42
 617337965  0.40
 617338881  0.40
 617339795  0.38
 617340772  0.37
 617341684  0.36
 617342601  0.34
 617343517  0.33
 617344493  0.31
 617345407  0.30
 617346323  0.29
 617347238  0.28
 617348214  0.28
 617349129  0.27
 617350044  0.26
 617350960  0.25
 617351936  0.23
 617352850  0.23
 617353765  0.22
 617354680  0.21
 617355660  0.21
 617356571  0.20
 617357486  0.19
 617358403  0.18
 617359379  0.18
 617360292  0.18
 617361206  0.17
 617362121  0.17
 617363099  0.17
 617364013  0.16
 617364928  0.16
 617365843  0.16
 617366819  0.15
 617367734  0.14
 617368649  0.14
 617369564  0.14
 617370541  0.14
 617371455  0.13
 617372371  0.13
 617373287  0.12
 617374262  0.11
 617375176  0.11
 617376090  0.11
 617377006  0.10
 617377982  0.10
 617378897  0.10
 617379816  0.10
 617380727  0.09
 617381704  0.09
 617382618  0.09
 617383532  0.08
 617384448  0.08
 617385423  0.08
 617386340  0.08
 617387253  0.07
 617388169  0.07
 617389147  0.07
 617390064  0.07
 617390975  0.07
 617391890  0.07
 617392866  0.06
 617393781  0.06
 617394696  0.06
 617395613  0.06
 617396591  0.06
 617397502  0.06
 617398417  0.06
 617399332  0.05
 617400307  0.06
 617401225  0.06
 617402137  0.06
 617403053  0.05
 617407751  0.06
 617408665  0.05
 617409579  0.05
 617410494  0.05
 617411476  0.05
 617412385  0.05
 617413301  0.05
 617414216  0.05
 617415193  0.05
 617490948  1.09
 617491863  1.15
 617492839  1.11
 617493756  1.07
 617494695  1.03
 617495590  0.99
 617500287  0.95
 617501198  0.92
 617502115  0.88
 617503058  0.85
 617504006  0.81
 617504923  0.79
 617505839  0.76
 617506754  0.73
 617507732  0.71
 617508645  0.68
 617509560  0.65
 617510475  0.62
 617511450  0.62
 617512366  0.59
 617513281  0.56
 617514195  0.54
 617515176  0.52
 617516087  0.51
 617517010  0.49
 617517919  0.48
 617518893  0.45
 617519810  0.44
 617520725  0.42
 617521638  0.40
 617522614  0.40
 617523526  0.39
 617524446  0.38
 617525411  0.36
 617526337  0.35
 617527250  0.34
 617528169  0.33
 617529082  0.32
 617530056  0.31
 617530973  0.30
 617531886  0.29
 617532805  0.29
 617541221  1.52
 617542138  1.58
 617543053  1.53
 617543983  1.48
 617544949  1.42
 617545861  1.37
 617546778  1.32
 617547689  1.27
 617548667  1.22
 617549578  1.19
 617550500  1.14
 617551408  1.10
 617552390  1.06
 617553299  1.03
 617554216  0.98
 617555131  0.96
 617556107  0.94
 617557024  0.91
 617557941  0.86
 617558856  0.86
 617559826  0.83
 617560747  0.80
 617561660  0.77
 617562589  0.74
 617563549  0.73
 617564466  0.70
 617565386  0.67
 617566298  0.66
 617567272  0.63
 617568187  0.62
 617569105  0.61
 617570015  0.59
 617570991  0.57
 617571908  0.55
 617572839  0.53
 617573743  0.52
 617574716  0.50
 617575634  0.50
 617576546  0.47
 617577470  0.47
 617578442  0.45
 617579352  0.44
 617580270  0.42
 617581185  0.40
 617582159  0.40
 617583080  0.39
 617583989  0.38
 617584903  0.36
 617585886  0.36
 617587835  0.08
 617594273  0.29
 617607259  0.59
 617608235  1.52
 617609150  1.58
 617610065  1.53
 617610981  1.49
 617611956  1.44
 617612871  1.38
 617613787  1.33
 617614701  1.29
 617615678  1.25
 617616593  1.19
 617617512  1.16
 617618424  1.12
 617619403  1.08
 617620314  1.06
 617621234  1.01
 617622148  0.98
 617623129  0.96
 617624036  0.93
 617624949  0.90
 617625864  0.86
 617626845  0.85
 617627755  0.82
 617628675  0.79
 617629585  0.78
 617630567  0.74
 617631476  0.72
 617632392  0.70
 617633306  0.68
 617634283  0.65
 617635198  0.63
 617636113  0.62
 617637027  0.60
 617638005  0.59
 617638919  0.57
 617639838  0.56
 617640748  0.53
 617641724  0.51
 617642644  0.50
 617643556  0.49
 617644472  0.48
 617645450  0.46
 617646363  0.45
 617647275  0.39
 617648192  0.42
 617649168  0.40
 617650082  0.40
 617650998  0.39
 617651912  0.38
 617662159  1.41
 617663077  1.64
 617664055  1.63
 617664974  1.56
 617665890  1.51
 617666804  1.45
 617667772  1.40
 617668691  1.34
 617669603  1.29
 617670526  1.26
 617671493  1.21
 617672408  1.17
 617673327  1.13
 617674246  1.08
 617675214  1.04
 617676137  1.02
 617677049  0.98
 617678044  0.95
 617678936  0.92
 617679851  0.89
 617680767  0.86
 617681684  0.85
 617686395  0.82
 617687296  0.78
 617688209  0.76
 617689135  0.73
 617690102  0.71
 617691026  0.69
 617691934  0.67
 617692847  0.65
 617693823  0.63
 617694785  0.62
 617695679  0.60
 617696573  0.58
 617697550  0.57
 617698460  0.54
 617699384  0.52
 617700291  0.51
 617701271  0.50
 617702185  0.48
 617703099  0.47
 617704012  0.44
 617704987  0.43
 617705901  0.42
 617706817  0.40
 617707736  0.40
 617708708  0.39
 617709622  0.38
 617710538  0.37
 617711452  0.36
 617712432  0.34
 617713344  0.33
 617714260  0.33
 617715177  0.31
 617716151  0.31
 617717069  0.29
 617717981  0.29
 617718901  0.28
 617726334  1.14
 617727310  1.69
 617728228  1.71
 617729148  1.65
 617730061  1.59
 617731035  1.52
 617731961  1.47
 617732868  1.42
 617733780  1.38
 617734754  1.32
 617735670  1.28
 617736590  1.24
 617737499  1.18
 617738475  1.13
 617739392  1.08
 617740307  1.06
 617741225  1.03
 617742200  0.99
 617743115  0.96
 617744028  0.94
 617744943  0.90
 617745921  0.87
 617746833  0.85
 617747753  0.82
 617748719  0.79
 617749645  0.76
 617750557  0.74
 617751481  0.72
 617752388  0.70
 617753361  0.67
 617754276  0.65
 617755193  0.63
 617756108  0.62
 617757084  0.61
 617758001  0.58
 617758912  0.57
 617759829  0.54
 617760810  0.53
 617761720  0.51
 617762635  0.50
 617763552  0.48
 617764527  0.47
 617765442  0.46
 617766365  0.45
 617767271  0.43
 617768247  0.41
 617769160  0.40
 617770077  0.40
 617770990  0.39
 617771970  0.38
 617772888  0.37
 617773799  0.36
 617774713  0.34
 617811920  1.50
 617812897  1.92
 617813812  1.92
 617814727  1.86
 617815641  1.77
 617816620  1.72
 617817535  1.65
 617818452  1.60
 617819367  1.53
 617820350  1.48
 617821261  1.42
 617822174  1.38
 617823086  1.32
 617824067  1.29
 617824977  1.24
 617825894  1.19
 617826808  1.16
 617827783  1.11
 617828700  1.08
 617829619  1.05
 617830529  1.01
 617831513  0.98
 617832431  0.95
 617833337  0.92
 617834251  0.89
 617835226  0.86
 617836145  0.82
 617837060  0.81
 617837972  0.77
 617838948  0.74
 617839872  0.73
 617840783  0.70
 617841692  0.68
 617842672  0.66
 617843583  0.65
 617844504  0.62
 617845415  0.61
 617846391  0.59
 617847306  0.57
 617848224  0.56
 617849197  0.53
 617850115  0.52
 617851031  0.51
 617851944  0.49
 617852855  0.48
 617853842  0.46
 617854747  0.44
 617855666  0.44
 617856582  0.42
 617865909  1.34
 617866825  1.74
 617867741  1.73
 617872440  1.67
 617873353  1.60
 617874267  1.54
 617875182  1.48
 617876163  1.42
 617877073  1.38
 617877989  1.33
 617878910  1.29
 617879882  1.25
 617880797  1.19
 617881710  1.16
 617882622  1.13
 617883601  1.08
 617884514  1.05
 617885431  1.02
 617886350  0.98
 617887324  0.96
 617888235  0.92
 617889152  0.90
 617890066  0.87
 617891043  0.84
 617891957  0.81
 617892876  0.78
 617893787  0.76
 617894763  0.74
 617895681  0.72
 617896593  0.70
 617897513  0.67
 617898489  0.64
 617899398  0.63
 617900315  0.62
 617901232  0.60
 617902204  0.58
 617903121  0.57
 617904034  0.55
 617904955  0.53
 617905925  0.51
 617906839  0.51
 617907757  0.49
 617908670  0.48
 617929165  1.37
 617930087  1.46
 617930998  1.41
 617931972  1.19
 617932887  1.31
 617933803  1.28
 617935693  1.19
 617936607  1.16
 617937527  1.12
 617938440  1.08
 617939418  1.05
 617940364  1.01
 617941257  0.98
 617942163  0.95
 617943136  0.92
 617944052  0.89
 617944973  0.86
 617945884  0.85
 617946857  0.82
 617947775  0.79
 617948690  0.76
 617949603  0.74
 617950579  0.73
 617951493  0.71
 617952407  0.68
 617953323  0.66
 617954302  0.64
 617955217  0.62
 617956136  0.61
 617957045  0.59
 617958025  0.58
 617958935  0.55
 617959884  0.53
 617960766  0.53
 617965476  0.51
 617966378  0.51
 617967295  0.50
 617968208  0.48
 617969195  0.47
 617970101  0.45
 617971017  0.44
 617971929  0.43
 617972911  0.42
 617973826  0.40
 617974737  0.40
 617975663  0.38
 617976628  0.37
 617977541  0.36
 617985898  1.60
 617986815  1.69
 617987788  1.63
 617988706  1.55
 617989619  1.50
 617990533  1.44
 617991512  1.38
 617992427  1.32
 617993340  1.29
 617994258  1.25
 617995234  1.19
 617996148  1.16
 617997063  1.11
 617997978  1.08
 617998954  1.05
 617999867  1.01
 618000788  0.98
 618001697  0.95
 618002672  0.91
 618003590  0.89
 618004505  0.86
 618005420  0.84
 618006396  0.80
 618007322  0.79
 618008228  0.75
 618009139  0.73
 618010118  0.71
 618011030  0.69
 618011948  0.66
 618012860  0.64
 618013842  0.62
 618014753  0.62
 618015672  0.59
 618016592  0.56
 618017563  0.56
 618018479  0.53
 618019389  0.51
 618020305  0.51
 618021285  0.49
 618022195  0.48
 618023114  0.47
 618024027  0.45
 618025001  0.43
 618025921  0.43
 618026831  0.41
 618027750  0.40
 618028727  0.39
 618029637  0.38
 618037992  1.61
 618038907  1.80
 618039883  1.76
 618040800  1.69
 618041715  1.63
 618042627  1.58
 618043606  1.52
 618044519  1.46
 618045436  1.41
 618046351  1.37
 618047324  1.31
 618048242  1.27
 618049159  1.23
 618050072  1.19
 618051046  1.15
 618051963  1.11
 618052878  1.09
 618053793  1.05
 618058487  1.01
 618059403  0.98
 618060317  0.96
 618061232  0.93
 618062208  0.90
 618063124  0.86
 618064041  0.85
 618064963  0.83
 618065932  0.80
 618066848  0.78
 618067762  0.75
 618068683  0.73
 618069654  0.71
 618070566  0.69
 618071485  0.67
 618072403  0.65
 618073374  0.63
 618074289  0.62
 618075204  0.61
 618076120  0.59
 618077095  0.58
 618078014  0.56
 618078925  0.53
 618079842  0.52
 618080821  0.51
 618081737  0.50
 618082646  0.49
 618083565  0.47
 618084541  0.45
 618085453  0.44
 618086368  0.43
 618087284  0.42
 618097531  1.52
 618098449  1.67
 618099425  1.63
 618100341  1.57
 618101253  1.52
 618102167  1.46
 618103153  1.40
 618104059  1.36
 618105000  1.31
 618105914  1.26
 618106883  1.21
 618107805  1.19
 618108715  1.14
 618109619  1.11
 618110588  1.07
 618111521  1.05
 618112418  1.01
 618113338  0.97
 618114309  0.96
 618115221  0.92
 618116137  0.89
 618117054  0.86
 618118031  0.85
 618118947  0.82
 618119858  0.80
 618120772  0.78
 618121747  0.74
 618122666  0.73
 618123583  0.70
 618124493  0.69
 618125472  0.66
 618126388  0.65
 618127300  0.63
 618128214  0.62
 618129189  0.59
 618130104  0.59
 618131023  0.56
 618131939  0.55
 618132911  0.53
 618133826  0.51
 618134741  0.50
 618135660  0.49
 618153347  1.41
 618154264  1.59
 618155240  1.56
 618156153  1.51
 618157067  1.45
 618157987  1.40
 618158979  1.33
 618159878  1.29
 618160792  1.24
 618161724  1.19
 618162684  1.16
 618163598  1.13
 618164515  1.08
 618165427  1.06
 618166403  1.01
 618167320  0.98
 618168233  0.95
 618169146  0.92
 618170190  0.88
 618171044  0.86
 618171968  0.84
 618172869  0.81
 618173848  0.79
 618174761  0.76
 618175672  0.74
 618176590  0.72
 618177566  0.70
 618178481  0.67
 618179394  0.66
 618180321  0.63
 618181292  0.62
 618182203  0.60
 618183122  0.58
 618184034  0.57
 618185011  0.55
 618185925  0.53
 618186839  0.51
 618187759  0.51
 618188734  0.50
 618189649  0.45
 618190560  0.44
 618191474  0.43
 618192452  0.42
 618193375  0.40
 618194280  0.40
 618195195  0.38
 622503344  2.27
 622504259  3.07
 622533116  4.97
 622534031  4.84
 622535007  4.69
 622535918  4.56
 622536833  4.43
 622537748  4.32
 622538743  4.20
 622539639  4.10
 622555454  4.78
 622556376  4.72
 622557352  4.59
 622558267  4.46
 622559182  4.33
 622560093  4.23
 622561077  4.11
 622561984  4.00
 622562903  3.90
 622563814  3.81
 622564798  3.73
 622565705  3.64
 622566620  3.55
 622567539  3.49
 622568515  3.40
 622569444  3.34
 622570341  3.28
 622571264  3.21
 622572232  3.14
 622573155  3.10
 622574059  3.02
 622574974  2.97
 622575953  2.90
 622576868  2.87
 622577787  2.80
 622578695  2.75
 622579671  2.71
 622580593  2.65
 622581508  2.60
 622582416  2.57
 622583399  2.54
 622584307  2.49
 622585225  2.44
 622586140  2.42
 622587113  2.37
 622588035  2.33
 622588943  2.27
 622589861  2.24
 622590834  2.09
 622591749  2.21
 622592667  2.18
 622593586  2.17
 622594558  1.88
 622595477  2.09
 622596385  2.06
 622597300  2.00
 622659642  3.77
 622660564  4.46
 622661536  4.34
 622662451  4.25
 622663374  5.82
 622664303  5.71
 622665257  5.57
 622666172  5.49
 622667087  5.37
 622668002  5.26
 622668978  5.16
 622669897  5.06
 622670805  4.97
 622671723  4.89
 622672699  4.80
 622673614  4.68
 622674529  4.59
 622675444  4.50
 622676417  4.44
 622677335  4.36
 622678250  4.29
 622679180  4.23
 622680145  4.16
 622681078  4.08
 622681975  4.01
 622682897  3.96
 622683866  3.92
 622684781  3.85
 622685696  3.78
 622686611  3.73
 622687587  3.67
 622688502  3.62
 622689431  3.57
 622690332  3.52
 622691308  3.46
 622692227  3.42
 622693142  3.36
 622694053  3.32
 622695033  3.28
 622695948  3.23
 622696866  3.18
 622697778  3.14
 622698757  3.10
 622699672  3.04
 622700587  3.00
 622701502  2.98
 622702471  2.94
 622703393  2.89
 622704305  2.87
 622705220  2.83
 622726627  8.19
 622727549  9.23
 622753589  6.40
 622754579  6.58
 622755480  6.44
 622756395  6.28
 622757310  6.10
 622758293  5.96
 622759201  5.81
 622760123  5.68
 622761038  5.55
 622762011  5.44
 622762926  5.33
 622763841  5.20
 622764752  5.11
 622765732  5.00
 622766643  4.88
 622767562  4.81
 622768480  4.70
 622769449  4.62
 622770364  4.55
 622771290  4.46
 622772198  4.39
 622773181  4.30
 622774089  4.23
 622775000  4.16
 622775919  4.10
 622776902  4.01
 622777806  3.95
 622778725  3.89
 622779647  3.84
 622780619  3.78
 622781538  3.70
 622782446  3.65
 622783361  3.58
 622784340  3.54
 622785252  3.48
 622786174  3.44
 622787085  3.39
 622788058  3.33
 622789616  3.25
 622790538  3.22
 622791519  3.16
 622792434  3.12
 622793349  3.08
 622794264  3.04
 622795240  3.00
 622796155  2.97
 622797070  2.92
 622797985  2.88
 622802685  2.85
 622803597  2.81
 622804515  2.77
 622805430  2.74
 622806403  2.69
 622807318  2.68
 622808236  2.65
 622809148  2.62
 622810124  2.59
 622811039  2.55
 622811954  2.49
 622812869  2.45
 622813845  2.43
 622814760  2.40
 622815678  2.38
 622816597  2.35
 622825022  6.48
 622825937  7.99
 622826852  7.86
 622827767  7.66
 622828743  7.55
 622829662  7.39
 622830573  7.28
 622831488  7.13
 622832464  7.03
 622833379  6.92
 622834294  6.81
 622835209  6.68
 622836192  6.58
 622837100  6.49
 622838015  6.38
 622838930  6.28
 622839906  6.20
 622840821  6.12
 622841736  6.03
 622842651  5.92
 622843631  5.86
 622844542  5.76
 622845457  5.68
 622846372  5.59
 622847348  5.52
 622848263  5.45
 622849182  5.36
 622850093  5.30
 622851073  5.23
 622851984  5.15
 622852899  5.10
 622853814  5.02
 622854801  4.95
 622855709  4.88
 622856624  4.82
 622857535  4.77
 622858511  4.72
 622859430  4.66
 622860345  4.60
 622861256  4.55
 622862243  4.49
 622863147  4.43
 622864062  4.36
 622864977  4.34
 622865953  4.26
 622866868  4.22
 622867783  4.18
 622868702  4.12
 622869681  4.08
 622870593  4.01
 622871504  4.00
 622872434  2.90
 622873395  2.88
 622874310  2.87
 622875225  2.83
 622876140  2.80
 622877116  2.78
 622878035  2.76
 622878946  2.73
 622879861  2.71
 622889194  7.99
 622890109  8.57
 622891024  8.41
 622895725  8.16
 622896636  7.92
 622897555  7.72
 622898466  7.51
 622899442  7.37
 622900361  7.18
 622901276  7.03
 622902191  6.87
 622903163  6.74
 622904078  6.57
 622904993  6.49
 622905908  6.33
 622906884  6.20
 622907799  6.09
 622908714  5.96
 622909629  5.87
 622910605  5.76
 622911520  5.65
 622912435  5.55
 622913350  5.44
 622914330  5.36
 622915241  5.25
 622916156  5.17
 622917075  5.10
 622918047  5.02
 622918966  4.94
 622919877  4.87
 622920799  4.77
 622921775  4.69
 622922683  4.61
 622923598  4.56
 622924513  4.47
 622925489  4.42
 622926408  4.35
 622927319  4.30
 622928238  4.23
 622929210  4.14
 622930125  4.09
 622931047  4.03
 622931955  4.00
 622932931  3.93
 622933846  3.86
 622934761  3.82
 622935676  3.77
 622936652  3.73
 622937571  3.67
 622938482  3.62
 622939397  3.56
 622940373  3.52
 622941288  3.47
 622942203  3.43
 622943118  3.39
 622944094  3.34
 622945013  3.29
 622945924  3.25
 622946839  3.21
 622947815  3.17
 622948730  3.13
 622949645  3.10
 622950564  3.05
 622951540  3.02
 622952451  2.98
 622953370  2.94
 622954281  2.90
 622969165  7.03
 622970141  7.47
 622971060  7.47
 622971971  7.27
 622972886  7.08
 622973862  6.91
 622974777  6.74
 622975692  6.59
 622976611  6.45
 622977583  6.26
 622978502  6.15
 622979413  6.01
 622980328  5.89
 622981304  5.77
 622982219  5.64
 622983134  5.54
 622984049  5.44
 622988750  5.32
 622989661  5.24
 622990576  5.11
 622991491  5.05
 622992467  4.93
 622993382  4.85
 622994297  4.76
 622995212  4.68
 622996188  4.60
 622997103  4.50
 622998018  4.44
 622998937  4.35
 622999909  4.28
 623000824  4.21
 623001739  4.16
 623002654  4.09
 623003630  4.01
 623004545  3.96
 623005460  3.89
 623006379  3.85
 623007351  3.78
 623008266  3.73
 623009181  3.66
 623010096  3.62
 623106066  5.09
 623106981  6.63
 623107957  6.47
 623108876  6.35
 623109787  6.20
 623110706  6.05
 623111678  5.93
 623112593  5.81
 623113508  5.68
 623114423  5.55
 623115399  5.44
 623116314  5.36
 623117229  5.22
 623118144  5.11
 623119124  5.04
 623120042  4.95
 623120954  4.82
 623121869  4.75
 623122845  4.66
 623123760  4.60
 623124675  4.50
 623125593  4.42
 623126566  4.35
 623127481  4.27
 623128396  4.21
 623129311  4.14
 623130287  4.08
 623131202  4.01
 623132117  3.93
 623133032  3.87
 623134022  3.80
 623134934  3.74
 623135849  3.68
 623136764  3.62
 623137736  3.57
 623138655  3.51
 623139570  3.43
 623140485  3.36
 623141464  3.32
 623142379  3.25
 623143291  3.22
 623144206  3.17
 623145185  3.11
 623146097  3.07
 623147012  3.01
 623147927  2.99
 623165800  6.96
 623166715  7.24
 623167691  7.12
 623168606  6.95
 623169521  6.81
 623170436  6.63
 623175133  6.49
 623176051  6.32
 623176970  6.19
 623177881  6.07
 623178857  5.94
 623179769  5.82
 623180684  5.70
 623181602  5.57
 623182575  5.46
 623183497  5.36
 623184405  5.26
 623185320  5.15
 623186296  5.07
 623187211  4.97
 623188122  4.89
 623189041  4.80
 623190017  4.69
 623190939  4.63
 623191847  4.56
 623192762  4.47
 623193738  4.39
 623194653  4.33
 623195568  4.27
 623196479  4.18
 623197459  4.12
 623198374  4.05
 623199292  4.00
 623200207  3.93
 623201183  3.88
 623202095  3.82
 623203010  3.76
 623203925  3.70
 623204901  3.66
 623205816  3.59
 623206731  3.54
 623207646  3.49
 623208625  3.44
 623209537  3.39
 623210452  3.35
 623211367  3.28
 623212343  3.25
 623213258  3.21
 623214173  3.14
 623215088  3.11
 623227227  5.46
 623228142  5.99
 623229057  6.09
 623229972  5.96
 623230948  5.82
 623231866  5.67
 623232778  5.54
 623233693  5.42
 623234672  5.26
 623235587  5.16
 623236499  5.05
 623237414  4.93
 623238390  4.84
 623239305  4.75
 623240220  4.66
 623241138  4.55
 623242111  4.46
 623243029  4.38
 623243941  4.30
 623244859  4.23
 623245832  4.14
 623246747  4.07
 623247665  4.00
 623248580  3.94
 623249553  3.88
 623250468  3.80
 623251386  3.75
 623252298  3.68
 623253274  3.62
 623254189  3.56
 623255104  3.50
 623256019  3.44
 623256998  3.40
 623257910  3.35
 623258832  3.30
 623259740  3.24
 623260719  3.20
 623261634  3.15
 623262546  3.10
 623263461  3.05
 623268168  3.01
 623269076  2.98
 623269991  2.93
 623270903  2.90
 623271882  2.84
 623272797  2.81
 623273709  2.77
 623274624  2.73
 623275603  2.70
 623276522  2.65
 623284872  7.42
 623285787  7.96
 623286763  7.81
 623287681  7.60
 623288596  7.41
 623289511  7.23
 623290487  7.06
 623291399  6.87
 623292314  6.70
 623293229  6.56
 623294205  6.39
 623295123  6.26
 623296035  6.08
 623296953  5.93
 623297926  5.84
 623298844  5.70
 623299756  5.59
 623300671  5.46
 623301647  5.37
 623302565  5.25
 623303477  5.15
 623304392  5.06
 623305368  4.98
 623306283  4.89
 623307198  4.80
 623308113  4.72
 623309089  4.64
 623310004  4.55
 623310915  4.49
 623311834  4.42
 623312810  4.34
 623313725  4.25
 623314640  4.18
 623315558  4.12
 623316534  4.07
 623317446  4.01
 623318368  3.93
 623319279  3.89
 623320252  3.81
 623321167  3.77
 623322085  3.70
 623323000  3.65
 623323976  3.58
 623324888  3.54
 623325803  3.48
 623326718  3.42
 623327694  3.38
 623328612  3.33
 623329527  3.28
 623330446  3.24
 623371370  8.85
 623372346  9.20
 623373261  8.88
 623374176  8.69
 623375091  8.49
 623376067  8.23
 623376978  8.04
 623377900  7.85
 623378819  7.66
 623379798  7.47
 623380703  7.28
 623381618  7.13
 623382533  6.94
 623383509  6.83
 623384424  6.68
 623385342  6.55
 623386254  6.39
 623387230  6.26
 623388148  6.15
 623389060  6.03
 623389978  5.93
 623390954  5.79
 623391866  5.70
 623392781  5.61
 623393699  5.50
 623394679  5.39
 623395587  5.32
 623396502  5.21
 623397420  5.12
 623398396  5.05
 623399308  4.97
 623400223  4.88
 623401138  4.79
 623402117  4.70
 623403029  4.64
 623403947  4.56
 623404859  4.49
 623405838  4.42
 623406750  4.35
 623407668  4.28
 623408583  4.23
 623409559  4.16
 623410471  4.12
 623411386  4.04
 623412301  3.98
 623413277  3.92
 623414192  3.87
 623415107  3.81
 623416022  3.75
 623416998  3.70
 623417913  3.66
 623418828  3.59
 623419743  3.56
 623420719  3.50
 623421634  3.46
 623422552  3.42
 623423471  3.36
 623424440  3.33
 623425355  3.29
 623426273  3.24
 623427185  3.20
 623428164  3.15
 623429079  3.11
 623429998  3.08
 623430909  3.03
 623447681  7.18
 623448596  8.31
 623449511  8.26
 623454211  8.07
 623455123  7.87
 623456038  7.68
 623456953  7.51
 623457936  7.30
 623458844  7.14
 623459759  7.01
 623460674  6.83
 623461653  6.67
 623462568  6.56
 623463483  6.44
 623464398  6.28
 623465371  6.16
 623466289  6.04
 623467204  5.93
 623468123  5.82
 623469092  5.72
 623470010  5.59
 623470922  5.49
 623471840  5.39
 623472816  5.32
 623473728  5.25
 623474643  5.14
 623475558  5.07
 623476537  4.98
 623477452  4.90
 623478364  4.81
 623479279  4.75
 623480255  4.68
 623481170  4.59
 623482088  4.52
 623483000  4.46
 623483979  4.38
 623484891  4.33
 623485813  4.25
 623486721  4.22
 623487700  4.14
 623488612  4.08
 623489527  4.03
 623490438  3.96
 623491421  3.93
 623492333  3.87
 623493248  3.81
 623494163  3.76
 623495139  3.70
 623496054  3.67
 623496972  3.61
 623497887  3.56
 623498863  3.52
 623499775  3.48
 623500693  3.42
 623501605  3.39
 623502581  3.35
 623503496  3.30
 623504418  3.25
 623505329  3.22
 623506302  3.17
 623507217  3.14
 623547236  9.24
 623548150  9.01
 623549066  8.76
 623549979  8.52
 623550959  8.26
 623551871  8.06
 623552786  7.81
 623553704  7.62
 623554677  7.44
 623555592  7.27
 623556507  7.09
 623557422  6.94
 623558398  6.77
 623559313  6.63
 623560231  2.26
 623561146  2.23
 623562120  1.25
 623563038  1.24
 623563950  1.21
 623564865  0.85
 623595609 11.35
 623596525 12.49
 623597439 12.16
 623598353 11.81
 623599330 11.46
 623600244 11.23
 623601159 10.90
 623602074 10.68
 623603051 10.43
 623603969 10.21
 623604882  9.94
 623605795  9.73
 623606772  9.53
 623607687  9.32
 623608602  9.12
 623609517  8.94
 623610496  8.75
 623611412  8.63
 623612324  8.41
 623613238  8.27
 623614214  8.11
 623615129  7.99
 623616045  7.83
 623616962  7.69
 623617938  7.54
 623618850  7.42
 623619765  7.29
 623620678  7.17
 623621656  7.06
 623622571  6.94
 623623486  6.83
 623624403  6.71
 623625380  6.62
 623626292  6.51
 623627210  6.39
 623628122  6.32
 623629098  6.20
 623630013  6.11
 623630929  6.00
 623631843  5.94
 623632820  5.84
 623633735  5.76
 623634649  5.67
 623635566  5.60
 623640260  5.51
 623641175  5.45
 623642096  5.36
 623643014  5.27
 623643981  5.22
 623644900  5.14
 623645811  5.07
 623646726  5.01
 623647704  4.94
 623648617  4.87
 623649534  4.81
 623650452  4.75
 623651424  4.67
 623652343  4.62
 623653258  4.56
 623654174  4.50
 623655145  4.44
 623656063  4.39
 623656976  4.33
 623657890  4.28
 623658865  4.23
 623659785  4.16
 623660699  4.12
 623661611  4.08
 623662587  4.01
 623663501  3.96
 623664417  3.92
 623665332  3.87
 623666308  3.82
 623667223  3.78
 623668137  3.73
 623669057  3.68
 623670028  3.65
 623670943  3.59
 623671860  3.56
 623672774  3.52
 623673753  3.48
 623674664  3.43
 623690463 11.82
 623691377 11.46
 623692354 11.16
 623693270 10.89
 623694184 10.63
 623695102 10.37
 623696075 10.15
 623696992  9.93
 623697906  9.73
 623698821  9.50
 623699797  9.30
 623700711  9.18
 623701627  8.93
 623702544  8.80
 623703519  8.62
 623704432  8.50
 623705349  8.33
 623706265  8.16
 623707240  8.01
 623708155  7.87
 623709069  7.73
 623709987  7.60
 623710963  7.49
 623711879  7.37
 623712791  7.22
 623713704  7.09
 623714681  7.00
 623715597  6.89
 623716510  6.75
 623717425  6.68
 623718401  6.56
 623719316  6.45
 623720231  6.36
 623721146  6.27
 623722127  6.16
 623723037  6.09
 623723954  5.99
 623724870  5.89
 623725844  5.81
 623726758  5.73
 623727673  5.64
 623728591  5.57
 623733287  5.51
 623734207  5.40
 623735116  5.35
 623736033  5.26
 623737006  5.20
 623737921  5.14
 623738836  5.07
 623739751  5.00
 623740727  4.94
 623741643  4.87
 623742558  4.80
 623743472  4.73
 623744461  4.68
 623745363  4.62
 623746279  4.57
 623747196  4.51
 623748171  4.46
 623749084  4.40
 623749999  4.35
 623750915  4.30
 623751890  4.24
 623752810  4.18
 623797457 13.36
 623798372 14.42
 623799287 14.02
 623800264 13.64
 623801179 13.32
 623802094 13.01
 623803009 12.71
 623803984 12.43
 623804901 12.14
 623805821 11.89
 623806732 11.59
 623807709 11.42
 623808620 11.16
 623809537 10.92
 623810453 10.68
 623811431 10.45
 623812345 10.25
 623813257 10.03
 623814171  9.83
 623815149  9.68
 623816062  9.47
 623816979  9.29
 623817896  9.14
 623818870  8.96
 623819788  8.80
 623820700  8.68
 623821613  8.52
 623826314  8.40
 623827228  8.23
 623828148  8.08
 623829059  7.94
 623830032  7.82
 623830949  7.69
 623831865  7.57
 623832779  7.46
 623833755  7.33
 623834667  7.22
 623835582  7.12
 623836501  6.99
 623837477  6.90
 623838392  6.77
 623839307  6.68
 623840218  6.58
 623841194  6.50
 623842109  6.38
 623843028  6.30
 623843942  6.20
 623844918  6.13
 623845833  6.03
 623846750  5.94
 623847664  5.84
 623848637  5.78
 623849552  5.67
 623850467  5.61
 623851384  5.52
 623852361  5.45
 623853276  5.36
 623854188  5.29
 623855106  5.22
 623866266  6.94
 623867241  6.82
 623868155  7.10
 623869071  2.89
 623869986  0.97
 623870963  0.95
 623871877  0.92
 623872794  0.89
 623873707  0.86
 623874683  0.85
 623875600  0.82
 623876514  0.78
 623877431  0.77
 623878406  0.75
 623879320  0.73
 623880236  0.71
 623881149  0.68
 623882134  0.67
 623883042  0.65
 623883956  0.64
 623884870  0.63
 623885847  0.61
 623886762  0.60
 623887678  0.18
 623888592  0.17
 623889568  0.17
 623890483  0.17
 623891399  0.16
 623892312  0.16
 623893288  0.16
 623894204  0.14
 623895119  0.14
 623896033  0.14
 623897010  0.14
 623897924  0.13
 623898844  0.13
 623899758  0.13
 623900731  0.12
 623901645  0.12
 623902561  0.11
 623903475  0.11
 623904452  0.12
 623905366  0.11
 623906285  0.10
 623907197  0.10
 623908176  0.10
 623909087  0.10
 623910003  0.10
 623910918  0.09
 623911895  0.10
 623912813  0.10
 623913724  0.09
 623914638  0.09
 623919336  0.09
 623920251  0.09
 623921174  0.08
 623922083  0.08
 623923056  0.08
 623923972  0.07
 623924890  0.08
 623925806  0.07
 623926778  0.08
 623927694  0.07
 623928608  0.07
 623929522  0.08
 623930502  0.07
 623931417  0.07
 623932328  0.06
 623933246  0.07
 623934219  0.07
 623935136  0.07
 623936053  0.07
 623936967  0.06
 623937940  0.06
 623938855  0.06
 623939770  0.07
 623940688  0.07
 623941670  0.06
 623942584  0.06
 623943500  0.06
 623944415  0.06
 623945391  0.06
 623946303  0.06
 623947218  0.06
 623948132  0.06
 623949264  0.06
 623950132  0.05
 623951051  0.06
 623951975  0.06
 623952942  0.05
 623953853  0.05
 623954771  0.05
 623955687  0.05
 623956664  0.05
 623957577  0.05
 623958493  0.05
 623959408  0.06
 623960384  0.06
 623961302  0.05
 623962210  0.05
 623963129  0.05
 623964104  0.05
 623965932  0.05
 623966849  0.05
 623967826  0.05
 623972462  0.05
 623973376  0.05
 623985454  4.12
 623986430  4.06
 623987342  1.95
 623988259  1.19
 623989174  0.83
 623990151  0.24
 623991066  0.20
 623991980  0.20
 623992893  0.18
 623993871  0.18
 623994787  0.17
 623995703  0.17
 623996618  0.17
 623997593  0.16
 623998508  0.16
 623999424  0.14
 624000337  0.14
 624001316  0.14
 624002226  0.15
 624003143  0.14
 624004056  0.13
 624005035  0.12
 624005949  0.13
 624006864  0.13
 624007785  0.12
 624012477  0.12
 624013393  0.12
 624014305  0.11
 624015223  0.11
 624016203  0.11
 624017115  0.10
 624018028  0.11
 624018944  0.10
 624019921  0.10
 624020837  0.09
 624021751  0.09
 624022664  0.09
 624023640  0.09
 624024562  0.09
 624025471  0.09
 624026387  0.09
 624027360  0.09
 624028278  0.09
 624029193  0.08
 624030106  0.08
 624031080  0.08
 624031997  0.07
 624032910  0.07
 624033828  0.08
 624034803  0.07
 624035716  0.07
 624036633  0.07
 624037549  0.07
 624038524  0.07
 624039436  0.06
 624040351  0.07
 624041270  0.06
 624042248  0.06
 624043160  0.06
 624044073  0.06
 624044990  0.06
 624045966  0.06
 624046879  0.06
 624047797  0.06
 624048711  0.06
 624049695  0.06
 624050605  0.06
 624051517  0.06
 624052430  0.06
 624053406  0.06
 624054325  0.06
 624055240  0.06
 624056154  0.06
 624057131  0.06
 624058046  0.06
 624058960  0.06
 624059875  0.05
 624060851  0.05
 624061770  0.05
 624062682  0.05
 624063596  0.06
 624064573  0.05
 624065486  0.05
 624066401  0.05
 624067317  0.05
 624068292  0.05
 624069221  0.05
 624070120  0.05
 624074757  0.05
 624133376  3.57
 624134292  1.91
 624135270  0.66
 624136187  0.62
 624137100  0.59
 624138013  0.56
 624138993  0.54
 624139908  0.51
 624140822  0.49
 624141737  0.48
 624142714  0.47
 624143628  0.45
 624144542  0.44
 624145455  0.17
 624146431  0.07
 624147349  0.06
 624148263  0.06
 624149179  0.06
 624150151  0.06
 624151071  0.06
 624151984  0.05
 624152897  0.05
 624153877  0.05
 624154792  0.06
 624155705  0.05
 624156620  0.05
 624158511  0.05
 624160341  0.05
 624245006  3.04
 624245930  1.34
 624246901  0.39
 624247813  0.66
 624248728  0.64
 624249646  0.62
 624250622  0.60
 624251539  0.59
 624252453  0.56
 624253372  0.53
 624254348  0.52
 624255259  0.51
 624256175  0.49
 624257088  0.48
 624258077  0.47
 624258988  0.45
 624259898  0.44
 624260819  0.43
 624261783  0.42
 624262701  0.40
 624263616  0.40
 624264532  0.40
 624265507  0.39
 624266426  0.38
 624267341  0.37
 624268255  0.36
 624269232  0.34
 624270142  0.34
 624271058  0.33
 624271973  0.33
 624272950  0.31
 624273864  0.31
 624274780  0.31
 624275695  0.30
 624276670  0.30
 624277590  0.29
 624278503  0.28
 624279415  0.28
 624280391  0.28
 624281306  0.27
 624282221  0.27
 624283136  0.27
 624284113  0.27
 624285028  0.25
 624285942  0.25
 624286856  0.24
 624291554  0.25
 624292470  0.25
 624293384  0.24
 624294300  0.24
 624295274  0.23
 624296190  0.23
 624297106  0.23
 624298019  0.22
 624298996  0.22
 624299912  0.22
 624300826  0.21
 624301742  0.21
 624302717  0.21
 624303631  0.20
 624304547  0.20
 624305461  0.19
 624306438  0.19
 624307356  0.19
 624308268  0.18
 624309182  0.19
 624310158  0.18
 624311074  0.17
 624311989  0.17
 624312904  0.18
 624313879  0.17
 624314795  0.17
 624315710  0.17
 624316624  0.17
 624317600  0.16
 624318517  0.16
 624319432  0.16
 624320346  0.16
 624331508 11.10
 624332482  8.31
 624333400  8.15
 624334315  8.01
 624335230  7.85
 624336206  6.22
 624337121  6.10
 624338036  6.03
 624338951  5.94
 624339927  5.87
 624340841  5.78
 624341757  5.74
 624342675  5.66
 624343648  5.59
 624344560  5.52
 624345475  5.46
 624346394  5.40
 624347369  5.35
 624348284  5.27
 624349199  5.25
 624350114  5.16
 624351090  5.11
 624352005  5.03
 624352920  5.00
 624353836  4.93
 624354811  4.89
 624355727  4.83
 624356641  4.78
 624357557  4.73
 624358535  4.68
 624359450  4.63
 624360363  4.58
 624361277  4.53
 624362253  4.48
 624363168  4.45
 624364083  4.39
 624364998  4.34
 624365974  4.30
 624366890  4.25
 624367804  4.21
 624368719  4.18
 624369696  4.14
 624370611  4.10
 624371525  4.06
 624372441  4.01
 624403183 14.53
 624404099 14.42
 624405013 14.06
 624405929 13.70
 624406908 13.37
 624407821 13.00
 624408741 12.71
 624409654 12.47
 624410627 12.15
 624411547 11.92
 624412456 11.62
 624413372 11.38
 624414347 11.11
 624415262 10.89
 624416178 10.68
 624417092 10.43
 624418068 10.20
 624418982 10.05
 624419898  9.82
 624420817  9.68
 624421792  9.47
 624422704  9.28
 624423622  9.11
 624424538  8.96
 624425510  8.77
 624426425  8.62
 624427340  8.48
 624428255  8.34
 624429231  8.18
 624430146  8.07
 624431061  7.92
 624431979  7.78
 624432952  7.66
 624433867  7.52
 624468271 11.57
 624469185 12.18
 624470162 12.62
 624471078 12.37
 624471991 12.03
 624472906 11.73
