 MOD DL       VSW     VHV    T0SW    T0HV
   0  0  -0.23737 0.23488   389.4   388.4
   0  1  -0.24113 0.23858   380.6   381.3
   0  2  -0.22832 0.22603   401.7   405.1
   0  3  -0.24157 0.23902   382.9   379.5
   0  4  -0.23757 0.23509   388.1   388.1
   0  5  -0.23193 0.22958   394.0   397.5
   0  6  -0.23032 0.22798   398.4   396.8
   0  7  -0.23843 0.23592   384.8   382.2
   1  0  -0.23396 0.23153   391.7   389.7
   1  1  -0.24240 0.23984   378.3   376.4
   1  2  -0.23273 0.23035   393.9   396.5
   1  3  -0.23225 0.22990   394.8   397.9
   1  4  -0.23206 0.22970   393.1   393.2
   1  5  -0.23804 0.23556   383.2   385.2
   1  6  -0.23490 0.23247   390.3   389.6
   1  7  -0.23532 0.23288   389.2   390.4
   2  0  -0.23613 0.23367   390.7   390.0
   2  1  -0.23495 0.23255   391.9   393.0
   2  2  -0.23477 0.23235   391.9   392.1
   2  3  -0.23060 0.22828   398.3   393.0
   2  4  -0.23613 0.23368   390.4   390.3
   2  5  -0.23987 0.23736   384.1   383.1
   2  6  -0.23295 0.23057   394.3   394.9
   2  7  -0.23825 0.23577   386.6   384.6
   3  0  -0.23224 0.22985   394.4   393.4
   3  1  -0.23263 0.23027   393.2   391.7
   3  2  -0.23318 0.23080   392.0   392.6
   3  3  -0.23276 0.23040   393.8   393.6
   3  4  -0.22225 0.22009   411.2   414.4
   3  5  -0.23652 0.23407   385.4   388.7
   3  6  -0.21945 0.21735   418.1   416.9
   3  7  -0.23772 0.23523   385.7   385.6
   4  0  -0.23840 0.23589   386.7   387.9
   4  1  -0.23318 0.23081   394.8   394.1
   4  2  -0.23596 0.23351   389.8   391.1
   4  3  -0.23245 0.23009   399.5   390.3
   4  4  -0.23590 0.23345   389.8   390.3
   4  5  -0.24047 0.23795   384.5   384.7
   4  6  -0.23927 0.23675   385.9   384.5
   4  7  -0.23629 0.23384   390.2   389.0
   5  0  -0.22736 0.22508   403.9   403.2
   5  1  -0.23511 0.23269   388.2   390.8
   5  2  -0.23495 0.23252   392.6   388.4
   5  3  -0.23907 0.23658   384.3   383.7
   5  4  -0.23218 0.22981   392.9   393.2
   5  5  -0.23734 0.23488   388.8   385.3
   5  6  -0.23127 0.22891   396.1   396.7
   5  7  -0.23767 0.23518   385.6   387.0
   6  0  -0.23465 0.23222   393.2   396.0
   6  1  -0.23728 0.23483   389.5   387.1
   6  2  -0.23155 0.22920   393.6   393.5
   6  3  -0.23396 0.23157   394.8   392.8
   6  4  -0.23561 0.23317   390.6   390.9
   6  5  -0.23386 0.23146   393.0   395.7
   6  6  -0.23202 0.22966   394.0   401.5
   6  7  -0.23781 0.23532   384.7   387.2
   7  0  -0.23334 0.23093   393.4   390.8
   7  1  -0.24234 0.23978   377.5   378.7
   7  2  -0.23632 0.23386   385.0   387.8
   7  3  -0.23171 0.22936   391.3   389.8
   7  4  -0.23633 0.23388   388.0   388.8
   7  5  -0.23825 0.23577   386.2   385.9
   7  6  -0.23806 0.23556   383.3   382.2
   7  7  -0.23963 0.23711   380.3   381.5
   8  0  -0.24038 0.23782   382.7   381.6
   8  1  -0.23489 0.23247   388.5   392.0
   8  2  -0.22213 0.21997   410.2   414.4
   8  3  -0.24249 0.23993   376.9   376.6
   8  4  -0.23925 0.23673   384.9   384.1
   8  5  -0.23244 0.23007   395.1   391.9
   8  6  -0.22416 0.22195   405.5   407.3
   8  7  -0.23622 0.23375   387.7   389.0
   9  0  -0.23709 0.23462   387.2   385.6
   9  1  -0.24193 0.23938   377.0   377.8
   9  2  -0.23847 0.23597   384.2   385.3
   9  3  -0.23858 0.23610   385.5   380.8
   9  4  -0.23481 0.23240   388.3   392.4
   9  5  -0.23735 0.23490   385.9   386.3
   9  6  -0.23544 0.23301   391.2   388.5
   9  7  -0.23710 0.23461   386.8   385.8
  10  0  -0.23173 0.22935   394.2   396.5
  10  1  -0.23879 0.23630   383.4   384.5
  10  2  -0.23346 0.23107   392.0   392.0
  10  3  -0.23112 0.22879   393.1   396.7
  10  4  -0.23591 0.23347   388.6   388.3
  10  5  -0.24352 0.24093   375.3   375.2
  10  6  -0.23751 0.23503   384.5   384.7
  10  7  -0.23421 0.23179   387.5   393.6
  11  0  -0.23449 0.23206   390.9   393.5
  11  1  -0.23981 0.23729   381.9   379.6
  11  2  -0.23485 0.23243   390.0   388.7
  11  3  -0.23922 0.23672   382.4   380.7
  11  4  -0.23799 0.23551   384.5   386.5
  11  5  -0.22228 0.22011   412.2   412.2
  11  6  -0.23840 0.23590   386.1   385.0
  11  7  -0.23170 0.22932   395.8   388.3
  12  0  -0.23093 0.22857   397.8   395.5
  12  1  -0.22242 0.22025   408.4   413.7
  12  2  -0.22868 0.22639   402.0   398.4
  12  3  -0.24027 0.23775   380.0   379.0
  12  4  -0.23522 0.23279   391.1   390.5
  12  5  -0.23312 0.23074   391.6   392.7
  12  6  -0.23695 0.23448   382.1   388.6
  12  7  -0.23775 0.23527   383.6   385.2
  13  0  -0.22917 0.22686   400.0   399.9
  13  1  -0.23642 0.23398   384.5   385.7
  13  2  -0.23491 0.23248   391.0   390.1
  13  3  -0.23927 0.23677   379.9   384.2
  13  4  -0.23995 0.23742   381.6   382.8
  13  5  -0.23894 0.23645   382.5   383.9
  13  6  -0.23400 0.23158   392.0   391.7
  13  7  -0.23016 0.22781   396.5   395.4
  14  0  -0.22984 0.22751   393.8   400.4
  14  1  -0.23385 0.23146   392.9   391.7
  14  2  -0.22277 0.22060   412.7   411.6
  14  3  -0.23542 0.23299   388.6   387.2
  14  4  -0.23929 0.23677   380.5   381.0
  14  5  -0.23217 0.22982   391.7   396.6
  14  6  -0.23738 0.23491   384.0   386.1
  14  7  -0.22836 0.22605   398.2   398.4
  15  0  -0.23270 0.23031   396.6   393.3
  15  1  -0.23350 0.23112   392.0   386.7
  15  2  -0.23155 0.22920   396.5   397.1
  15  3  -0.23358 0.23119   393.7   392.0
  15  4  -0.23743 0.23495   386.9   385.4
  15  5  -0.22974 0.22743   398.9   401.0
  15  6  -0.23915 0.23664   381.7   383.7
  15  7  -0.23058 0.22824   395.1   396.8
  16  0  -0.22798 0.22567   401.1   402.0
  16  1  -0.23394 0.23155   388.3   391.1
  16  2  -0.24076 0.23822   376.8   377.9
  16  3  -0.24002 0.23750   377.5   378.0
  16  4  -0.23478 0.23235   390.4   395.3
  16  5  -0.23905 0.23656   383.9   382.5
  16  6  -0.22509 0.22286   402.2   404.3
  16  7  -0.23627 0.23382   386.9   385.9
  17  0  -0.23106 0.22870   396.3   398.3
  17  1  -0.23742 0.23496   383.9   386.0
  17  2  -0.22269 0.22051   411.2   413.8
  17  3  -0.22379 0.22160   410.2   411.5
  17  4  -0.23785 0.23536   386.2   386.9
  17  5  -0.23729 0.23483   386.5   386.5
  17  6  -0.24069 0.23814   381.6   381.4
  17  7  -0.23101 0.22866   401.4   393.3
  18  0  -0.23682 0.23435   386.2   386.3
  18  1  -0.23606 0.23363   389.2   385.6
  18  2  -0.23804 0.23554   384.7   384.6
  18  3  -0.24122 0.23867   379.3   379.0
  18  4  -0.23879 0.23629   383.3   383.4
  18  5  -0.24525 0.24262   373.6   372.5
  18  6  -0.23843 0.23594   383.1   381.0
  18  7  -0.23597 0.23352   385.4   387.9
  19  0  -0.23548 0.23303   389.6   388.6
  19  1  -0.23580 0.23336   387.3   389.5
  19  2  -0.23941 0.23690   383.5   383.2
  19  3  -0.23886 0.23636   382.6   381.8
  19  4  -0.23890 0.23639   383.8   383.7
  19  5  -0.24327 0.24070   378.1   378.2
  19  6  -0.23992 0.23738   381.9   381.8
  19  7  -0.23804 0.23553   383.3   385.8
  20  0  -0.23011 0.22775   404.4   395.1
  20  1  -0.23834 0.23586   382.4   382.7
  20  2  -0.21674 0.21469   417.9   422.1
  20  3  -0.23257 0.23020   390.9   388.3
  20  4  -0.23544 0.23300   387.5   388.3
  20  5  -0.23226 0.22991   397.0   394.9
  20  6  -0.23843 0.23593   381.9   381.6
  20  7  -0.23197 0.22959   395.8   391.2
  21  0  -0.23939 0.23686   381.7   383.9
  21  1  -0.23754 0.23507   384.2   385.5
  21  2  -0.23320 0.23081   394.1   391.5
  21  3  -0.23681 0.23436   383.4   385.1
  21  4  -0.23749 0.23502   388.0   385.1
  21  5  -0.23673 0.23429   388.4   387.5
  21  6  -0.23137 0.22901   397.2   396.0
  21  7  -0.23530 0.23286   389.9   388.9
  22  0  -0.23556 0.23311   390.6   389.6
  22  1  -0.23461 0.23220   389.9   388.2
  22  2  -0.23971 0.23718   379.9   379.5
  22  3  -0.23234 0.22998   392.9   392.7
  22  4  -0.23803 0.23553   382.4   385.3
  22  5  -0.22495 0.22274   403.6   405.4
  22  6  -0.23367 0.23127   390.6   391.0
  22  7  -0.23699 0.23451   384.9   383.5
  23  0  -0.23262 0.23023   393.6   393.4
  23  1  -0.23832 0.23584   384.2   382.5
  23  2  -0.23857 0.23608   388.3   388.2
  23  3  -0.23915 0.23667   383.8   384.5
  23  4  -0.22873 0.22643   397.0   403.7
  23  5  -0.23783 0.23536   384.5   386.6
  23  6  -0.23864 0.23614   386.9   385.2
  23  7  -0.24099 0.23844   382.4   380.7
  24  0  -0.23923 0.23671   385.9   386.8
  24  1  -0.23822 0.23574   383.0   388.3
  24  2  -0.23188 0.22942   396.6   398.1
  24  3  -0.22956 0.22726   398.9   399.9
  24  4  -0.23300 0.23062   394.3   396.0
  24  5  -0.24434 0.24175   377.9   378.5
  24  6  -0.23856 0.23607   386.0   385.1
  24  7  -0.23085 0.22852   396.4   396.9
  25  0  -0.23540 0.23294   390.3   387.7
  25  1  -0.24143 0.23889   380.3   382.1
  25  2  -0.23330 0.23090   390.6   394.1
  25  3  -0.24100 0.23847   380.7   378.9
  25  4  -0.23295 0.23056   388.9   388.5
  25  5  -0.23298 0.23061   394.1   393.6
  25  6  -0.23446 0.23204   395.8   394.1
  25  7  -0.23239 0.23002   393.7   396.7
  26  0  -0.23596 0.23349   395.3   394.4
  26  1  -0.23579 0.23336   395.3   398.9
  26  2  -0.23484 0.23242   390.6   391.7
  26  3  -0.23667 0.23422   389.5   387.5
  26  4  -0.23810 0.23561   382.9   384.0
  26  5  -0.24457 0.24195   372.9   373.0
  26  6  -0.23955 0.23703   385.2   383.9
  26  7  -0.23792 0.23545   386.0   385.4
  27  0  -0.23458 0.23214   390.7   390.2
  27  1  -0.24364 0.24105   376.5   374.4
  27  2  -0.22918 0.22689   403.9   397.4
  27  3  -0.23902 0.23653   384.1   382.8
  27  4  -0.24036 0.23782   382.0   381.2
  27  5  -0.23806 0.23558   385.9   383.8
  27  6  -0.23947 0.23695   382.3   386.2
  27  7  -0.23827 0.23576   385.7   392.1
  28  0  -0.23608 0.23362   390.9   387.9
  28  1  -0.23615 0.23372   394.4   387.8
  28  2  -0.24234 0.23976   382.2   382.5
  28  3  -0.23743 0.23496   387.4   391.5
  28  4  -0.23827 0.23577   390.1   391.1
  28  5  -0.23820 0.23572   389.4   387.0
  28  6  -0.23872 0.23622   386.3   384.5
  28  7  -0.23486 0.23243   394.1   396.2
  29  0  -0.23797 0.23545   386.0   384.0
  29  1  -0.23998 0.23746   381.6   386.6
  29  2  -0.23417 0.23177   392.6   393.0
  29  3  -0.24150 0.23895   380.8   376.2
  29  4  -0.24040 0.23786   381.9   385.3
  29  5  -0.23972 0.23722   385.5   386.5
  29  6  -0.23137 0.22900   393.9   392.7
  29  7  -0.23287 0.23048   392.4   389.0
  30  0  -0.23321 0.23082   394.1   392.4
  30  1  -0.23091 0.22858   395.1   401.2
  30  2  -0.23957 0.23705   384.7   382.4
  30  3  -0.23487 0.23246   398.6   392.2
  30  4  -0.23422 0.23181   389.6   389.3
  30  5  -0.24117 0.23864   381.0   384.4
  30  6  -0.23491 0.23247   390.4   390.1
  30  7  -0.24081 0.23825   381.0   380.3
  31  0  -0.23258 0.23019   391.3   394.7
  31  1  -0.23887 0.23639   383.3   379.5
  31  2  -0.23283 0.23044   395.5   394.0
  31  3  -0.23831 0.23581   383.5   385.6
  31  4  -0.23638 0.23394   385.3   385.2
  31  5  -0.23622 0.23378   385.3   391.0
  31  6  -0.23784 0.23536   384.0   386.1
  31  7  -0.23778 0.23529   383.4   386.5
