 MOD DL       VSW     VHV    T0SW    T0HV 
   0  0  -0.24058 0.23678   379.2   372.1
   0  1  -0.24142 0.23759   377.2   372.2
   0  2  -0.22865 0.22522   397.5   393.2
   0  3  -0.24103 0.23721   380.2   371.6
   0  4  -0.23896 0.23522   381.8   374.8
   0  5  -0.23233 0.22878   390.1   386.4
   0  6  -0.23127 0.22776   394.4   388.6
   0  7  -0.24035 0.23656   379.1   372.0
   1  0  -0.23614 0.23248   386.1   378.3
   1  1  -0.24199 0.23815   377.0   370.4
   1  2  -0.23373 0.23014   389.4   385.6
   1  3  -0.23155 0.22803   392.8   388.9
   1  4  -0.23349 0.22991   388.4   383.9
   1  5  -0.23812 0.23439   382.0   377.6
   1  6  -0.23585 0.23220   385.9   381.1
   1  7  -0.23727 0.23357   383.2   378.7
   2  0  -0.23850 0.23477   382.5   375.6
   2  1  -0.23389 0.23030   388.3   384.2
   2  2  -0.23580 0.23215   385.8   380.6
   2  3  -0.23088 0.22738   394.5   385.1
   2  4  -0.23714 0.23345   384.4   378.3
   2  5  -0.23958 0.23582   380.0   373.1
   2  6  -0.23376 0.23017   388.9   384.4
   2  7  -0.23887 0.23513   380.8   373.2
   3  0  -0.23454 0.23093   388.3   381.3
   3  1  -0.23230 0.22876   391.9   385.7
   3  2  -0.23349 0.22991   388.8   385.9
   3  3  -0.23288 0.22932   392.1   385.3
   3  4  -0.22270 0.21944   408.3   403.1
   3  5  -0.23672 0.23305   383.7   380.4
   3  6  -0.21962 0.21645   414.0   409.3
   3  7  -0.23904 0.23529   380.6   374.8
   4  0  -0.24108 0.23726   378.0   371.4
   4  1  -0.23310 0.22953   389.4   383.5
   4  2  -0.23696 0.23327   383.5   378.8
   4  3  -0.23240 0.22885   394.7   381.1
   4  4  -0.23675 0.23307   383.8   378.5
   4  5  -0.24009 0.23630   379.3   374.1
   4  6  -0.24040 0.23661   379.3   373.2
   4  7  -0.23724 0.23355   384.1   376.7
   5  0  -0.22907 0.22563   398.1   391.6
   5  1  -0.23487 0.23125   386.1   382.8
   5  2  -0.23612 0.23246   387.0   378.4
   5  3  -0.23864 0.23490   381.6   375.9
   5  4  -0.23328 0.22971   390.2   382.8
   5  5  -0.23659 0.23292   385.9   377.6
   5  6  -0.23314 0.22957   389.3   385.7
   5  7  -0.23876 0.23502   380.7   374.8
   6  0  -0.23624 0.23258   384.7   381.0
   6  1  -0.23696 0.23328   384.3   378.3
   6  2  -0.23242 0.22888   392.0   386.2
   6  3  -0.23377 0.23019   389.6   382.7
   6  4  -0.23636 0.23269   384.1   378.6
   6  5  -0.23407 0.23048   387.8   383.6
   6  6  -0.23245 0.22890   389.1   390.3
   6  7  -0.23910 0.23535   378.2   374.6
   7  0  -0.23555 0.23191   386.7   379.0
   7  1  -0.24175 0.23792   374.5   371.6
   7  2  -0.23752 0.23382   382.4   378.3
   7  3  -0.23162 0.22810   391.1   384.1
   7  4  -0.23715 0.23346   383.2   378.4
   7  5  -0.23771 0.23400   382.8   377.0
   7  6  -0.23941 0.23565   379.9   373.9
   7  7  -0.24077 0.23697   377.2   371.2
   8  0  -0.24349 0.23960   374.1   368.3
   8  1  -0.23435 0.23075   385.9   385.4
   8  2  -0.22215 0.21891   407.4   405.9
   8  3  -0.24246 0.23860   376.3   369.5
   8  4  -0.24016 0.23637   380.4   373.6
   8  5  -0.23240 0.22885   392.1   384.9
   8  6  -0.22544 0.22210   402.9   399.7
   8  7  -0.23785 0.23414   383.0   377.0
   9  0  -0.23921 0.23546   381.9   374.8
   9  1  -0.24112 0.23731   377.7   372.6
   9  2  -0.23955 0.23579   379.4   374.6
   9  3  -0.23857 0.23484   382.8   373.5
   9  4  -0.23576 0.23211   385.8   382.5
   9  5  -0.23667 0.23300   385.0   380.3
   9  6  -0.23659 0.23292   385.9   379.9
   9  7  -0.23859 0.23486   382.0   374.7
  10  0  -0.23401 0.23041   387.8   383.8
  10  1  -0.23832 0.23460   380.2   378.0
  10  2  -0.23419 0.23059   389.9   383.5
  10  3  -0.23107 0.22756   393.2   388.9
  10  4  -0.23627 0.23260   384.9   380.1
  10  5  -0.24317 0.23929   374.1   368.2
  10  6  -0.23867 0.23493   380.6   376.9
  10  7  -0.23581 0.23216   383.4   382.2
  11  0  -0.23642 0.23275   384.9   380.2
  11  1  -0.23988 0.23610   379.4   373.4
  11  2  -0.23550 0.23186   385.9   379.0
  11  3  -0.23900 0.23526   381.4   372.9
  11  4  -0.23882 0.23508   381.1   376.3
  11  5  -0.22149 0.21827   410.7   404.7
  11  6  -0.23928 0.23553   380.9   375.1
  11  7  -0.23479 0.23117   390.0   378.8
  12  0  -0.23271 0.22915   392.2   383.8
  12  1  -0.22170 0.21847   407.8   407.2
  12  2  -0.22919 0.22574   399.1   390.5
  12  3  -0.24063 0.23683   378.9   371.9
  12  4  -0.23591 0.23225   385.5   381.2
  12  5  -0.23289 0.22933   390.8   385.5
  12  6  -0.23820 0.23448   380.2   381.9
  12  7  -0.23886 0.23512   380.2   375.8
  13  0  -0.23003 0.22656   398.5   386.6
  13  1  -0.23644 0.23277   383.2   379.9
  13  2  -0.23570 0.23205   385.9   380.7
  13  3  -0.23891 0.23516   380.0   376.5
  13  4  -0.24034 0.23655   379.2   373.5
  13  5  -0.23885 0.23510   380.8   376.3
  13  6  -0.23514 0.23151   387.2   383.2
  13  7  -0.23246 0.22891   391.3   384.0
  14  0  -0.23224 0.22870   388.8   387.5
  14  1  -0.23351 0.22993   389.6   385.4
  14  2  -0.22287 0.21960   409.4   402.2
  14  3  -0.23547 0.23183   386.2   379.4
  14  4  -0.24020 0.23642   378.7   373.4
  14  5  -0.23176 0.22823   390.8   390.0
  14  6  -0.23850 0.23477   381.0   377.2
  14  7  -0.23045 0.22696   392.9   387.1
  15  0  -0.23464 0.23102   389.8   381.3
  15  1  -0.23309 0.22953   388.1   382.1
  15  2  -0.23277 0.22921   390.3   386.4
  15  3  -0.23329 0.22972   390.6   380.3
  15  4  -0.23838 0.23465   382.9   374.9
  15  5  -0.22885 0.22541   396.1   392.5
  15  6  -0.24035 0.23656   377.3   374.5
  15  7  -0.23192 0.22839   391.6   385.8
  16  0  -0.23050 0.22701   394.7   389.3
  16  1  -0.23358 0.23000   387.6   384.5
  16  2  -0.24141 0.23758   376.6   372.2
  16  3  -0.24067 0.23687   377.4   372.3
  16  4  -0.23591 0.23225   386.1   383.2
  16  5  -0.23844 0.23471   382.2   375.7
  16  6  -0.22664 0.22327   399.4   396.8
  16  7  -0.23755 0.23385   383.3   376.2
  17  0  -0.23301 0.22945   391.3   385.9
  17  1  -0.23702 0.23334   381.8   379.1
  17  2  -0.22343 0.22015   406.3   402.4
  17  3  -0.22344 0.22016   407.3   402.6
  17  4  -0.23860 0.23487   382.4   376.7
  17  5  -0.23629 0.23263   384.2   380.0
  17  6  -0.24213 0.23828   376.6   372.0
  17  7  -0.23283 0.22927   394.6   381.1
  18  0  -0.23874 0.23500   382.4   375.6
  18  1  -0.23551 0.23187   387.3   380.3
  18  2  -0.23906 0.23531   382.0   376.1
  18  3  -0.24078 0.23698   378.7   373.3
  18  4  -0.24015 0.23636   379.5   373.3
  18  5  -0.24512 0.24118   371.8   366.6
  18  6  -0.23949 0.23572   381.2   374.4
  18  7  -0.23763 0.23392   382.7   377.4
  19  0  -0.23789 0.23418   383.2   376.3
  19  1  -0.23580 0.23215   385.3   381.3
  19  2  -0.24023 0.23644   378.9   374.4
  19  3  -0.23874 0.23500   381.3   375.1
  19  4  -0.23979 0.23602   381.2   373.9
  19  5  -0.24169 0.23785   376.4   371.6
  19  6  -0.24111 0.23729   378.3   372.7
  19  7  -0.24017 0.23639   378.1   373.8
  20  0  -0.23355 0.22997   390.0   383.5
  20  1  -0.23803 0.23431   382.4   376.6
  20  2  -0.21693 0.21384   417.3   414.8
  20  3  -0.23247 0.22893   392.3   383.0
  20  4  -0.23651 0.23284   384.6   379.4
  20  5  -0.23131 0.22780   394.9   387.0
  20  6  -0.23966 0.23589   379.6   374.7
  20  7  -0.23334 0.22976   392.6   383.2
  21  0  -0.24153 0.23770   376.8   371.8
  21  1  -0.23777 0.23406   382.1   378.2
  21  2  -0.23486 0.23124   388.4   382.0
  21  3  -0.23647 0.23280   383.9   378.5
  21  4  -0.23830 0.23457   383.8   375.2
  21  5  -0.23593 0.23228   385.9   379.9
  21  6  -0.23334 0.22977   391.9   385.4
  21  7  -0.23633 0.23267   385.8   378.6
  22  0  -0.23732 0.23363   384.5   378.0
  22  1  -0.23413 0.23053   388.1   382.2
  22  2  -0.24064 0.23684   378.3   372.4
  22  3  -0.23201 0.22847   393.7   387.2
  22  4  -0.23921 0.23545   381.1   374.9
  22  5  -0.22442 0.22111   403.9   400.7
  22  6  -0.23462 0.23101   388.5   384.0
  22  7  -0.23867 0.23493   381.6   375.8
  23  0  -0.23451 0.23090   388.1   382.0
  23  1  -0.23812 0.23440   382.4   376.5
  23  2  -0.23866 0.23492   381.7   377.1
  23  3  -0.23821 0.23449   385.7   372.3
  23  4  -0.23018 0.22670   393.0   392.8
  23  5  -0.23673 0.23305   383.3   380.3
  23  6  -0.23985 0.23608   379.1   374.5
  23  7  -0.24249 0.23863   374.8   368.0
  24  0  -0.24124 0.23742   377.5   372.2
  24  1  -0.23721 0.23352   378.8   382.0
  24  2  -0.23366 0.22986   374.8   376.4
  24  3  -0.22866 0.22523   397.6   391.7
  24  4  -0.23416 0.23056   388.5   383.2
  24  5  -0.24309 0.23922   374.1   369.8
  24  6  -0.23895 0.23520   381.8   375.5
  24  7  -0.23173 0.22821   391.2   384.6
  25  0  -0.23817 0.23445   382.4   374.1
  25  1  -0.24039 0.23659   378.1   374.3
  25  2  -0.23433 0.23072   386.7   383.3
  25  3  -0.24037 0.23658   380.0   372.0
  25  4  -0.23400 0.23040   389.0   382.3
  25  5  -0.23193 0.22840   391.1   385.2
  25  6  -0.23609 0.23243   385.6   380.3
  25  7  -0.23276 0.22920   389.1   385.9
  26  0  -0.23827 0.23455   382.8   375.4
  26  1  -0.23505 0.23142   385.9   384.7
  26  2  -0.23569 0.23204   385.2   381.6
  26  3  -0.23658 0.23290   384.2   377.6
  26  4  -0.23962 0.23585   379.7   374.9
  26  5  -0.24356 0.23966   374.0   368.8
  26  6  -0.24098 0.23717   378.5   372.6
  26  7  -0.23944 0.23567   380.5   373.4
  27  0  -0.23660 0.23293   384.6   378.6
  27  1  -0.24319 0.23931   375.2   369.0
  27  2  -0.22989 0.22642   398.8   387.9
  27  3  -0.23865 0.23491   381.5   375.1
  27  4  -0.24141 0.23759   378.3   371.8
  27  5  -0.23756 0.23386   383.3   376.8
  27  6  -0.24061 0.23681   377.7   373.0
  27  7  -0.24037 0.23658   378.5   372.6
  28  0  -0.23868 0.23494   381.6   375.9
  28  1  -0.23566 0.23201   387.1   379.5
  28  2  -0.24314 0.23926   374.4   368.8
  28  3  -0.23734 0.23364   382.8   378.0
  28  4  -0.23934 0.23558   381.8   374.0
  28  5  -0.23752 0.23382   383.1   378.3
  28  6  -0.23991 0.23613   380.0   374.3
  28  7  -0.23647 0.23280   384.4   379.6
  29  0  -0.24092 0.23711   378.1   372.1
  29  1  -0.23967 0.23590   379.4   376.1
  29  2  -0.23472 0.23110   388.0   382.5
  29  3  -0.24085 0.23704   379.0   371.3
  29  4  -0.24168 0.23785   376.7   371.2
  29  5  -0.23840 0.23467   383.5   377.2
  29  6  -0.23353 0.22995   389.7   385.0
  29  7  -0.23494 0.23132   387.3   381.7
  30  0  -0.23552 0.23188   386.9   379.5
  30  1  -0.23056 0.22707   391.5   391.1
  30  2  -0.24025 0.23647   378.7   374.3
  30  3  -0.23433 0.23072   390.3   381.2
  30  4  -0.23518 0.23155   386.4   381.7
  30  5  -0.24019 0.23641   378.0   374.8
  30  6  -0.23627 0.23261   386.0   379.6
  30  7  -0.24260 0.23874   376.2   367.8
  31  0  -0.23508 0.23145   387.0   381.8
  31  1  -0.23797 0.23425   383.4   377.1
  31  2  -0.23379 0.23020   391.5   383.2
  31  3  -0.23858 0.23484   381.5   375.7
  31  4  -0.23711 0.23342   383.2   378.1
  31  5  -0.23573 0.23209   385.1   382.7
  31  6  -0.23925 0.23549   379.9   377.3
  31  7  -0.23952 0.23575   379.4   375.2

