 Module   5                   
  Ser.|Mod.|Lay.|Dll.|  Windin| Impedance
 -----------------------------
 999|   5|   0|   0|  0.0000|  2.3850|   1398.7380
 317|   5|   0|   7|269.1600|  2.3780|   1412.7950
 326|   5|   1|   0|270.6644|  2.3600|   1404.6250
 346|   5|   1|   7|274.2857|  2.3630|   1433.8610
 336|   5|   2|   0|275.8621|  2.3840|   1426.1390
 364|   5|   2|   7|266.6182|  2.3870|   1391.7610
 160|   5|   3|   0|265.0000|  2.3680|   1397.3400
 330|   5|   3|   7|275.2628|  2.3820|   1427.2800
 Module   6                   
  Ser.|Mod.|Lay.|Dll.|  Windin| Impedance
 -----------------------------
 322|   6|   0|   0|280.0392|  2.3820|   1421.2980
 320|   6|   0|   7|272.4564|  2.4300|   1424.1429
 352|   6|   1|   0|282.2743|  2.3800|   1408.0000
 353|   6|   1|   7|281.1166|  2.3860|   1433.0010
 355|   6|   2|   0|273.2673|  2.3750|   1435.0090
 332|   6|   2|   7|273.5727|  2.3400|   1380.6710
 375|   6|   3|   0|267.5585|  2.3400|   1394.5480
 376|   6|   3|   7|  0.0000|  2.4170|   1436.1570
 Module   7                   
  Ser.|Mod.|Lay.|Dll.|  Windin| Impedance
 -----------------------------
 376|   7|   0|   0|  0.0000|  2.4000|   1433.8610
 374|   7|   0|   7|264.0264|  2.3850|   1396.2220
 232|   7|   1|   0|268.0000|  2.3280|   1413.9260
 999|   7|   1|   7|  0.0000|  2.3990|   1415.3409
  85|   7|   2|   0|267.0000|  2.3420|   1406.0300
 319|   7|   2|   7|265.7217|  2.3960|   1384.2660
 174|   7|   3|   0|263.0000|  2.3640|   1375.7090
 359|   7|   3|   7|276.5420|  2.3810|   1438.4570
 Module   8                   
  Ser.|Mod.|Lay.|Dll.|  Windin| Impedance
 -----------------------------
 999|   8|   0|   0|  0.0000|  2.3690|   1388.7030
 999|   8|   0|   7|  0.0000|  2.3370|   1411.1010
 999|   8|   1|   0|  0.0000|  2.3720|   1392.5970
 999|   8|   1|   7|  0.0000|  2.3890|   1409.6910
 999|   8|   2|   0|  0.0000|  2.3820|   1413.9260
 999|   8|   2|   7|  0.0000|  2.4310|   1419.3090
 999|   8|   3|   0|  0.0000|  2.3760|   1383.1591
 999|   8|   3|   7|  0.0000|  2.3580|   1433.0010
 Module   9                   
  Ser.|Mod.|Lay.|Dll.|  Windin| Impedance
 -----------------------------
 999|   9|   0|   0|  0.0000|  2.3600|   1409.1270
 999|   9|   0|   7|  0.0000|  2.3400|   1406.0300
 151|   9|   1|   0|263.0000|  2.3830|   1388.4250
 999|   9|   1|   7|  0.0000|  2.3690|   1404.9060
 357|   9|   2|   0|276.8784|  2.3790|   1429.5649
 362|   9|   2|   7|268.7320|  2.3980|   1409.4091
 350|   9|   3|   0|275.8621|  2.3920|   1419.0260
 345|   9|   3|   7|279.8958|  2.3830|   1448.2729
 Module  10                   
  Ser.|Mod.|Lay.|Dll.|  Windin| Impedance
 -----------------------------
 257|  10|   0|   0|  0.0000|  2.3040|   1408.0000
  94|  10|   0|   7|269.0000|  2.3550|   1411.1010
 999|  10|   1|   0|  0.0000|  2.3630|   1382.3290
 155|  10|   1|   7|268.0000|  2.3540|   1397.3400
 109|  10|   2|   0|263.0000|  2.3880|   1405.1870
 360|  10|   2|   7|269.9764|  2.3780|   1408.5630
 245|  10|   3|   0|  0.0000|  2.2830|   1379.0150
 999|  10|   3|   7|  0.0000|  2.3370|   1422.4351
 Module  11                   
  Ser.|Mod.|Lay.|Dll.|  Windin| Impedance
 -----------------------------
 278|  11|   0|   0|  0.0000|  2.3170|   1388.7030
 345|  11|   0|   7|279.8958|  2.3610|   1404.0630
 307|  11|   1|   0|290.0917|  2.1540|   1385.3740
 354|  11|   1|   7|269.3069|  2.3070|   1417.3230
 334|  11|   2|   0|270.4595|  2.3470|   1412.5129
 273|  11|   2|   7|  0.0000|  2.2950|   1440.7610
 999|  11|   3|   0|  0.0000|  2.3780|   1379.8430
 268|  11|   3|   7|  0.0000|  2.3150|   1420.4449
 Module  12                   
  Ser.|Mod.|Lay.|Dll.|  Windin| Impedance
 -----------------------------
 369|  12|   0|   0|268.8859|  2.3960|   1405.1870
 999|  12|   0|   7|  0.0000|  2.3590|   1435.5830
 999|  12|   1|   0|  0.0000|  2.3300|   1400.4170
 231|  12|   1|   7|267.3000|  2.3460|   1413.0780
 325|  12|   2|   0|316.3711|  2.3640|   1408.0000
 314|  12|   2|   7|278.8732|  2.3410|   1385.6510
 248|  12|   3|   0|  0.0000|  2.3160|   1426.7090
 999|  12|   3|   7|  0.0000|  2.3450|   1402.0990
 Module  13                   
  Ser.|Mod.|Lay.|Dll.|  Windin| Impedance
 -----------------------------
 134|  13|   0|   0|265.0000|  2.3780|   1402.6600
 203|  13|   0|   7|274.0000|  2.3180|   1451.1740
 999|  13|   1|   0|  0.0000|  2.3030|   1412.2300
 116|  13|   1|   7|264.0000|  2.3830|   1372.9600
 122|  13|   2|   0|268.0000|  2.3400|   1374.6090
 246|  13|   2|   7|  0.0000|  2.3110|   1414.2090
 250|  13|   3|   0|  0.0000|  2.3070|   1392.0400
 999|  13|   3|   7|  0.0000|  2.3790|   1392.8750
 Module  14                   
  Ser.|Mod.|Lay.|Dll.|  Windin| Impedance
 -----------------------------
 999|  14|   0|   0|  0.0000|  2.3550|   1390.3700
 177|  14|   0|   7|270.0000|  2.3230|   1421.8660
 999|  14|   1|   0|  0.0000|  2.3870|   1372.6851
 252|  14|   1|   7|  0.0000|  2.3020|   1394.8270
 999|  14|   2|   0|  0.0000|  2.3730|   1387.0370
 204|  14|   2|   7|269.0000|  2.2270|   1373.5090
 999|  14|   3|   0|  0.0000|  2.3280|   1412.5129
 999|  14|   3|   7|  0.0000|  2.3680|   1419.0260
 Module  15                   
  Ser.|Mod.|Lay.|Dll.|  Windin| Impedance
 -----------------------------
 192|  15|   0|   0|267.0000|  2.3270|   1399.0170
 323|  15|   0|   7|274.5229|  2.3630|   1403.7820
 342|  15|   1|   0|267.2454|  2.3680|   1395.6639
 999|  15|   1|   7|  0.0000|  2.2770|   1258.9189
 999|  15|   2|   0|  0.0000|  2.2840|   1438.1689
 186|  15|   2|   7|271.0000|  2.3490|   1413.0780
 999|  15|   3|   0|  0.0000|  2.3800|   1404.6250
 140|  15|   3|   7|263.0000|  2.4050|   1418.1740
 Module  16                   
  Ser.|Mod.|Lay.|Dll.|  Windin| Impedance
 -----------------------------
 363|  16|   0|   0|269.7368|  2.3930|   1433.2870
 145|  16|   0|   7|263.0000|  2.4010|   1394.5480
 377|  16|   1|   0|268.0272|  2.4000|   1406.5930
 267|  16|   1|   7|  0.0000|  2.2690|   1427.2800
 111|  16|   2|   0|269.0000|  2.3230|   1423.2889
 372|  16|   2|   7|271.4754|  2.4110|   1415.6240
 343|  16|   3|   0|267.9934|  2.3710|   1396.5020
 209|  16|   3|   7|271.0000|  2.3000|   1397.0601
 Module  17                   
  Ser.|Mod.|Lay.|Dll.|  Windin| Impedance
 -----------------------------
 368|  17|   0|   0|263.5914|  2.3630|   1376.5350
 159|  17|   0|   7|273.0000|  2.3850|   1411.3831
 202|  17|   1|   0|271.0000|  2.3250|   1447.4050
 999|  17|   1|   7|  0.0000|  2.3850|   1435.0090
 999|  17|   2|   0|  0.0000|  2.3220|   1425.5680
 208|  17|   2|   7|274.0000|  2.3020|   1439.0330
 999|  17|   3|   0|  0.0000|  2.3430|   1362.2900
  98|  17|   3|   7|271.0000|  2.3100|   1385.9280
 Module  18                   
  Ser.|Mod.|Lay.|Dll.|  Windin| Impedance
 -----------------------------
 999|  18|   0|   0|  0.0000|  2.3640|   1377.9120
 227|  18|   0|   7|269.0000|  2.3320|   1403.7820
 138|  18|   1|   0|265.0000|  2.3390|   1380.3950
 999|  18|   1|   7|  0.0000|  2.3470|   1442.7800
 324|  18|   2|   0|270.0699|  2.3770|   1432.7140
 382|  18|   2|   7|266.4226|  2.4160|   1430.9960
 371|  18|   3|   0|271.8951|  2.3910|   1398.7380
 333|  18|   3|   7|267.0728|  2.3760|   1380.1190
 Module  19                   
  Ser.|Mod.|Lay.|Dll.|  Windin| Impedance
 -----------------------------
 312|  19|   0|   0|308.1655|  2.3480|   1400.6980
 379|  19|   0|   7|272.0000|  2.4120|   1390.9270
 251|  19|   1|   0|  0.0000|  2.2820|   1397.0601
 999|  19|   1|   7|  0.0000|  2.3680|   1400.9771
 366|  19|   2|   0|271.5232|  2.3950|   1407.7180
 126|  19|   2|   7|267.0000|  2.3570|   1393.4320
 107|  19|   3|   0|263.0000|  2.3870|   1383.1591
 351|  19|   3|   7|267.5585|  2.3850|   1426.1390
 Module  20                   
  Ser.|Mod.|Lay.|Dll.|  Windin| Impedance
 -----------------------------
 999|  20|   0|   0|  0.0000|  2.3680|   1414.2090
  99|  20|   0|   7|274.0000|  2.3380|   1393.9900
 378|  20|   1|   0|269.7067|  2.4120|   1389.5360
  96|  20|   1|   7|266.0000|  2.3550|   1407.1550
 321|  20|   2|   0|269.0385|  2.3740|   1392.8750
 338|  20|   2|   7|279.4950|  2.3570|   1383.1591
 999|  20|   3|   0|  0.0000|  2.3800|   1397.8990
 999|  20|   3|   7|  0.0000|  2.3460|   1424.1429
 Module  21                   
  Ser.|Mod.|Lay.|Dll.|  Windin| Impedance
 -----------------------------
 340|  21|   0|   0|282.4342|  2.3900|   1423.2889
 313|  21|   0|   7|275.7639|  2.3000|   1258.1620
 136|  21|   1|   0|264.0000|  2.3290|   1366.6580
 337|  21|   1|   7|281.0246|  2.3890|   1429.2800
 143|  21|   2|   0|262.0000|  2.3980|   1393.1541
 225|  21|   2|   7|272.0000|  2.3650|   1403.7820
 999|  21|   3|   0|  0.0000|  2.3170|   1402.3790
 999|  21|   3|   7|  0.0000|  2.3310|   1454.0790
 Module  22                   
  Ser.|Mod.|Lay.|Dll.|  Windin| Impedance
 -----------------------------
 153|  22|   0|   0|268.0000|  2.3370|   1407.7180
 221|  22|   0|   7|269.0000|  2.2880|   1388.1470
 339|  22|   1|   0|280.6143|  2.3840|   1416.7570
 206|  22|   1|   7|269.0000|  2.3250|   1439.3210
 131|  22|   2|   0|266.0000|  2.3340|   1393.1541
 172|  22|   2|   7|262.0000|  2.3830|   1377.9120
  77|  22|   3|   0|  0.0000|  2.3440|   1400.4170
 349|  22|   3|   7|269.7397|  2.4070|   1424.4280
 Module  23                   
  Ser.|Mod.|Lay.|Dll.|  Windin| Impedance
 -----------------------------
  88|  23|   0|   0|269.0000|  2.3320|   1407.1550
 137|  23|   0|   7|265.0000|  2.3610|   1369.1200
 132|  23|   1|   0|269.0000|  2.3200|   1377.0850
 318|  23|   1|   7|272.7905|  2.3670|   1402.0990
 139|  23|   2|   0|265.0000|  2.3520|   1396.2220
 197|  23|   2|   7|272.0000|  2.3390|   1406.5930
 102|  23|   3|   0|265.0000|  2.3740|   1388.9800
 347|  23|   3|   7|285.8816|  2.3760|   1452.9160
 Module  24                   
  Ser.|Mod.|Lay.|Dll.|  Windin| Impedance
 -----------------------------
 999|  24|   0|   0|  0.0000|  2.3730|   1418.7419
 315|  24|   0|   7|274.7260|  2.3920|   1403.7820
 999|  24|   1|   0|  0.0000|  2.3770|   1407.4370
 999|  24|   1|   7|  0.0000|  2.3670|   1426.1390
 135|  24|   2|   0|  0.0000|  2.3390|   1386.4821
 329|  24|   2|   7|270.3513|  2.3480|   1407.4370
 328|  24|   3|   0|279.2321|  2.3470|   1391.4830
 348|  24|   3|   7|274.0620|  2.3670|   1428.4220
 Module  25                   
  Ser.|Mod.|Lay.|Dll.|  Windin| Impedance
 -----------------------------
 999|  25|   0|   0|  0.0000|  2.3870|   1423.0040
 999|  25|   0|   7|  0.0000|  2.3950|   1425.2830
 999|  25|   1|   0|  0.0000|  2.2690|   1379.2910
 999|  25|   1|   7|  0.0000|  2.3910|   1423.5740
 150|  25|   2|   0|262.0000|  2.3710|   1365.5640
 999|  25|   2|   7|  0.0000|  2.3050|   1397.3400
 205|  25|   3|   0|294.0000|  2.2950|   1429.5649
 101|  25|   3|   7|265.0000|  2.3840|   1418.7419
 Module  26                   
  Ser.|Mod.|Lay.|Dll.|  Windin| Impedance
 -----------------------------
 999|  26|   0|   0|  0.0000|  2.3430|   1366.1110
 149|  26|   0|   7|261.0000|  2.4010|   1349.5400
 212|  26|   1|   0|270.0000|  2.3190|   1395.6639
 239|  26|   1|   7|  0.0000|  2.2980|   1423.5740
 240|  26|   2|   0|  0.0000|  2.3170|   1386.2050
 226|  26|   2|   7|267.0000|  2.3620|   1394.2690
 999|  26|   3|   0|  0.0000|  2.3400|   1394.5480
  79|  26|   3|   7|  0.0000|  2.3540|   1424.4280
 Module  27                   
  Ser.|Mod.|Lay.|Dll.|  Windin| Impedance
 -----------------------------
 999|  27|   0|   0|  0.0000|  2.3660|   1397.0601
 999|  27|   0|   7|  0.0000|  2.3210|   1401.8180
 999|  27|   1|   0|  0.0000|  2.3400|   1402.0990
 220|  27|   1|   7|270.0000|  2.2910|   1386.7600
 154|  27|   2|   0|269.0000|  2.3530|   1389.8140
 999|  27|   2|   7|  0.0000|  2.3770|   1397.3400
 194|  27|   3|   0|269.0000|  2.3200|   1398.1780
 125|  27|   3|   7|265.0000|  2.3700|   1384.5430
 Module  28                   
  Ser.|Mod.|Lay.|Dll.|  Windin| Impedance
 -----------------------------
 999|  28|   0|   0|  0.0000|  2.3270|   1389.2581
 216|  28|   0|   7|271.0000|  2.3050|   1412.2300
 999|  28|   1|   0|  0.0000|  2.3330|   1418.7419
 247|  28|   1|   7|  0.0000|  2.3110|   1435.0090
 130|  28|   2|   0|267.0000|  2.2110|   1361.2010
  95|  28|   2|   7|267.0000|  2.3490|   1388.1470
 306|  28|   3|   0|284.7291|  2.1800|   1390.3700
 999|  28|   3|   7|  0.0000|  2.3710|   1422.4351
 Module  29                   
  Ser.|Mod.|Lay.|Dll.|  Windin| Impedance
 -----------------------------
 117|  29|   0|   0|264.0000|  2.3920|   1410.2550
 228|  29|   0|   7|269.0000|  2.3130|   1399.5770
 999|  29|   1|   0|  0.0000|  2.3510|   1410.8190
 199|  29|   1|   7|275.0000|  2.3060|   1481.0940
 999|  29|   2|   0|  0.0000|  2.3490|   1389.8140
 114|  29|   2|   7|265.0000|  2.3820|   1404.6250
 999|  29|   3|   0|  0.0000|  2.3850|   1396.7810
  86|  29|   3|   7|269.0000|  2.3540|   1402.9399
 Module  30                   
  Ser.|Mod.|Lay.|Dll.|  Windin| Impedance
 -----------------------------
 256|  30|   0|   0|  0.0000|  2.2730|   1399.0170
 120|  30|   0|   7|267.0000|  2.3300|   1364.4720
 224|  30|   1|   0|268.0000|  2.3430|   1389.2581
 286|  30|   1|   7|266.0230|  2.3680|   1388.9800
 287|  30|   2|   0|262.8007|  2.3150|   1393.1541
 113|  30|   2|   7|268.0000|  2.3470|   1413.9260
  87|  30|   3|   0|267.0000|  2.3140|   1395.1060
 290|  30|   3|   7|263.9403|  2.3690|   1386.7600
 Module  31                   
  Ser.|Mod.|Lay.|Dll.|  Windin| Impedance
 -----------------------------
 157|  31|   0|   0|263.0000|  2.3440|   1374.0590
 999|  31|   0|   7|  0.0000|  2.3510|   1403.2209
 999|  31|   1|   0|  0.0000|  2.3060|   1412.7950
 121|  31|   1|   7|265.0000|  2.3200|   1373.2340
 999|  31|   2|   0|  0.0000|  2.3450|   1351.9730
 178|  31|   2|   7|170.0000|  2.3230|   1399.2970
 191|  31|   3|   0|271.0000|  2.3070|   1384.2660
 115|  31|   3|   7|265.0000|  2.3720|   1405.4680
 Module  32                   
  Ser.|Mod.|Lay.|Dll.|  Windin| Impedance
 -----------------------------
 130|  32|   0|   0|267.0000|  2.3370|   1392.5970
 999|  32|   0|   7|  0.0000|  2.3980|   1405.1870
 999|  32|   1|   0|  0.0000|  2.3570|   1373.5090
 188|  32|   1|   7|273.0000|  2.2990|   1441.0490
 133|  32|   2|   0|265.0000|  2.3530|   1385.0970
 123|  32|   2|   7|268.0000|  2.3580|   1387.3149
 999|  32|   3|   0|  0.0000|  2.3750|   1384.8199
 294|  32|   3|   7|263.1391|  2.3890|   1391.2050
 Module  33                   
  Ser.|Mod.|Lay.|Dll.|  Windin| Impedance
 -----------------------------
 142|  33|   0|   0|262.0000|  2.4150|   1409.4091
 219|  33|   0|   7|270.0000|  2.3250|   1420.1610
 999|  33|   1|   0|  0.0000|  2.2050|   1359.5680
 141|  33|   1|   7|262.0000|  2.4050|   1393.7111
 341|  33|   2|   0|269.1514|  2.3830|   1423.5740
 999|  33|   2|   7|  0.0000|  2.3060|   1437.5940
 999|  33|   3|   0|  0.0000|  2.2380|   1440.1851
 999|  33|   3|   7|  0.0000|  2.3600|   1445.0900
 Module  34                   
  Ser.|Mod.|Lay.|Dll.|  Windin| Impedance
 -----------------------------
 180|  34|   0|   0|267.0000|  2.3350|   1389.8140
 302|  34|   0|   7|291.9054|  2.2230|   1390.6479
 999|  34|   1|   0|  0.0000|  2.2500|   1454.6610
 295|  34|   1|   7|278.9924|  2.2590|   1419.5930
 999|  34|   2|   0|  0.0000|  2.3150|   1428.1370
 274|  34|   2|   7|  0.0000|  2.3300|   1410.5370
 999|  34|   3|   0|  0.0000|  2.3600|   1427.8510
 196|  34|   3|   7|277.0000|  2.2910|   1328.6370
 Module  35                   
  Ser.|Mod.|Lay.|Dll.|  Windin| Impedance
 -----------------------------
 170|  35|   0|   0|265.0000|  2.3600|   1357.3929
 100|  35|   0|   7|268.0000|  2.3210|   1391.2050
 999|  35|   1|   0|  0.0000|  2.3100|   1371.5870
 999|  35|   1|   7|  0.0000|  2.1540|   1360.3840
 235|  35|   2|   0|270.0000|  2.2910|   1408.8450
 232|  35|   2|   7|268.0000|  2.2930|   1391.7610
 148|  35|   3|   0|263.0000|  2.3730|   1368.0250
 129|  35|   3|   7|267.0000|  2.3690|   1421.8660
 Module  36                   
  Ser.|Mod.|Lay.|Dll.|  Windin| Impedance
 -----------------------------
 999|  36|   0|   0|  0.0000|  2.3220|   1419.3090
 999|  36|   0|   7|  0.0000|  2.3650|   1407.1550
 152|  36|   1|   0|  0.0000|  2.3240|   1427.5649
 217|  36|   1|   7|273.0000|  2.2930|   1433.8610
  80|  36|   2|   0|  0.0000|  2.3440|   1461.3700
 106|  36|   2|   7|262.0000|  2.4120|   1411.9480
 999|  36|   3|   0|  0.0000|  2.3680|   1413.9260
 210|  36|   3|   7|272.0000|  2.3400|   1428.9940
 Module  37                   
  Ser.|Mod.|Lay.|Dll.|  Windin| Impedance
 -----------------------------
 999|  37|   0|   0|  0.0000|  2.3460|   1428.9940
 999|  37|   0|   7|  0.0000|  2.3800|   1393.7111
 999|  37|   1|   0|  0.0000|  2.3370|   1420.1610
 999|  37|   1|   7|  0.0000|  2.3710|   1424.7130
 103|  37|   2|   0|266.0000|  2.3690|   1402.0990
 304|  37|   2|   7|278.1528|  2.1990|   1388.7030
 171|  37|   3|   0|263.0000|  2.3740|   1384.2660
 195|  37|   3|   7|274.0000|  2.3300|   1471.6400
 Module  38                   
  Ser.|Mod.|Lay.|Dll.|  Windin| Impedance
 -----------------------------
 236|  38|   0|   0|270.5000|  2.3090|   1431.5680
 299|  38|   0|   7|286.2253|  2.2010|   1430.9960
 300|  38|   1|   0|297.5727|  2.2740|   1414.2090
 999|  38|   1|   7|  0.0000|  2.3870|   1421.2980
 999|  38|   2|   0|  0.0000|  2.3410|   1414.7750
 110|  38|   2|   7|270.0000|  2.3110|   1402.3790
 183|  38|   3|   0|268.0000|  2.3630|   1387.5920
 331|  38|   3|   7|282.5621|  2.3700|   1440.7610
 Module  39                   
  Ser.|Mod.|Lay.|Dll.|  Windin| Impedance
 -----------------------------
 276|  39|   0|   0|  0.0000|  2.2900|   1427.8510
 119|  39|   0|   7|266.0000|  2.3460|   1385.0970
 999|  39|   1|   0|  0.0000|  2.3390|   1428.1370
 118|  39|   1|   7|265.0000|  2.3700|   1410.2550
 999|  39|   2|   0|  0.0000|  2.3840|   1386.7600
 112|  39|   2|   7|267.0000|  2.3700|   1416.4730
 999|  39|   3|   0|  0.0000|  2.3330|   1422.7200
 999|  39|   3|   7|  0.0000|  2.3070|   1471.3459
 Module  40                   
  Ser.|Mod.|Lay.|Dll.|  Windin| Impedance
 -----------------------------
 249|  40|   0|   0|  0.0000|  2.3050|   1414.7750
 190|  40|   0|   7|273.0000|  2.3170|   1445.6680
 308|  40|   1|   0|296.0000|  2.2120|   1382.8820
 999|  40|   1|   7|  0.0000|  2.3360|   1419.5930
 124|  40|   2|   0|264.0000|  2.3830|   1408.8450
 380|  40|   2|   7|267.5676|  2.3000|   1429.8510
 218|  40|   3|   0|274.0000|  2.3660|   1388.4250
 237|  40|   3|   7|272.1000|  2.2870|   1419.0260
 Module  41                   
  Ser.|Mod.|Lay.|Dll.|  Windin| Impedance
 -----------------------------
 999|  41|   0|   0|  0.0000|  2.3280|   1450.5930
 999|  41|   0|   7|  0.0000|  2.3130|   1422.4351
 999|  41|   1|   0|  0.0000|  2.3100|   1435.2960
 999|  41|   1|   7|  0.0000|  2.3150|   1447.4050
 999|  41|   2|   0|  0.0000|  2.3650|   1400.6980
 999|  41|   2|   7|  0.0000|  2.2710|   1370.2159
 999|  41|   3|   0|  0.0000|  2.3850|   1379.5670
 999|  41|   3|   7|  0.0000|  2.3010|   1385.3740
 Module  42                   
  Ser.|Mod.|Lay.|Dll.|  Windin| Impedance
 -----------------------------
 999|  42|   0|   0|  0.0000|  2.2870|   1412.5129
 999|  42|   0|   7|  0.0000|  2.3180|   1294.7550
 999|  42|   1|   0|  0.0000|  2.3950|   1403.5020
 999|  42|   1|   7|  0.0000|  2.3880|   1424.4280
 181|  42|   2|   0|267.0000|  2.3410|   1410.2550
 105|  42|   2|   7|264.0000|  2.3660|   1369.6680
 999|  42|   3|   0|  0.0000|  2.2490|   1430.9960
 999|  42|   3|   7|  0.0000|  2.3570|   1381.5000
 Module  43                   
  Ser.|Mod.|Lay.|Dll.|  Windin| Impedance
 -----------------------------
 999|  43|   0|   0|  0.0000|  2.3120|   1415.3409
 999|  43|   0|   7|  0.0000|  2.3520|   1374.8840
 255|  43|   1|   0|  0.0000|  2.2180|   1416.1899
 215|  43|   1|   7|277.0000|  2.2180|   1398.4580
 285|  43|   2|   0|263.5769|  2.3670|   1390.9270
 161|  43|   2|   7|267.0000|  2.3450|   1409.1270
 361|  43|   3|   0|  0.0000|  2.4020|   1389.5360
 200|  43|   3|   7|275.0000|  2.3110|   1511.6479
