    LAYER  SECTOR    WIRE      GAIN
        0       0       0    0.004480
        0       0       1    0.004785
        0       0       2    0.004594
        0       0       3    0.005112
        0       0       4    0.005005
        0       0       5    0.004964
        0       0       6    0.005576
        0       0       7    0.005239
        0       0       8    0.004911
        0       0       9    0.004334
        0       0      10    0.003954
        0       1       0    0.004214
        0       1       1    0.005611
        0       1       2    0.004838
        0       1       3    0.004984
        0       1       4    0.004605
        0       1       5    0.005537
        0       1       6    0.005519
        0       1       7    0.004608
        0       1       8    0.004721
        0       1       9    0.005169
        0       1      10    0.004597
        0       2       0    0.004310
        0       2       1    0.005552
        0       2       2    0.005436
        0       2       3    0.006021
        0       2       4    0.006167
        0       2       5    0.005340
        0       2       6    0.005788
        0       2       7    0.005010
        0       2       8    0.004963
        0       2       9    0.005046
        0       2      10    0.005100
        0       3       0    0.004377
        0       3       1    0.004774
        0       3       2    0.004973
        0       3       3    0.005502
        0       3       4    0.004703
        0       3       5    0.005438
        0       3       6    0.005860
        0       3       7    0.005478
        0       3       8    0.005058
        0       3       9    0.004541
        0       3      10    0.004284
        0       4       0    0.004967
        0       4       1    0.004755
        0       4       2    0.004754
        0       4       3    0.004928
        0       4       4    0.004901
        0       4       5    0.005650
        0       4       6    0.005199
        0       4       7    0.005504
        0       4       8    0.005581
        0       4       9    0.004777
        0       4      10    0.004866
        0       5       0    0.004471
        0       5       1    0.005409
        0       5       2    0.004930
        0       5       3    0.005217
        0       5       4    0.005676
        0       5       5    0.006351
        0       5       6    0.005630
        0       5       7    0.005860
        0       5       8    0.005008
        0       5       9    0.004138
        0       5      10    0.003979
        0       6       0    0.004348
        0       6       1    0.004896
        0       6       2    0.005438
        0       6       3    0.004547
        0       6       4    0.004507
        0       6       5    0.005374
        0       6       6    0.005521
        0       6       7    0.004739
        0       6       8    0.004839
        0       6       9    0.004010
        0       6      10    0.004499
        0       7       0    0.004378
        0       7       1    0.004986
        0       7       2    0.004452
        0       7       3    0.005199
        0       7       4    0.005273
        0       7       5    0.005095
        0       7       6    0.005337
        0       7       7    0.005882
        0       7       8    0.005923
        0       7       9    0.004869
        0       7      10    0.004880
        0       8       0    0.004372
        0       8       1    0.004559
        0       8       2    0.004447
        0       8       3    0.005681
        0       8       4    0.005092
        0       8       5    0.004889
        0       8       6    0.005421
        0       8       7    0.004751
        0       8       8    0.005236
        0       8       9    0.004329
        0       8      10    0.005024
        0       9       0    0.004074
        0       9       1    0.005117
        0       9       2    0.004821
        0       9       3    0.004828
        0       9       4    0.004858
        0       9       5    0.005275
        0       9       6    0.008291
        0       9       7    0.004977
        0       9       8    0.005507
        0       9       9    0.006887
        0       9      10    0.005897
        0      10       0    0.004830
        0      10       1    0.005752
        0      10       2    0.005471
        0      10       3    0.005235
        0      10       4    0.005380
        0      10       5    0.004371
        0      10       6    0.005163
        0      10       7    0.005597
        0      10       8    0.005382
        0      10       9    0.003814
        0      10      10    0.004445
        0      11       0    0.004052
        0      11       1    0.005633
        0      11       2    0.004610
        0      11       3    0.005200
        0      11       4    0.004882
        0      11       5    0.005357
        0      11       6    0.006044
        0      11       7    0.005001
        0      11       8    0.004599
        0      11       9    0.004143
        0      11      10    0.004580
        0      12       0    0.004177
        0      12       1    0.004890
        0      12       2    0.005731
        0      12       3    0.005374
        0      12       4    0.004851
        0      12       5    0.004859
        0      12       6    0.005189
        0      12       7    0.005017
        0      12       8    0.005728
        0      12       9    0.004399
        0      12      10    0.004884
        0      13       0    0.003886
        0      13       1    0.005055
        0      13       2    0.005306
        0      13       3    0.005795
        0      13       4    0.004922
        0      13       5    0.005117
        0      13       6    0.005690
        0      13       7    0.005284
        0      13       8    0.004897
        0      13       9    0.005191
        0      13      10    0.005022
        0      14       0    0.004861
        0      14       1    0.005059
        0      14       2    0.005389
        0      14       3    0.004693
        0      14       4    0.005187
        0      14       5    0.005060
        0      14       6    0.005120
        0      14       7    0.005139
        0      14       8    0.006309
        0      14       9    0.005668
        0      14      10    0.005190
        0      15       0    0.006175
        0      15       1    0.005484
        0      15       2    0.005481
        0      15       3    0.004713
        0      15       4    0.005642
        0      15       5    0.006193
        0      15       6    0.005301
        0      15       7    0.006038
        0      15       8    0.005564
        0      15       9    0.005126
        0      15      10    0.004804
        0      16       0    0.004597
        0      16       1    0.004841
        0      16       2    0.004706
        0      16       3    0.004259
        0      16       4    0.004770
        0      16       5    0.005672
        0      16       6    0.005151
        0      16       7    0.004847
        0      16       8    0.004680
        0      16       9    0.004635
        0      16      10    0.005408
        0      17       0    0.004572
        0      17       1    0.005561
        0      17       2    0.005144
        0      17       3    0.004676
        0      17       4    0.004806
        0      17       5    0.005570
        0      17       6    0.004396
        0      17       7    0.005929
        0      17       8    0.005304
        0      17       9    0.004655
        0      17      10    0.004390
        0      18       0    0.004353
        0      18       1    0.004941
        0      18       2    0.005247
        0      18       3    0.005052
        0      18       4    0.004476
        0      18       5    0.005481
        0      18       6    0.004755
        0      18       7    0.005418
        0      18       8    0.005307
        0      18       9    0.004391
        0      18      10    0.004399
        0      19       0    0.004135
        0      19       1    0.005064
        0      19       2    0.004977
        0      19       3    0.005532
        0      19       4    0.005125
        0      19       5    0.005083
        0      19       6    0.004662
        0      19       7    0.004378
        0      19       8    0.004075
        0      19       9    0.005067
        0      19      10    0.004224
        0      20       0    0.004471
        0      20       1    0.005409
        0      20       2    0.005059
        0      20       3    0.004832
        0      20       4    0.005871
        0      20       5    0.005666
        0      20       6    0.004663
        0      20       7    0.005247
        0      20       8    0.005360
        0      20       9    0.004629
        0      20      10    0.005051
        0      21       0    0.004097
        0      21       1    0.005107
        0      21       2    0.005300
        0      21       3    0.005312
        0      21       4    0.004913
        0      21       5    0.005850
        0      21       6    0.005751
        0      21       7    0.005028
        0      21       8    0.004583
        0      21       9    0.004382
        0      21      10    0.004363
        0      22       0    0.004499
        0      22       1    0.005533
        0      22       2    0.004845
        0      22       3    0.005252
        0      22       4    0.004773
        0      22       5    0.005283
        0      22       6    0.005355
        0      22       7    0.004926
        0      22       8    0.004772
        0      22       9    0.004666
        0      22      10    0.004752
        0      23       0    0.004348
        0      23       1    0.004712
        0      23       2    0.004617
        0      23       3    0.004788
        0      23       4    0.004391
        0      23       5    0.005447
        0      23       6    0.005331
        0      23       7    0.004546
        0      23       8    0.004459
        0      23       9    0.004900
        0      23      10    0.004427
        0      24       0    0.003882
        0      24       1    0.004911
        0      24       2    0.005783
        0      24       3    0.004522
        0      24       4    0.005573
        0      24       5    0.005950
        0      24       6    0.004695
        0      24       7    0.004676
        0      24       8    0.004431
        0      24       9    0.004901
        0      24      10    0.004385
        0      25       0    0.003866
        0      25       1    0.005247
        0      25       2    0.005705
        0      25       3    0.005072
        0      25       4    0.005102
        0      25       5    0.005588
        0      25       6    0.005914
        0      25       7    0.004307
        0      25       8    0.004348
        0      25       9    0.004520
        0      25      10    0.004452
        0      26       0    0.004700
        0      26       1    0.004522
        0      26       2    0.004905
        0      26       3    0.005895
        0      26       4    0.004877
        0      26       5    0.005840
        0      26       6    0.005734
        0      26       7    0.005322
        0      26       8    0.004499
        0      26       9    0.005187
        0      26      10    0.004726
        0      27       0    0.003601
        0      27       1    0.005089
        0      27       2    0.004547
        0      27       3    0.004797
        0      27       4    0.005431
        0      27       5    0.005159
        0      27       6    0.005709
        0      27       7    0.004516
        0      27       8    0.004262
        0      27       9    0.004430
        0      27      10    0.004745
        0      28       0    0.004115
        0      28       1    0.005396
        0      28       2    0.004579
        0      28       3    0.005044
        0      28       4    0.004769
        0      28       5    0.004933
        0      28       6    0.005511
        0      28       7    0.005165
        0      28       8    0.003938
        0      28       9    0.005596
        0      28      10    0.004931
        0      29       0    0.004617
        0      29       1    0.005238
        0      29       2    0.005459
        0      29       3    0.005104
        0      29       4    0.005221
        0      29       5    0.004755
        0      29       6    0.005670
        0      29       7    0.004736
        0      29       8    0.005139
        0      29       9    0.004862
        0      29      10    0.005106
        0      30       0    0.004098
        0      30       1    0.006219
        0      30       2    0.005464
        0      30       3    0.005382
        0      30       4    0.005098
        0      30       5    0.006582
        0      30       6    0.005290
        0      30       7    0.005837
        0      30       8    0.004958
        0      30       9    0.004786
        0      30      10    0.004835
        0      31       0    0.005067
        0      31       1    0.005622
        0      31       2    0.005507
        0      31       3    0.004425
        0      31       4    0.005151
        0      31       5    0.005979
        0      31       6    0.005303
        0      31       7    0.005349
        0      31       8    0.005024
        0      31       9    0.004666
        0      31      10    0.005316
        1       0       0    0.004513
        1       0       1    0.005146
        1       0       2    0.005312
        1       0       3    0.006072
        1       0       4    0.005029
        1       0       5    0.005027
        1       0       6    0.005003
        1       0       7    0.004357
        1       0       8    0.004280
        1       0       9    0.004315
        1       0      10    0.004507
        1       1       0    0.004372
        1       1       1    0.005607
        1       1       2    0.005007
        1       1       3    0.005708
        1       1       4    0.006447
        1       1       5    0.005884
        1       1       6    0.005355
        1       1       7    0.003895
        1       1       8    0.003702
        1       1       9    0.004326
        1       1      10    0.004037
        1       2       0    0.004621
        1       2       1    0.005670
        1       2       2    0.004806
        1       2       3    0.005095
        1       2       4    0.004351
        1       2       5    0.005018
        1       2       6    0.005519
        1       2       7    0.005012
        1       2       8    0.004510
        1       2       9    0.006003
        1       2      10    0.005365
        1       3       0    0.004025
        1       3       1    0.005072
        1       3       2    0.004086
        1       3       3    0.004950
        1       3       4    0.005290
        1       3       5    0.004905
        1       3       6    0.005251
        1       3       7    0.004393
        1       3       8    0.004197
        1       3       9    0.004512
        1       3      10    0.004262
        1       4       0    0.004600
        1       4       1    0.004821
        1       4       2    0.004760
        1       4       3    0.005270
        1       4       4    0.004797
        1       4       5    0.005669
        1       4       6    0.005276
        1       4       7    0.004294
        1       4       8    0.004238
        1       4       9    0.004942
        1       4      10    0.005068
        1       5       0    0.004379
        1       5       1    0.004889
        1       5       2    0.005445
        1       5       3    0.005761
        1       5       4    0.005600
        1       5       5    0.005190
        1       5       6    0.005570
        1       5       7    0.004263
        1       5       8    0.004476
        1       5       9    0.005423
        1       5      10    0.004971
        1       6       0    0.004937
        1       6       1    0.005816
        1       6       2    0.003923
        1       6       3    0.003796
        1       6       4    0.005065
        1       6       5    0.005940
        1       6       6    0.005694
        1       6       7    0.004244
        1       6       8    0.004359
        1       6       9    0.004645
        1       6      10    0.004693
        1       7       0    0.004238
        1       7       1    0.005165
        1       7       2    0.004253
        1       7       3    0.004915
        1       7       4    0.004099
        1       7       5    0.005536
        1       7       6    0.005261
        1       7       7    0.004593
        1       7       8    0.004879
        1       7       9    0.005415
        1       7      10    0.004524
        1       8       0    0.004482
        1       8       1    0.005065
        1       8       2    0.005074
        1       8       3    0.004468
        1       8       4    0.004743
        1       8       5    0.004539
        1       8       6    0.004937
        1       8       7    0.004907
        1       8       8    0.004594
        1       8       9    0.004251
        1       8      10    0.004581
        1       9       0    0.004139
        1       9       1    0.004718
        1       9       2    0.004599
        1       9       3    0.005169
        1       9       4    0.004780
        1       9       5    0.005030
        1       9       6    0.005733
        1       9       7    0.004364
        1       9       8    0.004510
        1       9       9    0.004527
        1       9      10    0.004200
        1      10       0    0.004507
        1      10       1    0.005114
        1      10       2    0.004375
        1      10       3    0.004111
        1      10       4    0.004792
        1      10       5    0.005015
        1      10       6    0.005238
        1      10       7    0.004935
        1      10       8    0.004491
        1      10       9    0.005031
        1      10      10    0.004329
        1      11       0    0.004555
        1      11       1    0.004724
        1      11       2    0.004376
        1      11       3    0.005564
        1      11       4    0.004685
        1      11       5    0.001988
        1      11       6    0.004971
        1      11       7    0.004022
        1      11       8    0.003703
        1      11       9    0.004998
        1      11      10    0.004970
        1      12       0    0.004440
        1      12       1    0.005608
        1      12       2    0.004944
        1      12       3    0.004782
        1      12       4    0.004875
        1      12       5    0.004819
        1      12       6    0.004864
        1      12       7    0.004350
        1      12       8    0.004720
        1      12       9    0.004692
        1      12      10    0.004492
        1      13       0    0.004441
        1      13       1    0.005077
        1      13       2    0.004960
        1      13       3    0.005225
        1      13       4    0.004695
        1      13       5    0.005055
        1      13       6    0.005136
        1      13       7    0.006479
        1      13       8    0.013592
        1      13       9    0.005067
        1      13      10    0.004979
        1      14       0    0.004513
        1      14       1    0.005107
        1      14       2    0.005108
        1      14       3    0.004896
        1      14       4    0.005021
        1      14       5    0.006046
        1      14       6    0.005109
        1      14       7    0.004150
        1      14       8    0.004707
        1      14       9    0.004530
        1      14      10    0.004580
        1      15       0    0.004756
        1      15       1    0.004926
        1      15       2    0.004641
        1      15       3    0.004265
        1      15       4    0.005100
        1      15       5    0.005328
        1      15       6    0.004997
        1      15       7    0.004458
        1      15       8    0.004429
        1      15       9    0.004956
        1      15      10    0.004510
        1      16       0    0.004522
        1      16       1    0.004807
        1      16       2    0.004732
        1      16       3    0.004564
        1      16       4    0.005045
        1      16       5    0.005894
        1      16       6    0.004943
        1      16       7    0.004123
        1      16       8    0.004211
        1      16       9    0.004782
        1      16      10    0.004498
        1      17       0    0.004297
        1      17       1    0.005369
        1      17       2    0.005565
        1      17       3    0.004689
        1      17       4    0.006167
        1      17       5    0.005464
        1      17       6    0.005191
        1      17       7    0.004060
        1      17       8    0.005292
        1      17       9    0.004675
        1      17      10    0.004910
        1      18       0    0.004724
        1      18       1    0.004318
        1      18       2    0.005530
        1      18       3    0.005342
        1      18       4    0.004771
        1      18       5    0.006578
        1      18       6    0.005779
        1      18       7    0.003507
        1      18       8    0.003795
        1      18       9    0.005316
        1      18      10    0.005085
        1      19       0    0.004491
        1      19       1    0.004698
        1      19       2    0.004841
        1      19       3    0.004671
        1      19       4    0.005800
        1      19       5    0.004995
        1      19       6    0.005127
        1      19       7    0.004858
        1      19       8    0.004698
        1      19       9    0.004977
        1      19      10    0.004736
        1      20       0    0.004876
        1      20       1    0.005492
        1      20       2    0.005533
        1      20       3    0.005765
        1      20       4    0.005204
        1      20       5    0.005162
        1      20       6    0.005129
        1      20       7    0.004261
        1      20       8    0.004416
        1      20       9    0.005329
        1      20      10    0.005044
        1      21       0    0.004293
        1      21       1    0.004805
        1      21       2    0.002257
        1      21       3    0.004361
        1      21       4    0.004743
        1      21       5    0.005438
        1      21       6    0.005399
        1      21       7    0.004181
        1      21       8    0.004237
        1      21       9    0.004340
        1      21      10    0.004604
        1      22       0    0.005054
        1      22       1    0.008035
        1      22       2    0.007525
        1      22       3    0.007629
        1      22       4    0.008161
        1      22       5    0.008612
        1      22       6    0.005964
        1      22       7    0.004267
        1      22       8    0.003991
        1      22       9    0.004615
        1      22      10    0.004291
        1      23       0    1.000000
        1      23       1    1.000000
        1      23       2    1.000000
        1      23       3    1.000000
        1      23       4    1.000000
        1      23       5    1.000000
        1      23       6    1.000000
        1      23       7    1.000000
        1      23       8    1.000000
        1      23       9    1.000000
        1      23      10    1.000000
        1      24       0    0.004120
        1      24       1    0.005135
        1      24       2    0.004205
        1      24       3    0.005302
        1      24       4    0.004561
        1      24       5    0.004539
        1      24       6    0.005208
        1      24       7    0.004482
        1      24       8    0.004224
        1      24       9    0.004829
        1      24      10    0.004775
        1      25       0    0.004813
        1      25       1    0.005008
        1      25       2    0.005013
        1      25       3    0.003910
        1      25       4    0.004874
        1      25       5    0.005780
        1      25       6    0.005224
        1      25       7    0.004315
        1      25       8    0.004397
        1      25       9    0.004649
        1      25      10    0.005135
        1      26       0    0.004574
        1      26       1    0.004946
        1      26       2    0.004677
        1      26       3    0.005135
        1      26       4    0.005238
        1      26       5    0.005402
        1      26       6    0.004816
        1      26       7    0.004101
        1      26       8    0.004245
        1      26       9    0.004176
        1      26      10    0.004308
        1      27       0    0.004364
        1      27       1    0.004861
        1      27       2    0.005051
        1      27       3    0.004400
        1      27       4    0.004650
        1      27       5    0.004443
        1      27       6    0.002538
        1      27       7    0.005156
        1      27       8    0.004351
        1      27       9    0.001874
        1      27      10    0.001882
        1      28       0    0.004059
        1      28       1    0.004797
        1      28       2    0.004979
        1      28       3    0.004597
        1      28       4    0.004568
        1      28       5    0.005809
        1      28       6    0.005693
        1      28       7    0.004039
        1      28       8    0.004002
        1      28       9    0.005109
        1      28      10    0.004687
        1      29       0    0.003816
        1      29       1    0.005804
        1      29       2    0.005722
        1      29       3    0.005284
        1      29       4    0.005866
        1      29       5    0.005290
        1      29       6    0.005207
        1      29       7    0.003889
        1      29       8    0.003577
        1      29       9    0.004233
        1      29      10    0.004404
        1      30       0    0.004301
        1      30       1    0.004979
        1      30       2    0.004740
        1      30       3    0.005526
        1      30       4    0.005148
        1      30       5    0.005851
        1      30       6    0.005369
        1      30       7    0.004172
        1      30       8    0.003722
        1      30       9    0.005070
        1      30      10    0.005566
        1      31       0    0.004515
        1      31       1    0.005013
        1      31       2    0.005112
        1      31       3    0.005772
        1      31       4    0.004662
        1      31       5    0.005579
        1      31       6    0.006221
        1      31       7    0.004500
        1      31       8    0.003848
        1      31       9    0.005275
        1      31      10    0.005203
        2       0       0    0.005091
        2       0       1    0.005156
        2       0       2    0.004854
        2       0       3    0.004812
        2       0       4    0.004457
        2       0       5    0.005282
        2       0       6    0.005432
        2       0       7    0.004901
        2       0       8    0.004947
        2       0       9    0.004281
        2       0      10    0.004786
        2       1       0    0.004297
        2       1       1    0.006478
        2       1       2    0.005204
        2       1       3    0.004436
        2       1       4    0.004812
        2       1       5    0.004688
        2       1       6    0.005659
        2       1       7    0.003680
        2       1       8    0.003559
        2       1       9    0.004743
        2       1      10    0.004514
        2       2       0    0.004102
        2       2       1    0.005604
        2       2       2    0.006222
        2       2       3    0.004695
        2       2       4    0.004386
        2       2       5    0.005584
        2       2       6    0.004707
        2       2       7    0.004203
        2       2       8    0.004457
        2       2       9    0.005082
        2       2      10    0.005081
        2       3       0    0.003892
        2       3       1    0.005189
        2       3       2    0.005137
        2       3       3    0.005159
        2       3       4    0.004762
        2       3       5    0.005701
        2       3       6    0.005564
        2       3       7    0.004095
        2       3       8    0.004443
        2       3       9    0.004526
        2       3      10    0.004454
        2       4       0    0.004301
        2       4       1    0.005132
        2       4       2    0.005188
        2       4       3    0.004907
        2       4       4    0.005219
        2       4       5    0.005619
        2       4       6    0.005184
        2       4       7    0.004668
        2       4       8    0.004676
        2       4       9    0.004867
        2       4      10    0.004681
        2       5       0    0.004628
        2       5       1    0.005626
        2       5       2    0.005912
        2       5       3    0.004765
        2       5       4    0.005337
        2       5       5    0.005967
        2       5       6    0.005716
        2       5       7    0.004538
        2       5       8    0.005035
        2       5       9    0.004858
        2       5      10    0.004936
        2       6       0    0.005044
        2       6       1    0.005058
        2       6       2    0.004636
        2       6       3    0.004825
        2       6       4    0.004143
        2       6       5    0.005104
        2       6       6    0.005489
        2       6       7    0.004272
        2       6       8    0.004394
        2       6       9    0.004810
        2       6      10    0.005589
        2       7       0    0.004945
        2       7       1    0.005619
        2       7       2    0.005032
        2       7       3    0.004727
        2       7       4    0.005095
        2       7       5    0.005531
        2       7       6    0.005258
        2       7       7    0.004766
        2       7       8    0.004148
        2       7       9    0.004766
        2       7      10    0.004871
        2       8       0    0.004012
        2       8       1    0.006250
        2       8       2    0.004901
        2       8       3    0.004225
        2       8       4    0.005005
        2       8       5    0.006182
        2       8       6    0.005861
        2       8       7    0.004293
        2       8       8    0.004306
        2       8       9    0.005047
        2       8      10    0.004678
        2       9       0    0.004368
        2       9       1    0.005638
        2       9       2    0.004590
        2       9       3    0.004808
        2       9       4    0.004621
        2       9       5    0.005277
        2       9       6    0.005436
        2       9       7    0.005156
        2       9       8    0.004758
        2       9       9    0.004521
        2       9      10    0.004990
        2      10       0    0.004211
        2      10       1    0.004580
        2      10       2    0.004586
        2      10       3    0.004708
        2      10       4    0.004900
        2      10       5    0.005636
        2      10       6    0.005041
        2      10       7    0.003774
        2      10       8    0.004101
        2      10       9    0.004266
        2      10      10    0.004268
        2      11       0    0.003889
        2      11       1    0.004908
        2      11       2    0.004327
        2      11       3    0.004723
        2      11       4    0.004137
        2      11       5    0.005264
        2      11       6    0.004655
        2      11       7    0.003942
        2      11       8    0.003851
        2      11       9    0.003988
        2      11      10    0.004434
        2      12       0    0.004117
        2      12       1    0.004835
        2      12       2    0.005081
        2      12       3    0.004378
        2      12       4    0.005082
        2      12       5    0.004977
        2      12       6    0.005479
        2      12       7    0.004703
        2      12       8    0.004817
        2      12       9    0.005430
        2      12      10    0.005109
        2      13       0    0.004006
        2      13       1    0.005109
        2      13       2    0.004781
        2      13       3    0.005198
        2      13       4    0.005774
        2      13       5    0.004614
        2      13       6    0.006421
        2      13       7    0.004340
        2      13       8    0.004392
        2      13       9    0.005303
        2      13      10    0.004791
        2      14       0    0.005155
        2      14       1    0.005869
        2      14       2    0.006074
        2      14       3    0.006393
        2      14       4    0.005976
        2      14       5    0.005637
        2      14       6    0.004776
        2      14       7    0.003674
        2      14       8    0.003716
        2      14       9    0.004589
        2      14      10    0.004531
        2      15       0    0.004832
        2      15       1    0.005775
        2      15       2    0.004977
        2      15       3    0.006053
        2      15       4    0.005406
        2      15       5    0.005693
        2      15       6    0.004861
        2      15       7    0.004227
        2      15       8    0.004552
        2      15       9    0.005338
        2      15      10    0.005213
        2      16       0    0.004751
        2      16       1    0.005619
        2      16       2    0.005360
        2      16       3    0.005730
        2      16       4    0.005996
        2      16       5    0.004944
        2      16       6    0.004186
        2      16       7    0.004100
        2      16       8    0.004132
        2      16       9    0.003965
        2      16      10    0.003987
        2      17       0    0.004263
        2      17       1    0.004884
        2      17       2    0.004806
        2      17       3    0.005266
        2      17       4    0.004983
        2      17       5    0.005156
        2      17       6    0.005041
        2      17       7    0.005048
        2      17       8    0.004378
        2      17       9    0.004811
        2      17      10    0.004923
        2      18       0    0.004611
        2      18       1    0.005236
        2      18       2    0.005043
        2      18       3    0.005228
        2      18       4    0.004895
        2      18       5    0.006770
        2      18       6    0.004606
        2      18       7    0.004589
        2      18       8    0.004864
        2      18       9    0.004553
        2      18      10    0.004605
        2      19       0    0.004353
        2      19       1    0.005383
        2      19       2    0.004999
        2      19       3    0.004999
        2      19       4    0.005714
        2      19       5    0.005314
        2      19       6    0.005931
        2      19       7    0.004306
        2      19       8    0.003887
        2      19       9    0.005480
        2      19      10    0.005177
        2      20       0    0.004489
        2      20       1    0.005805
        2      20       2    0.004679
        2      20       3    0.005594
        2      20       4    0.004585
        2      20       5    0.005154
        2      20       6    0.004545
        2      20       7    0.004866
        2      20       8    0.004494
        2      20       9    0.005139
        2      20      10    0.004558
        2      21       0    0.004651
        2      21       1    0.005330
        2      21       2    0.004858
        2      21       3    0.004718
        2      21       4    0.005577
        2      21       5    0.005074
        2      21       6    0.005008
        2      21       7    0.004403
        2      21       8    0.003784
        2      21       9    0.004810
        2      21      10    0.004621
        2      22       0    0.004315
        2      22       1    0.005415
        2      22       2    0.005833
        2      22       3    0.005537
        2      22       4    0.005040
        2      22       5    0.006210
        2      22       6    0.006165
        2      22       7    0.003962
        2      22       8    0.004052
        2      22       9    0.004737
        2      22      10    0.004798
        2      23       0    0.004594
        2      23       1    0.004921
        2      23       2    0.005768
        2      23       3    0.005076
        2      23       4    0.004621
        2      23       5    0.006706
        2      23       6    0.005941
        2      23       7    0.004641
        2      23       8    0.004769
        2      23       9    0.004847
        2      23      10    0.004035
        2      24       0    0.004271
        2      24       1    0.004809
        2      24       2    0.004463
        2      24       3    0.004504
        2      24       4    0.005223
        2      24       5    0.005773
        2      24       6    0.004555
        2      24       7    0.003919
        2      24       8    0.004184
        2      24       9    0.004566
        2      24      10    0.005001
        2      25       0    0.004473
        2      25       1    0.004996
        2      25       2    0.004466
        2      25       3    0.005580
        2      25       4    0.005376
        2      25       5    0.005364
        2      25       6    0.004994
        2      25       7    0.004391
        2      25       8    0.003843
        2      25       9    0.004832
        2      25      10    0.004249
        2      26       0    0.004236
        2      26       1    0.004749
        2      26       2    0.005188
        2      26       3    0.004911
        2      26       4    0.004463
        2      26       5    0.005426
        2      26       6    0.004742
        2      26       7    0.003997
        2      26       8    0.003607
        2      26       9    0.004725
        2      26      10    0.004348
        2      27       0    0.004219
        2      27       1    0.004379
        2      27       2    0.005047
        2      27       3    0.004938
        2      27       4    0.004524
        2      27       5    0.004778
        2      27       6    0.005315
        2      27       7    0.004257
        2      27       8    0.004178
        2      27       9    0.004572
        2      27      10    0.004823
        2      28       0    0.004639
        2      28       1    0.005430
        2      28       2    0.004860
        2      28       3    0.004440
        2      28       4    0.004776
        2      28       5    0.004745
        2      28       6    0.004377
        2      28       7    0.004726
        2      28       8    0.004152
        2      28       9    0.004757
        2      28      10    0.004419
        2      29       0    0.004546
        2      29       1    0.005451
        2      29       2    0.004467
        2      29       3    0.004624
        2      29       4    0.005595
        2      29       5    0.005856
        2      29       6    0.005951
        2      29       7    0.005112
        2      29       8    0.004648
        2      29       9    0.005837
        2      29      10    0.005331
        2      30       0    0.004129
        2      30       1    0.004763
        2      30       2    0.004706
        2      30       3    0.005048
        2      30       4    0.004585
        2      30       5    0.005060
        2      30       6    0.004352
        2      30       7    0.004013
        2      30       8    0.004088
        2      30       9    0.004277
        2      30      10    0.004290
        2      31       0    0.004482
        2      31       1    0.004480
        2      31       2    0.004518
        2      31       3    0.005164
        2      31       4    0.004952
        2      31       5    0.005054
        2      31       6    0.004870
        2      31       7    0.004371
        2      31       8    0.004027
        2      31       9    0.004871
        2      31      10    0.004365
        3       0       0    0.005635
        3       0       1    0.006669
        3       0       2    0.004985
        3       0       3    0.004503
        3       0       4    0.005688
        3       0       5    0.004520
        3       0       6    0.005961
        3       0       7    0.004400
        3       0       8    0.003985
        3       0       9    0.004732
        3       0      10    0.005465
        3       1       0    0.004860
        3       1       1    0.004817
        3       1       2    0.005132
        3       1       3    0.005055
        3       1       4    0.004800
        3       1       5    0.006119
        3       1       6    0.005555
        3       1       7    0.004043
        3       1       8    0.003908
        3       1       9    0.004837
        3       1      10    0.005573
        3       2       0    0.004707
        3       2       1    0.005143
        3       2       2    0.004676
        3       2       3    0.005390
        3       2       4    0.005561
        3       2       5    0.005051
        3       2       6    0.005124
        3       2       7    0.004655
        3       2       8    0.004545
        3       2       9    0.005657
        3       2      10    0.005685
        3       3       0    0.004715
        3       3       1    0.005136
        3       3       2    0.005064
        3       3       3    0.004864
        3       3       4    0.005286
        3       3       5    0.005277
        3       3       6    0.005322
        3       3       7    0.004889
        3       3       8    0.004406
        3       3       9    0.005520
        3       3      10    0.005645
        3       4       0    0.004995
        3       4       1    0.005632
        3       4       2    0.004887
        3       4       3    0.005281
        3       4       4    0.005108
        3       4       5    0.005911
        3       4       6    0.005569
        3       4       7    0.004339
        3       4       8    0.004807
        3       4       9    0.005663
        3       4      10    0.006435
        3       5       0    0.005303
        3       5       1    0.004989
        3       5       2    0.005376
        3       5       3    0.005721
        3       5       4    0.005078
        3       5       5    0.005128
        3       5       6    0.005710
        3       5       7    0.004752
        3       5       8    0.004826
        3       5       9    0.005925
        3       5      10    0.006657
        3       6       0    0.005381
        3       6       1    0.006693
        3       6       2    0.005390
        3       6       3    0.004778
        3       6       4    0.006306
        3       6       5    0.005229
        3       6       6    0.005798
        3       6       7    0.005840
        3       6       8    0.005315
        3       6       9    0.005711
        3       6      10    0.005594
        3       7       0    0.005553
        3       7       1    0.005528
        3       7       2    0.005062
        3       7       3    0.005315
        3       7       4    0.004919
        3       7       5    0.005339
        3       7       6    0.006083
        3       7       7    0.005847
        3       7       8    0.004885
        3       7       9    0.005431
        3       7      10    0.005154
        3       8       0    0.004598
        3       8       1    0.005089
        3       8       2    0.005063
        3       8       3    0.004934
        3       8       4    0.005092
        3       8       5    0.005037
        3       8       6    0.006176
        3       8       7    0.004440
        3       8       8    0.004623
        3       8       9    0.005913
        3       8      10    0.005675
        3       9       0    0.004882
        3       9       1    0.004822
        3       9       2    0.004961
        3       9       3    0.005002
        3       9       4    0.005159
        3       9       5    0.005431
        3       9       6    0.005533
        3       9       7    0.004648
        3       9       8    0.004339
        3       9       9    0.005534
        3       9      10    0.006103
        3      10       0    0.004469
        3      10       1    0.005471
        3      10       2    0.004903
        3      10       3    0.004981
        3      10       4    0.005280
        3      10       5    0.005605
        3      10       6    0.005524
        3      10       7    0.003996
        3      10       8    0.004492
        3      10       9    0.004811
        3      10      10    0.005525
        3      11       0    0.004909
        3      11       1    0.005017
        3      11       2    0.004373
        3      11       3    0.006058
        3      11       4    0.005183
        3      11       5    0.004591
        3      11       6    0.005914
        3      11       7    0.004961
        3      11       8    0.004646
        3      11       9    0.005781
        3      11      10    0.005885
        3      12       0    0.004882
        3      12       1    0.005469
        3      12       2    0.005456
        3      12       3    0.004857
        3      12       4    0.005618
        3      12       5    0.005461
        3      12       6    0.005801
        3      12       7    0.004835
        3      12       8    0.005007
        3      12       9    0.005775
        3      12      10    0.005205
        3      13       0    0.004501
        3      13       1    0.004688
        3      13       2    0.005729
        3      13       3    0.005251
        3      13       4    0.005553
        3      13       5    0.005930
        3      13       6    0.006501
        3      13       7    0.004478
        3      13       8    0.005406
        3      13       9    0.006914
        3      13      10    0.005832
        3      14       0    0.005245
        3      14       1    0.005231
        3      14       2    0.004811
        3      14       3    0.005135
        3      14       4    0.005538
        3      14       5    0.005452
        3      14       6    0.005636
        3      14       7    0.005096
        3      14       8    0.004700
        3      14       9    0.006168
        3      14      10    0.005556
        3      15       0    0.005091
        3      15       1    0.005620
        3      15       2    0.004557
        3      15       3    0.004860
        3      15       4    0.005163
        3      15       5    0.005117
        3      15       6    0.005826
        3      15       7    0.004463
        3      15       8    0.004753
        3      15       9    0.006215
        3      15      10    0.006118
        3      16       0    0.005435
        3      16       1    0.006001
        3      16       2    0.005277
        3      16       3    0.004999
        3      16       4    0.005993
        3      16       5    0.005699
        3      16       6    0.004821
        3      16       7    0.004442
        3      16       8    0.004850
        3      16       9    0.005348
        3      16      10    0.005341
        3      17       0    0.005046
        3      17       1    0.005252
        3      17       2    0.004939
        3      17       3    0.004923
        3      17       4    0.005409
        3      17       5    0.005421
        3      17       6    0.004809
        3      17       7    0.004324
        3      17       8    0.005133
        3      17       9    0.005505
        3      17      10    0.004904
        3      18       0    0.004696
        3      18       1    0.005296
        3      18       2    0.005122
        3      18       3    0.005249
        3      18       4    0.004996
        3      18       5    0.005703
        3      18       6    0.005119
        3      18       7    0.003948
        3      18       8    0.004011
        3      18       9    0.004966
        3      18      10    0.005193
        3      19       0    0.004908
        3      19       1    0.005679
        3      19       2    0.004974
        3      19       3    0.005126
        3      19       4    0.005043
        3      19       5    0.005771
        3      19       6    0.005075
        3      19       7    0.004949
        3      19       8    0.004471
        3      19       9    0.005567
        3      19      10    0.005342
        3      20       0    0.004256
        3      20       1    0.004660
        3      20       2    0.005140
        3      20       3    0.005287
        3      20       4    0.005518
        3      20       5    0.005640
        3      20       6    0.005455
        3      20       7    0.004629
        3      20       8    0.003913
        3      20       9    0.006618
        3      20      10    0.006475
        3      21       0    0.005539
        3      21       1    0.005684
        3      21       2    0.004977
        3      21       3    0.004827
        3      21       4    0.005540
        3      21       5    0.004445
        3      21       6    0.000751
        3      21       7    0.004409
        3      21       8    0.005080
        3      21       9    0.005798
        3      21      10    0.005060
        3      22       0    0.004842
        3      22       1    0.005006
        3      22       2    0.004976
        3      22       3    0.005006
        3      22       4    0.005216
        3      22       5    0.005292
        3      22       6    0.004986
        3      22       7    0.004222
        3      22       8    0.004294
        3      22       9    0.005155
        3      22      10    0.005270
        3      23       0    0.004902
        3      23       1    0.005509
        3      23       2    0.005878
        3      23       3    0.006368
        3      23       4    0.005007
        3      23       5    0.005784
        3      23       6    0.005170
        3      23       7    0.004640
        3      23       8    0.004204
        3      23       9    0.005724
        3      23      10    0.005653
        3      24       0    0.004991
        3      24       1    0.005404
        3      24       2    0.004445
        3      24       3    0.004900
        3      24       4    0.006080
        3      24       5    0.005585
        3      24       6    0.005168
        3      24       7    0.004428
        3      24       8    0.004256
        3      24       9    0.005910
        3      24      10    0.006050
        3      25       0    0.004878
        3      25       1    0.005758
        3      25       2    0.005621
        3      25       3    0.005608
        3      25       4    0.005309
        3      25       5    0.006075
        3      25       6    0.005814
        3      25       7    0.003962
        3      25       8    0.004040
        3      25       9    0.005782
        3      25      10    0.005482
        3      26       0    0.005416
        3      26       1    0.005994
        3      26       2    0.005587
        3      26       3    0.006251
        3      26       4    0.005011
        3      26       5    0.005934
        3      26       6    0.005319
        3      26       7    0.004641
        3      26       8    0.004033
        3      26       9    0.005434
        3      26      10    0.004841
        3      27       0    0.004422
        3      27       1    0.004848
        3      27       2    0.004499
        3      27       3    0.004509
        3      27       4    0.004591
        3      27       5    0.005705
        3      27       6    0.005489
        3      27       7    0.003752
        3      27       8    0.003848
        3      27       9    0.005432
        3      27      10    0.005623
        3      28       0    0.004745
        3      28       1    0.005043
        3      28       2    0.005457
        3      28       3    0.004159
        3      28       4    0.005389
        3      28       5    0.005707
        3      28       6    0.005437
        3      28       7    0.004233
        3      28       8    0.004225
        3      28       9    0.005790
        3      28      10    0.005266
        3      29       0    0.005431
        3      29       1    0.005228
        3      29       2    0.005864
        3      29       3    0.006088
        3      29       4    0.006065
        3      29       5    0.005796
        3      29       6    0.005102
        3      29       7    0.004819
        3      29       8    0.004897
        3      29       9    0.005330
        3      29      10    0.005876
        3      30       0    0.004864
        3      30       1    0.005301
        3      30       2    0.004848
        3      30       3    0.004858
        3      30       4    0.005395
        3      30       5    0.005448
        3      30       6    0.005269
        3      30       7    0.004248
        3      30       8    0.004128
        3      30       9    0.005948
        3      30      10    0.006280
        3      31       0    0.004514
        3      31       1    0.005011
        3      31       2    0.004786
        3      31       3    0.005032
        3      31       4    0.004644
        3      31       5    0.005844
        3      31       6    0.005626
        3      31       7    0.004739
        3      31       8    0.004945
        3      31       9    0.005623
        3      31      10    0.005837
