    LAYER  SECTOR    WIRE      GAIN
        0       0       0    0.001570
        0       0       1    0.001991
        0       0       2    0.002082
        0       0       3    0.001994
        0       0       4    0.002228
        0       0       5    0.001984
        0       0       6    0.001626
        0       0       7    0.001889
        0       0       8    0.002255
        0       0       9    0.001554
        0       0      10    0.001687
        0       1       0    0.001216
        0       1       1    0.002055
        0       1       2    0.002231
        0       1       3    0.002008
        0       1       4    0.002810
        0       1       5    0.001938
        0       1       6    0.002235
        0       1       7    0.001954
        0       1       8    0.002398
        0       1       9    0.001704
        0       1      10    0.001888
        0       2       0    0.001358
        0       2       1    0.001865
        0       2       2    0.001910
        0       2       3    0.001995
        0       2       4    0.002079
        0       2       5    0.002019
        0       2       6    0.001986
        0       2       7    0.001869
        0       2       8    0.001846
        0       2       9    0.001772
        0       2      10    0.001940
        0       3       0    0.001288
        0       3       1    0.001913
        0       3       2    0.001529
        0       3       3    0.001641
        0       3       4    0.001749
        0       3       5    0.002164
        0       3       6    0.001428
        0       3       7    0.001797
        0       3       8    0.001888
        0       3       9    0.001564
        0       3      10    0.001763
        0       4       0    0.001167
        0       4       1    0.002062
        0       4       2    0.002441
        0       4       3    0.001796
        0       4       4    0.001933
        0       4       5    0.001780
        0       4       6    0.001772
        0       4       7    0.001733
        0       4       8    0.001979
        0       4       9    0.001603
        0       4      10    0.001582
        0       5       0    0.001407
        0       5       1    0.002248
        0       5       2    0.001832
        0       5       3    0.002011
        0       5       4    0.001541
        0       5       5    0.001820
        0       5       6    0.001920
        0       5       7    0.001818
        0       5       8    0.001899
        0       5       9    0.001623
        0       5      10    0.001899
        0       6       0    0.001599
        0       6       1    0.002057
        0       6       2    0.001691
        0       6       3    0.001829
        0       6       4    0.001578
        0       6       5    0.001889
        0       6       6    0.001773
        0       6       7    0.001815
        0       6       8    0.002347
        0       6       9    0.001747
        0       6      10    0.001967
        0       7       0    0.001608
        0       7       1    0.002376
        0       7       2    0.001786
        0       7       3    0.002021
        0       7       4    0.002262
        0       7       5    0.002243
        0       7       6    0.002265
        0       7       7    0.002291
        0       7       8    0.002282
        0       7       9    0.002083
        0       7      10    0.001924
        0       8       0    0.001421
        0       8       1    0.002287
        0       8       2    0.001926
        0       8       3    0.001949
        0       8       4    0.001847
        0       8       5    0.002321
        0       8       6    0.001959
        0       8       7    0.001965
        0       8       8    0.002282
        0       8       9    0.001653
        0       8      10    0.001768
        0       9       0    0.001248
        0       9       1    0.001794
        0       9       2    0.001975
        0       9       3    0.001566
        0       9       4    0.001620
        0       9       5    0.002417
        0       9       6    0.003794
        0       9       7    0.001757
        0       9       8    0.002008
        0       9       9    0.002824
        0       9      10    0.003208
        0      10       0    0.001492
        0      10       1    0.002401
        0      10       2    0.002849
        0      10       3    0.002149
        0      10       4    0.001876
        0      10       5    0.002265
        0      10       6    0.002133
        0      10       7    0.002164
        0      10       8    0.002067
        0      10       9    0.002131
        0      10      10    0.002628
        0      11       0    0.001001
        0      11       1    0.002055
        0      11       2    0.001764
        0      11       3    0.001559
        0      11       4    0.002086
        0      11       5    0.002231
        0      11       6    0.001801
        0      11       7    0.002052
        0      11       8    0.001718
        0      11       9    0.001578
        0      11      10    0.001611
        0      12       0    0.001428
        0      12       1    0.002563
        0      12       2    0.002129
        0      12       3    0.002203
        0      12       4    0.001782
        0      12       5    0.002189
        0      12       6    0.001620
        0      12       7    0.002640
        0      12       8    0.002082
        0      12       9    0.001793
        0      12      10    0.001879
        0      13       0    0.001496
        0      13       1    0.002624
        0      13       2    0.002350
        0      13       3    0.002035
        0      13       4    0.002255
        0      13       5    0.002036
        0      13       6    0.002175
        0      13       7    0.002173
        0      13       8    0.002111
        0      13       9    0.001643
        0      13      10    0.001884
        0      14       0    0.001169
        0      14       1    0.001870
        0      14       2    0.001805
        0      14       3    0.001850
        0      14       4    0.001992
        0      14       5    0.001777
        0      14       6    0.001722
        0      14       7    0.001987
        0      14       8    0.001773
        0      14       9    0.001746
        0      14      10    0.001850
        0      15       0    0.001704
        0      15       1    0.002057
        0      15       2    0.001988
        0      15       3    0.001641
        0      15       4    0.001824
        0      15       5    0.001887
        0      15       6    0.001955
        0      15       7    0.001966
        0      15       8    0.002303
        0      15       9    0.002030
        0      15      10    0.002163
        0      16       0    0.001229
        0      16       1    0.001751
        0      16       2    0.001666
        0      16       3    0.002260
        0      16       4    0.002045
        0      16       5    0.001933
        0      16       6    0.001627
        0      16       7    0.001781
        0      16       8    0.001963
        0      16       9    0.001878
        0      16      10    0.002002
        0      17       0    0.001291
        0      17       1    0.002104
        0      17       2    0.001790
        0      17       3    0.001926
        0      17       4    0.002042
        0      17       5    0.002332
        0      17       6    0.001780
        0      17       7    0.002022
        0      17       8    0.001919
        0      17       9    0.001846
        0      17      10    0.001680
        0      18       0    0.001395
        0      18       1    0.001819
        0      18       2    0.002007
        0      18       3    0.001848
        0      18       4    0.001603
        0      18       5    0.002057
        0      18       6    0.001733
        0      18       7    0.001947
        0      18       8    0.001933
        0      18       9    0.001641
        0      18      10    0.001816
        0      19       0    0.001423
        0      19       1    0.001947
        0      19       2    0.001927
        0      19       3    0.001816
        0      19       4    0.001732
        0      19       5    0.002083
        0      19       6    0.001567
        0      19       7    0.002061
        0      19       8    0.002418
        0      19       9    0.001642
        0      19      10    0.001636
        0      20       0    0.001220
        0      20       1    0.002036
        0      20       2    0.002216
        0      20       3    0.001544
        0      20       4    0.001595
        0      20       5    0.001837
        0      20       6    0.001921
        0      20       7    0.001622
        0      20       8    0.001752
        0      20       9    0.001533
        0      20      10    0.001563
        0      21       0    0.001615
        0      21       1    0.002453
        0      21       2    0.002066
        0      21       3    0.002355
        0      21       4    0.002515
        0      21       5    0.002410
        0      21       6    0.002037
        0      21       7    0.001820
        0      21       8    0.002071
        0      21       9    0.001922
        0      21      10    0.001694
        0      22       0    0.001203
        0      22       1    0.001963
        0      22       2    0.001841
        0      22       3    0.001759
        0      22       4    0.001765
        0      22       5    0.001837
        0      22       6    0.001791
        0      22       7    0.001742
        0      22       8    0.001475
        0      22       9    0.001693
        0      22      10    0.001756
        0      23       0    0.001094
        0      23       1    0.002466
        0      23       2    0.001422
        0      23       3    0.001625
        0      23       4    0.001806
        0      23       5    0.001838
        0      23       6    0.001605
        0      23       7    0.001755
        0      23       8    0.001849
        0      23       9    0.001716
        0      23      10    0.001725
        0      24       0    1.000000
        0      24       1    1.000000
        0      24       2    1.000000
        0      24       3    1.000000
        0      24       4    1.000000
        0      24       5    1.000000
        0      24       6    1.000000
        0      24       7    1.000000
        0      24       8    1.000000
        0      24       9    1.000000
        0      24      10    1.000000
        0      25       0    0.001055
        0      25       1    0.001686
        0      25       2    0.001695
        0      25       3    0.001991
        0      25       4    0.002006
        0      25       5    0.001732
        0      25       6    0.001420
        0      25       7    0.001803
        0      25       8    0.001685
        0      25       9    0.001716
        0      25      10    0.001621
        0      26       0    0.001023
        0      26       1    0.001798
        0      26       2    0.001991
        0      26       3    0.001943
        0      26       4    0.001656
        0      26       5    0.001957
        0      26       6    0.001599
        0      26       7    0.001528
        0      26       8    0.001675
        0      26       9    0.001599
        0      26      10    0.001588
        0      27       0    0.001187
        0      27       1    0.002079
        0      27       2    0.001828
        0      27       3    0.001834
        0      27       4    0.001925
        0      27       5    0.001984
        0      27       6    0.001767
        0      27       7    0.001530
        0      27       8    0.001619
        0      27       9    0.001704
        0      27      10    0.001753
        0      28       0    0.001394
        0      28       1    0.002106
        0      28       2    0.001740
        0      28       3    0.002313
        0      28       4    0.001970
        0      28       5    0.002097
        0      28       6    0.001578
        0      28       7    0.001744
        0      28       8    0.001800
        0      28       9    0.001874
        0      28      10    0.001858
        0      29       0    0.001189
        0      29       1    0.001959
        0      29       2    0.001989
        0      29       3    0.001844
        0      29       4    0.002223
        0      29       5    0.002240
        0      29       6    0.001564
        0      29       7    0.001619
        0      29       8    0.001623
        0      29       9    0.001270
        0      29      10    0.001380
        0      30       0    0.001184
        0      30       1    0.001860
        0      30       2    0.002412
        0      30       3    0.002326
        0      30       4    0.002034
        0      30       5    0.001934
        0      30       6    0.001721
        0      30       7    0.001723
        0      30       8    0.001792
        0      30       9    0.001866
        0      30      10    0.001708
        0      31       0    0.001299
        0      31       1    0.002046
        0      31       2    0.001948
        0      31       3    0.001612
        0      31       4    0.001560
        0      31       5    0.001705
        0      31       6    0.001571
        0      31       7    0.001813
        0      31       8    0.001861
        0      31       9    0.001718
        0      31      10    0.001764
        1       0       0    0.001353
        1       0       1    0.002313
        1       0       2    0.002306
        1       0       3    0.001981
        1       0       4    0.002147
        1       0       5    0.001880
        1       0       6    0.002244
        1       0       7    0.001507
        1       0       8    0.001535
        1       0       9    0.001623
        1       0      10    0.001913
        1       1       0    0.001850
        1       1       1    0.002451
        1       1       2    0.002608
        1       1       3    0.002130
        1       1       4    0.002436
        1       1       5    0.002049
        1       1       6    0.001951
        1       1       7    0.001889
        1       1       8    0.002065
        1       1       9    0.001606
        1       1      10    0.001830
        1       2       0    0.001220
        1       2       1    0.001950
        1       2       2    0.001627
        1       2       3    0.001666
        1       2       4    0.002002
        1       2       5    0.002207
        1       2       6    0.001755
        1       2       7    0.001397
        1       2       8    0.001417
        1       2       9    0.002139
        1       2      10    0.001995
        1       3       0    0.001524
        1       3       1    0.002252
        1       3       2    0.002192
        1       3       3    0.002132
        1       3       4    0.002349
        1       3       5    0.002275
        1       3       6    0.002081
        1       3       7    0.001549
        1       3       8    0.001566
        1       3       9    0.001974
        1       3      10    0.001930
        1       4       0    0.001457
        1       4       1    0.002209
        1       4       2    0.001641
        1       4       3    0.002219
        1       4       4    0.002074
        1       4       5    0.002440
        1       4       6    0.001920
        1       4       7    0.001575
        1       4       8    0.001524
        1       4       9    0.001836
        1       4      10    0.001741
        1       5       0    0.001793
        1       5       1    0.002128
        1       5       2    0.001784
        1       5       3    0.001861
        1       5       4    0.001847
        1       5       5    0.002235
        1       5       6    0.002073
        1       5       7    0.001670
        1       5       8    0.001730
        1       5       9    0.001701
        1       5      10    0.001859
        1       6       0    0.001564
        1       6       1    0.002580
        1       6       2    0.001766
        1       6       3    0.001757
        1       6       4    0.001840
        1       6       5    0.002183
        1       6       6    0.002038
        1       6       7    0.001855
        1       6       8    0.001625
        1       6       9    0.002184
        1       6      10    0.001641
        1       7       0    0.001460
        1       7       1    0.002145
        1       7       2    0.001850
        1       7       3    0.002002
        1       7       4    0.002238
        1       7       5    0.002520
        1       7       6    0.002338
        1       7       7    0.001661
        1       7       8    0.001752
        1       7       9    0.001874
        1       7      10    0.001829
        1       8       0    0.001403
        1       8       1    0.001883
        1       8       2    0.001871
        1       8       3    0.001985
        1       8       4    0.001688
        1       8       5    0.002265
        1       8       6    0.001674
        1       8       7    0.001655
        1       8       8    0.001664
        1       8       9    0.001635
        1       8      10    0.001735
        1       9       0    0.001392
        1       9       1    0.002207
        1       9       2    0.001902
        1       9       3    0.001758
        1       9       4    0.001679
        1       9       5    0.002024
        1       9       6    0.001754
        1       9       7    0.001541
        1       9       8    0.001665
        1       9       9    0.001853
        1       9      10    0.001790
        1      10       0    0.001636
        1      10       1    0.002078
        1      10       2    0.001735
        1      10       3    0.001916
        1      10       4    0.002194
        1      10       5    0.002317
        1      10       6    0.001685
        1      10       7    0.001777
        1      10       8    0.001593
        1      10       9    0.001771
        1      10      10    0.001624
        1      11       0    0.001143
        1      11       1    0.002268
        1      11       2    0.001791
        1      11       3    0.001732
        1      11       4    0.002080
        1      11       5    0.001988
        1      11       6    0.001597
        1      11       7    0.001341
        1      11       8    0.001655
        1      11       9    0.001719
        1      11      10    0.001682
        1      12       0    0.001301
        1      12       1    0.002068
        1      12       2    0.001975
        1      12       3    0.002175
        1      12       4    0.002640
        1      12       5    0.002185
        1      12       6    0.001763
        1      12       7    0.001552
        1      12       8    0.001776
        1      12       9    0.001642
        1      12      10    0.001772
        1      13       0    0.001299
        1      13       1    0.002084
        1      13       2    0.002074
        1      13       3    0.001857
        1      13       4    0.002015
        1      13       5    0.001937
        1      13       6    0.001838
        1      13       7    0.001665
        1      13       8    0.001625
        1      13       9    0.001894
        1      13      10    0.001865
        1      14       0    0.001790
        1      14       1    0.002242
        1      14       2    0.001820
        1      14       3    0.001777
        1      14       4    0.002171
        1      14       5    0.002172
        1      14       6    0.001749
        1      14       7    0.001553
        1      14       8    0.001817
        1      14       9    0.001956
        1      14      10    0.001946
        1      15       0    0.001860
        1      15       1    0.001831
        1      15       2    0.001845
        1      15       3    0.001778
        1      15       4    0.001901
        1      15       5    0.002248
        1      15       6    0.002305
        1      15       7    0.001796
        1      15       8    0.001900
        1      15       9    0.002085
        1      15      10    0.002165
        1      16       0    0.001394
        1      16       1    0.001713
        1      16       2    0.001690
        1      16       3    0.001798
        1      16       4    0.001854
        1      16       5    0.002056
        1      16       6    0.001714
        1      16       7    0.001830
        1      16       8    0.001395
        1      16       9    0.001791
        1      16      10    0.001615
        1      17       0    0.001431
        1      17       1    0.002128
        1      17       2    0.001804
        1      17       3    0.002004
        1      17       4    0.001937
        1      17       5    0.001944
        1      17       6    0.001717
        1      17       7    0.001412
        1      17       8    0.001820
        1      17       9    0.001739
        1      17      10    0.001818
        1      18       0    0.001305
        1      18       1    0.001904
        1      18       2    0.001851
        1      18       3    0.001948
        1      18       4    0.001995
        1      18       5    0.002209
        1      18       6    0.002028
        1      18       7    0.001327
        1      18       8    0.001353
        1      18       9    0.001852
        1      18      10    0.001853
        1      19       0    0.001194
        1      19       1    0.002226
        1      19       2    0.001916
        1      19       3    0.002022
        1      19       4    0.002311
        1      19       5    0.002419
        1      19       6    0.001751
        1      19       7    0.001559
        1      19       8    0.001468
        1      19       9    0.001864
        1      19      10    0.001837
        1      20       0    0.001559
        1      20       1    0.002452
        1      20       2    0.002147
        1      20       3    0.002422
        1      20       4    0.001847
        1      20       5    0.002291
        1      20       6    0.001731
        1      20       7    0.001448
        1      20       8    0.001536
        1      20       9    0.001719
        1      20      10    0.001810
        1      21       0    0.001790
        1      21       1    0.002160
        1      21       2    0.002257
        1      21       3    0.002216
        1      21       4    0.001798
        1      21       5    0.001965
        1      21       6    0.001754
        1      21       7    0.001759
        1      21       8    0.001848
        1      21       9    0.001881
        1      21      10    0.001965
        1      22       0    0.001767
        1      22       1    0.002993
        1      22       2    0.003392
        1      22       3    0.003735
        1      22       4    0.003037
        1      22       5    0.003342
        1      22       6    0.001771
        1      22       7    0.001456
        1      22       8    0.001974
        1      22       9    0.001654
        1      22      10    0.001744
        1      23       0    1.000000
        1      23       1    1.000000
        1      23       2    1.000000
        1      23       3    1.000000
        1      23       4    1.000000
        1      23       5    1.000000
        1      23       6    1.000000
        1      23       7    1.000000
        1      23       8    1.000000
        1      23       9    1.000000
        1      23      10    1.000000
        1      24       0    0.001352
        1      24       1    0.001834
        1      24       2    0.002107
        1      24       3    0.001761
        1      24       4    0.001886
        1      24       5    0.001678
        1      24       6    0.001646
        1      24       7    0.001445
        1      24       8    0.001588
        1      24       9    0.001808
        1      24      10    0.001849
        1      25       0    0.001692
        1      25       1    0.002172
        1      25       2    0.002026
        1      25       3    0.001636
        1      25       4    0.001756
        1      25       5    0.002363
        1      25       6    0.001894
        1      25       7    0.001601
        1      25       8    0.001528
        1      25       9    0.001734
        1      25      10    0.001776
        1      26       0    0.001261
        1      26       1    0.001895
        1      26       2    0.001977
        1      26       3    0.001976
        1      26       4    0.002418
        1      26       5    0.002235
        1      26       6    0.001979
        1      26       7    0.001548
        1      26       8    0.001707
        1      26       9    0.001746
        1      26      10    0.001546
        1      27       0    0.001580
        1      27       1    0.002277
        1      27       2    0.002326
        1      27       3    0.001726
        1      27       4    0.002215
        1      27       5    0.002094
        1      27       6    0.002538
        1      27       7    0.001772
        1      27       8    0.001807
        1      27       9    0.001874
        1      27      10    0.001882
        1      28       0    0.001396
        1      28       1    0.002225
        1      28       2    0.001977
        1      28       3    0.001433
        1      28       4    0.001983
        1      28       5    0.002172
        1      28       6    0.002059
        1      28       7    0.001687
        1      28       8    0.001443
        1      28       9    0.001840
        1      28      10    0.001994
        1      29       0    0.001346
        1      29       1    0.002340
        1      29       2    0.002030
        1      29       3    0.002176
        1      29       4    0.002085
        1      29       5    0.002563
        1      29       6    0.002335
        1      29       7    0.001463
        1      29       8    0.001508
        1      29       9    0.001789
        1      29      10    0.002025
        1      30       0    0.001419
        1      30       1    0.002081
        1      30       2    0.002093
        1      30       3    0.002084
        1      30       4    0.002085
        1      30       5    0.001670
        1      30       6    0.001843
        1      30       7    0.001527
        1      30       8    0.001540
        1      30       9    0.001823
        1      30      10    0.002263
        1      31       0    0.001354
        1      31       1    0.001943
        1      31       2    0.001752
        1      31       3    0.001739
        1      31       4    0.001823
        1      31       5    0.001997
        1      31       6    0.001585
        1      31       7    0.001523
        1      31       8    0.001857
        1      31       9    0.001611
        1      31      10    0.001775
        2       0       0    0.001680
        2       0       1    0.001832
        2       0       2    0.002098
        2       0       3    0.001701
        2       0       4    0.001975
        2       0       5    0.001894
        2       0       6    0.001988
        2       0       7    0.001379
        2       0       8    0.001485
        2       0       9    0.001735
        2       0      10    0.001924
        2       1       0    0.001637
        2       1       1    0.001819
        2       1       2    0.002056
        2       1       3    0.002000
        2       1       4    0.002106
        2       1       5    0.002488
        2       1       6    0.002077
        2       1       7    0.001743
        2       1       8    0.002065
        2       1       9    0.002253
        2       1      10    0.001956
        2       2       0    0.002221
        2       2       1    0.002359
        2       2       2    0.002012
        2       2       3    0.001553
        2       2       4    0.001913
        2       2       5    0.002120
        2       2       6    0.001904
        2       2       7    0.001449
        2       2       8    0.001519
        2       2       9    0.001933
        2       2      10    0.001935
        2       3       0    0.001230
        2       3       1    0.002035
        2       3       2    0.001975
        2       3       3    0.001741
        2       3       4    0.002101
        2       3       5    0.002223
        2       3       6    0.001983
        2       3       7    0.001733
        2       3       8    0.001635
        2       3       9    0.001934
        2       3      10    0.002456
        2       4       0    0.001326
        2       4       1    0.001864
        2       4       2    0.001737
        2       4       3    0.001957
        2       4       4    0.001840
        2       4       5    0.002229
        2       4       6    0.001765
        2       4       7    0.001642
        2       4       8    0.001728
        2       4       9    0.002154
        2       4      10    0.001856
        2       5       0    0.001481
        2       5       1    0.002019
        2       5       2    0.002007
        2       5       3    0.002202
        2       5       4    0.001794
        2       5       5    0.002378
        2       5       6    0.002310
        2       5       7    0.001636
        2       5       8    0.001792
        2       5       9    0.002204
        2       5      10    0.002197
        2       6       0    0.001598
        2       6       1    0.002271
        2       6       2    0.001852
        2       6       3    0.002084
        2       6       4    0.001594
        2       6       5    0.001997
        2       6       6    0.002422
        2       6       7    0.001734
        2       6       8    0.001605
        2       6       9    0.002105
        2       6      10    0.002275
        2       7       0    0.001515
        2       7       1    0.002058
        2       7       2    0.002060
        2       7       3    0.001936
        2       7       4    0.002090
        2       7       5    0.002473
        2       7       6    0.002181
        2       7       7    0.001990
        2       7       8    0.001814
        2       7       9    0.002608
        2       7      10    0.002141
        2       8       0    0.001544
        2       8       1    0.002111
        2       8       2    0.002051
        2       8       3    0.002044
        2       8       4    0.001832
        2       8       5    0.002244
        2       8       6    0.002400
        2       8       7    0.001655
        2       8       8    0.001590
        2       8       9    0.002093
        2       8      10    0.002096
        2       9       0    0.001455
        2       9       1    0.001982
        2       9       2    0.001849
        2       9       3    0.001649
        2       9       4    0.002066
        2       9       5    0.002080
        2       9       6    0.001966
        2       9       7    0.001670
        2       9       8    0.001791
        2       9       9    0.001773
        2       9      10    0.001938
        2      10       0    0.001484
        2      10       1    0.002295
        2      10       2    0.002041
        2      10       3    0.002062
        2      10       4    0.002121
        2      10       5    0.002128
        2      10       6    0.001942
        2      10       7    0.001580
        2      10       8    0.001637
        2      10       9    0.001993
        2      10      10    0.002160
        2      11       0    0.001256
        2      11       1    0.002169
        2      11       2    0.001719
        2      11       3    0.001795
        2      11       4    0.001820
        2      11       5    0.001903
        2      11       6    0.001601
        2      11       7    0.001530
        2      11       8    0.001542
        2      11       9    0.001975
        2      11      10    0.001906
        2      12       0    0.001543
        2      12       1    0.002267
        2      12       2    0.002283
        2      12       3    0.001858
        2      12       4    0.001625
        2      12       5    0.002195
        2      12       6    0.001744
        2      12       7    0.001713
        2      12       8    0.001820
        2      12       9    0.002128
        2      12      10    0.002252
        2      13       0    0.001512
        2      13       1    0.002230
        2      13       2    0.001813
        2      13       3    0.001882
        2      13       4    0.002336
        2      13       5    0.002274
        2      13       6    0.001933
        2      13       7    0.001521
        2      13       8    0.001624
        2      13       9    0.001826
        2      13      10    0.001898
        2      14       0    0.001670
        2      14       1    0.002471
        2      14       2    0.002319
        2      14       3    0.002370
        2      14       4    0.002670
        2      14       5    0.002687
        2      14       6    0.002072
        2      14       7    0.001343
        2      14       8    0.001373
        2      14       9    0.001815
        2      14      10    0.001756
        2      15       0    0.001449
        2      15       1    0.001990
        2      15       2    0.002116
        2      15       3    0.001762
        2      15       4    0.001806
        2      15       5    0.002066
        2      15       6    0.001645
        2      15       7    0.001475
        2      15       8    0.001562
        2      15       9    0.001950
        2      15      10    0.002045
        2      16       0    0.001561
        2      16       1    0.002154
        2      16       2    0.002343
        2      16       3    0.002057
        2      16       4    0.001927
        2      16       5    0.002253
        2      16       6    0.001325
        2      16       7    0.001591
        2      16       8    0.001732
        2      16       9    0.001824
        2      16      10    0.002027
        2      17       0    0.001251
        2      17       1    0.001966
        2      17       2    0.001965
        2      17       3    0.001868
        2      17       4    0.002184
        2      17       5    0.001953
        2      17       6    0.001879
        2      17       7    0.001634
        2      17       8    0.001519
        2      17       9    0.002088
        2      17      10    0.001980
        2      18       0    0.001366
        2      18       1    0.001606
        2      18       2    0.001677
        2      18       3    0.002394
        2      18       4    0.001640
        2      18       5    0.001909
        2      18       6    0.001600
        2      18       7    0.001506
        2      18       8    0.001404
        2      18       9    0.001690
        2      18      10    0.001608
        2      19       0    0.001426
        2      19       1    0.002670
        2      19       2    0.002110
        2      19       3    0.001895
        2      19       4    0.001979
        2      19       5    0.001931
        2      19       6    0.001690
        2      19       7    0.001566
        2      19       8    0.001558
        2      19       9    0.001917
        2      19      10    0.001823
        2      20       0    0.001366
        2      20       1    0.002353
        2      20       2    0.002354
        2      20       3    0.002382
        2      20       4    0.002113
        2      20       5    0.001964
        2      20       6    0.001830
        2      20       7    0.001456
        2      20       8    0.001416
        2      20       9    0.001910
        2      20      10    0.002013
        2      21       0    0.001661
        2      21       1    0.002630
        2      21       2    0.001955
        2      21       3    0.002163
        2      21       4    0.002020
        2      21       5    0.002405
        2      21       6    0.001503
        2      21       7    0.001668
        2      21       8    0.001588
        2      21       9    0.001844
        2      21      10    0.001794
        2      22       0    0.001746
        2      22       1    0.001891
        2      22       2    0.002052
        2      22       3    0.001840
        2      22       4    0.002011
        2      22       5    0.002119
        2      22       6    0.001675
        2      22       7    0.001586
        2      22       8    0.001527
        2      22       9    0.001799
        2      22      10    0.001850
        2      23       0    0.001178
        2      23       1    0.002300
        2      23       2    0.002313
        2      23       3    0.001766
        2      23       4    0.001688
        2      23       5    0.002253
        2      23       6    0.001635
        2      23       7    0.001359
        2      23       8    0.001446
        2      23       9    0.001977
        2      23      10    0.002167
        2      24       0    0.001354
        2      24       1    0.002178
        2      24       2    0.001692
        2      24       3    0.001646
        2      24       4    0.002154
        2      24       5    0.001794
        2      24       6    0.001632
        2      24       7    0.001533
        2      24       8    0.001496
        2      24       9    0.002074
        2      24      10    0.002175
        2      25       0    0.001233
        2      25       1    0.001596
        2      25       2    0.001571
        2      25       3    0.001434
        2      25       4    0.001859
        2      25       5    0.002054
        2      25       6    0.001614
        2      25       7    0.001297
        2      25       8    0.001297
        2      25       9    0.001823
        2      25      10    0.001845
        2      26       0    0.001343
        2      26       1    0.001816
        2      26       2    0.002348
        2      26       3    0.001497
        2      26       4    0.001790
        2      26       5    0.001891
        2      26       6    0.001552
        2      26       7    0.001434
        2      26       8    0.001725
        2      26       9    0.001700
        2      26      10    0.001661
        2      27       0    0.001513
        2      27       1    0.001953
        2      27       2    0.001705
        2      27       3    0.001720
        2      27       4    0.001960
        2      27       5    0.001933
        2      27       6    0.002011
        2      27       7    0.001727
        2      27       8    0.001528
        2      27       9    0.002014
        2      27      10    0.001948
        2      28       0    0.001747
        2      28       1    0.001891
        2      28       2    0.001726
        2      28       3    0.001842
        2      28       4    0.001714
        2      28       5    0.002133
        2      28       6    0.001595
        2      28       7    0.001784
        2      28       8    0.001725
        2      28       9    0.002047
        2      28      10    0.002011
        2      29       0    0.001471
        2      29       1    0.002116
        2      29       2    0.001820
        2      29       3    0.001568
        2      29       4    0.001948
        2      29       5    0.001828
        2      29       6    0.001638
        2      29       7    0.001617
        2      29       8    0.001753
        2      29       9    0.001951
        2      29      10    0.001807
        2      30       0    0.001579
        2      30       1    0.002116
        2      30       2    0.001692
        2      30       3    0.001622
        2      30       4    0.001891
        2      30       5    0.001856
        2      30       6    0.002149
        2      30       7    0.001627
        2      30       8    0.002045
        2      30       9    0.002011
        2      30      10    0.002087
        2      31       0    0.001494
        2      31       1    0.002081
        2      31       2    0.001774
        2      31       3    0.001823
        2      31       4    0.001760
        2      31       5    0.001871
        2      31       6    0.001851
        2      31       7    0.001542
        2      31       8    0.001819
        2      31       9    0.001905
        2      31      10    0.001883
        3       0       0    0.001658
        3       0       1    0.003426
        3       0       2    0.002015
        3       0       3    0.002060
        3       0       4    0.002373
        3       0       5    0.002184
        3       0       6    0.001736
        3       0       7    0.001868
        3       0       8    0.001799
        3       0       9    0.002095
        3       0      10    0.002181
        3       1       0    0.001640
        3       1       1    0.002454
        3       1       2    0.002475
        3       1       3    0.001834
        3       1       4    0.001979
        3       1       5    0.002090
        3       1       6    0.001911
        3       1       7    0.001838
        3       1       8    0.001815
        3       1       9    0.002559
        3       1      10    0.002297
        3       2       0    0.001478
        3       2       1    0.002155
        3       2       2    0.001815
        3       2       3    0.002059
        3       2       4    0.001960
        3       2       5    0.002721
        3       2       6    0.001722
        3       2       7    0.001587
        3       2       8    0.001662
        3       2       9    0.002424
        3       2      10    0.002509
        3       3       0    0.001508
        3       3       1    0.002110
        3       3       2    0.002562
        3       3       3    0.002746
        3       3       4    0.002461
        3       3       5    0.002300
        3       3       6    0.001901
        3       3       7    0.001520
        3       3       8    0.001703
        3       3       9    0.002078
        3       3      10    0.002176
        3       4       0    0.001711
        3       4       1    0.001957
        3       4       2    0.002011
        3       4       3    0.002001
        3       4       4    0.001790
        3       4       5    0.002137
        3       4       6    0.002171
        3       4       7    0.001500
        3       4       8    0.001693
        3       4       9    0.002610
        3       4      10    0.002550
        3       5       0    0.001824
        3       5       1    0.002162
        3       5       2    0.002432
        3       5       3    0.001902
        3       5       4    0.002029
        3       5       5    0.002130
        3       5       6    0.001739
        3       5       7    0.001618
        3       5       8    0.001636
        3       5       9    0.002096
        3       5      10    0.002165
        3       6       0    0.001913
        3       6       1    0.002746
        3       6       2    0.002179
        3       6       3    0.002236
        3       6       4    0.002059
        3       6       5    0.002052
        3       6       6    0.002091
        3       6       7    0.001987
        3       6       8    0.001910
        3       6       9    0.002701
        3       6      10    0.002682
        3       7       0    0.001916
        3       7       1    0.001982
        3       7       2    0.002503
        3       7       3    0.002235
        3       7       4    0.001995
        3       7       5    0.002585
        3       7       6    0.001966
        3       7       7    0.001782
        3       7       8    0.001882
        3       7       9    0.002266
        3       7      10    0.002287
        3       8       0    0.001753
        3       8       1    0.002080
        3       8       2    0.002174
        3       8       3    0.001827
        3       8       4    0.002216
        3       8       5    0.002121
        3       8       6    0.002400
        3       8       7    0.001654
        3       8       8    0.001862
        3       8       9    0.002195
        3       8      10    0.002229
        3       9       0    0.002001
        3       9       1    0.002138
        3       9       2    0.002357
        3       9       3    0.001999
        3       9       4    0.002114
        3       9       5    0.001856
        3       9       6    0.001844
        3       9       7    0.001807
        3       9       8    0.001852
        3       9       9    0.002395
        3       9      10    0.002533
        3      10       0    0.002027
        3      10       1    0.002089
        3      10       2    0.001963
        3      10       3    0.002342
        3      10       4    0.001874
        3      10       5    0.001983
        3      10       6    0.002122
        3      10       7    0.001779
        3      10       8    0.001790
        3      10       9    0.002167
        3      10      10    0.002278
        3      11       0    0.001766
        3      11       1    0.001742
        3      11       2    0.002029
        3      11       3    0.001766
        3      11       4    0.001974
        3      11       5    0.001953
        3      11       6    0.001964
        3      11       7    0.002128
        3      11       8    0.002146
        3      11       9    0.002640
        3      11      10    0.002537
        3      12       0    0.001816
        3      12       1    0.002084
        3      12       2    0.002165
        3      12       3    0.002166
        3      12       4    0.002111
        3      12       5    0.002693
        3      12       6    0.001892
        3      12       7    0.001892
        3      12       8    0.001875
        3      12       9    0.002322
        3      12      10    0.002210
        3      13       0    0.001906
        3      13       1    0.001961
        3      13       2    0.001923
        3      13       3    0.002077
        3      13       4    0.002015
        3      13       5    0.002281
        3      13       6    0.002143
        3      13       7    0.002102
        3      13       8    0.001986
        3      13       9    0.002219
        3      13      10    0.002368
        3      14       0    0.001669
        3      14       1    0.002330
        3      14       2    0.002241
        3      14       3    0.002348
        3      14       4    0.002230
        3      14       5    0.002187
        3      14       6    0.001958
        3      14       7    0.001863
        3      14       8    0.001764
        3      14       9    0.002250
        3      14      10    0.002564
        3      15       0    0.001485
        3      15       1    0.002148
        3      15       2    0.001825
        3      15       3    0.002086
        3      15       4    0.002261
        3      15       5    0.002514
        3      15       6    0.001624
        3      15       7    0.001677
        3      15       8    0.001672
        3      15       9    0.002195
        3      15      10    0.002193
        3      16       0    0.001649
        3      16       1    0.001904
        3      16       2    0.001886
        3      16       3    0.002029
        3      16       4    0.001920
        3      16       5    0.002029
        3      16       6    0.001696
        3      16       7    0.001602
        3      16       8    0.001588
        3      16       9    0.002268
        3      16      10    0.002125
        3      17       0    0.001797
        3      17       1    0.002111
        3      17       2    0.001695
        3      17       3    0.002133
        3      17       4    0.002064
        3      17       5    0.001955
        3      17       6    0.001813
        3      17       7    0.001429
        3      17       8    0.001781
        3      17       9    0.002321
        3      17      10    0.002481
        3      18       0    0.001768
        3      18       1    0.002073
        3      18       2    0.001913
        3      18       3    0.001875
        3      18       4    0.001721
        3      18       5    0.002089
        3      18       6    0.001703
        3      18       7    0.001947
        3      18       8    0.001955
        3      18       9    0.002267
        3      18      10    0.002534
        3      19       0    0.001731
        3      19       1    0.002189
        3      19       2    0.002038
        3      19       3    0.002226
        3      19       4    0.002178
        3      19       5    0.002182
        3      19       6    0.001812
        3      19       7    0.001654
        3      19       8    0.001739
        3      19       9    0.002131
        3      19      10    0.002252
        3      20       0    0.001685
        3      20       1    0.002108
        3      20       2    0.001915
        3      20       3    0.001959
        3      20       4    0.001963
        3      20       5    0.002292
        3      20       6    0.001705
        3      20       7    0.001639
        3      20       8    0.001720
        3      20       9    0.002136
        3      20      10    0.002070
        3      21       0    0.002150
        3      21       1    0.002181
        3      21       2    0.001826
        3      21       3    0.002076
        3      21       4    0.002110
        3      21       5    0.002012
        3      21       6    0.001589
        3      21       7    0.001644
        3      21       8    0.001564
        3      21       9    0.002291
        3      21      10    0.002368
        3      22       0    0.002143
        3      22       1    0.002186
        3      22       2    0.002292
        3      22       3    0.002196
        3      22       4    0.002022
        3      22       5    0.002211
        3      22       6    0.001810
        3      22       7    0.001830
        3      22       8    0.002106
        3      22       9    0.002632
        3      22      10    0.002808
        3      23       0    0.001425
        3      23       1    0.002715
        3      23       2    0.002022
        3      23       3    0.002135
        3      23       4    0.001640
        3      23       5    0.002426
        3      23       6    0.002074
        3      23       7    0.001351
        3      23       8    0.001523
        3      23       9    0.002168
        3      23      10    0.002282
        3      24       0    0.001388
        3      24       1    0.002099
        3      24       2    0.002069
        3      24       3    0.002063
        3      24       4    0.001948
        3      24       5    0.001710
        3      24       6    0.001455
        3      24       7    0.001588
        3      24       8    0.001846
        3      24       9    0.002245
        3      24      10    0.002224
        3      25       0    0.001660
        3      25       1    0.001969
        3      25       2    0.002102
        3      25       3    0.001961
        3      25       4    0.001994
        3      25       5    0.001816
        3      25       6    0.001933
        3      25       7    0.001487
        3      25       8    0.001876
        3      25       9    0.002231
        3      25      10    0.002395
        3      26       0    0.001659
        3      26       1    0.002425
        3      26       2    0.002161
        3      26       3    0.002295
        3      26       4    0.002162
        3      26       5    0.002271
        3      26       6    0.001611
        3      26       7    0.001790
        3      26       8    0.001633
        3      26       9    0.002028
        3      26      10    0.002158
        3      27       0    0.001806
        3      27       1    0.002240
        3      27       2    0.002272
        3      27       3    0.002268
        3      27       4    0.002253
        3      27       5    0.002342
        3      27       6    0.001741
        3      27       7    0.001964
        3      27       8    0.001715
        3      27       9    0.002323
        3      27      10    0.002341
        3      28       0    0.001806
        3      28       1    0.002389
        3      28       2    0.002005
        3      28       3    0.001905
        3      28       4    0.002060
        3      28       5    0.002238
        3      28       6    0.001900
        3      28       7    0.001863
        3      28       8    0.001876
        3      28       9    0.002532
        3      28      10    0.002569
        3      29       0    0.001821
        3      29       1    0.001963
        3      29       2    0.001697
        3      29       3    0.001880
        3      29       4    0.001983
        3      29       5    0.002471
        3      29       6    0.001631
        3      29       7    0.001963
        3      29       8    0.001948
        3      29       9    0.001972
        3      29      10    0.002623
        3      30       0    0.001691
        3      30       1    0.001939
        3      30       2    0.001713
        3      30       3    0.001695
        3      30       4    0.002093
        3      30       5    0.002133
        3      30       6    0.001977
        3      30       7    0.001697
        3      30       8    0.001704
        3      30       9    0.002746
        3      30      10    0.002449
        3      31       0    0.001589
        3      31       1    0.002262
        3      31       2    0.001893
        3      31       3    0.001767
        3      31       4    0.002071
        3      31       5    0.002470
        3      31       6    0.001593
        3      31       7    0.001682
        3      31       8    0.002220
        3      31       9    0.001923
        3      31      10    0.002004
