       20000
    2.0   5.50  42.06      61
 0.006 0.095 0.292 0.499 0.654 0.759 0.825 0.869 0.899 0.917
 0.931 0.942 0.951 0.958 0.962 0.965 0.968 0.971 0.974 0.976
 0.978 0.980 0.981 0.982 0.984 0.985 0.986 0.987 0.988 0.988
 0.989 0.989 0.990 0.990 0.991 0.991 0.992 0.992 0.992 0.992
 0.993 0.993 0.993 0.994 0.994 0.994 0.994 0.995 0.995 0.995
 0.995 0.996 0.996 0.996 0.996 0.996 0.996 0.997 0.997 0.997
 1.000
       20000
    5.0   5.34  40.97      61
 0.008 0.114 0.325 0.530 0.683 0.781 0.841 0.879 0.904 0.921
 0.934 0.944 0.953 0.958 0.963 0.967 0.970 0.973 0.975 0.977
 0.979 0.980 0.982 0.983 0.984 0.984 0.986 0.986 0.987 0.988
 0.988 0.989 0.989 0.990 0.990 0.991 0.991 0.992 0.992 0.992
 0.993 0.993 0.994 0.994 0.994 0.994 0.994 0.994 0.995 0.995
 0.995 0.995 0.995 0.996 0.996 0.996 0.996 0.996 0.996 0.996
 1.000
       20000
    7.5   5.38  41.92      61
 0.006 0.094 0.297 0.507 0.663 0.763 0.827 0.870 0.898 0.919
 0.933 0.944 0.953 0.960 0.965 0.970 0.973 0.976 0.978 0.980
 0.981 0.982 0.984 0.985 0.986 0.987 0.987 0.988 0.988 0.989
 0.990 0.990 0.991 0.992 0.992 0.992 0.992 0.993 0.993 0.993
 0.994 0.994 0.994 0.995 0.995 0.995 0.995 0.996 0.996 0.996
 0.996 0.997 0.997 0.997 0.997 0.997 0.997 0.997 0.998 0.998
 1.000
       20000
   10.0   5.50  42.73      61
 0.005 0.088 0.276 0.485 0.644 0.749 0.821 0.868 0.898 0.921
 0.936 0.946 0.954 0.960 0.965 0.969 0.971 0.974 0.977 0.978
 0.980 0.981 0.983 0.984 0.984 0.986 0.987 0.987 0.988 0.989
 0.990 0.990 0.990 0.991 0.991 0.992 0.992 0.993 0.993 0.993
 0.994 0.994 0.994 0.994 0.995 0.995 0.995 0.995 0.996 0.996
 0.996 0.996 0.996 0.997 0.997 0.997 0.997 0.997 0.997 0.997
 1.000
       20000
   25.0   6.08  45.50      61
 0.002 0.053 0.207 0.406 0.577 0.704 0.783 0.836 0.872 0.898
 0.918 0.932 0.942 0.951 0.957 0.962 0.966 0.969 0.971 0.973
 0.976 0.978 0.979 0.980 0.981 0.983 0.984 0.984 0.985 0.986
 0.987 0.987 0.988 0.988 0.989 0.989 0.990 0.990 0.991 0.991
 0.992 0.993 0.993 0.993 0.993 0.994 0.994 0.994 0.994 0.995
 0.995 0.995 0.995 0.996 0.996 0.996 0.996 0.996 0.997 0.997
 1.000
       20000
   50.0   6.11  45.48      61
 0.003 0.054 0.204 0.401 0.573 0.694 0.777 0.831 0.868 0.896
 0.917 0.930 0.941 0.950 0.956 0.962 0.966 0.970 0.973 0.976
 0.977 0.979 0.980 0.981 0.982 0.983 0.985 0.985 0.986 0.987
 0.987 0.988 0.988 0.989 0.990 0.990 0.990 0.991 0.991 0.992
 0.992 0.992 0.993 0.993 0.993 0.993 0.994 0.994 0.994 0.994
 0.995 0.995 0.995 0.995 0.995 0.996 0.996 0.996 0.996 0.996
 1.000
       20000
   75.0   6.79  49.29      61
 0.001 0.027 0.131 0.299 0.469 0.610 0.714 0.786 0.835 0.869
 0.896 0.915 0.931 0.941 0.949 0.956 0.961 0.965 0.968 0.971
 0.973 0.975 0.977 0.978 0.979 0.981 0.982 0.983 0.984 0.985
 0.986 0.987 0.987 0.988 0.988 0.988 0.989 0.989 0.990 0.991
 0.991 0.992 0.992 0.993 0.993 0.993 0.993 0.994 0.994 0.994
 0.995 0.995 0.995 0.995 0.996 0.996 0.996 0.996 0.996 0.997
 1.000
       20000
  100.0   6.66  49.33      61
 0.001 0.027 0.134 0.300 0.474 0.618 0.722 0.795 0.843 0.874
 0.900 0.918 0.932 0.943 0.951 0.957 0.962 0.966 0.969 0.972
 0.974 0.976 0.978 0.980 0.982 0.983 0.984 0.985 0.986 0.987
 0.988 0.989 0.989 0.990 0.990 0.991 0.992 0.992 0.992 0.993
 0.993 0.993 0.993 0.994 0.994 0.994 0.994 0.994 0.995 0.995
 0.995 0.995 0.995 0.996 0.996 0.996 0.996 0.997 0.997 0.997
 1.000
       20000
  250.0   7.25  52.67      61
 0.000 0.015 0.088 0.226 0.391 0.543 0.665 0.748 0.807 0.850
 0.881 0.905 0.919 0.932 0.944 0.951 0.958 0.964 0.968 0.971
 0.974 0.976 0.978 0.980 0.981 0.982 0.984 0.984 0.985 0.986
 0.986 0.987 0.987 0.988 0.988 0.989 0.990 0.990 0.990 0.990
 0.991 0.991 0.992 0.992 0.993 0.993 0.993 0.994 0.994 0.994
 0.995 0.995 0.995 0.995 0.996 0.996 0.996 0.996 0.997 0.997
 1.000
       20000
  500.0   7.51  53.98      61
 0.000 0.012 0.073 0.199 0.356 0.511 0.634 0.725 0.789 0.837
 0.869 0.895 0.915 0.929 0.941 0.950 0.956 0.962 0.966 0.970
 0.972 0.975 0.976 0.978 0.979 0.981 0.981 0.983 0.984 0.984
 0.985 0.986 0.987 0.987 0.988 0.989 0.990 0.990 0.990 0.991
 0.991 0.992 0.992 0.993 0.993 0.993 0.994 0.994 0.994 0.994
 0.995 0.995 0.995 0.996 0.996 0.996 0.996 0.996 0.997 0.997
 1.000
       20000
  750.0   7.47  54.29      61
 0.000 0.012 0.071 0.198 0.359 0.512 0.633 0.724 0.787 0.835
 0.871 0.895 0.916 0.930 0.941 0.949 0.956 0.962 0.967 0.970
 0.973 0.975 0.977 0.979 0.981 0.982 0.983 0.984 0.985 0.986
 0.987 0.987 0.988 0.989 0.989 0.990 0.990 0.991 0.991 0.991
 0.992 0.992 0.992 0.992 0.993 0.993 0.993 0.994 0.994 0.995
 0.995 0.995 0.995 0.996 0.996 0.996 0.996 0.996 0.997 0.997
 1.000
       20000
 1000.0   7.69  54.74      61
 0.000 0.011 0.064 0.185 0.337 0.491 0.619 0.714 0.780 0.828
 0.863 0.890 0.908 0.924 0.934 0.945 0.952 0.957 0.962 0.965
 0.969 0.972 0.975 0.977 0.978 0.980 0.981 0.982 0.983 0.984
 0.985 0.986 0.987 0.987 0.988 0.988 0.989 0.989 0.990 0.990
 0.990 0.991 0.991 0.991 0.992 0.992 0.993 0.993 0.993 0.993
 0.994 0.994 0.994 0.994 0.995 0.995 0.995 0.996 0.996 0.996
 1.000
       20000
 2500.0   7.70  55.33      61
 0.000 0.011 0.063 0.177 0.326 0.479 0.607 0.704 0.774 0.824
 0.859 0.887 0.908 0.923 0.936 0.945 0.953 0.958 0.963 0.968
 0.971 0.974 0.976 0.978 0.980 0.982 0.983 0.984 0.985 0.986
 0.987 0.988 0.988 0.989 0.990 0.990 0.990 0.991 0.991 0.992
 0.992 0.992 0.992 0.993 0.993 0.993 0.994 0.994 0.994 0.995
 0.995 0.995 0.995 0.996 0.996 0.996 0.996 0.997 0.997 0.997
 1.000
       20000
 5000.0   7.79  55.17      61
 0.000 0.009 0.062 0.178 0.327 0.481 0.610 0.705 0.772 0.822
 0.858 0.886 0.906 0.922 0.935 0.945 0.952 0.957 0.962 0.965
 0.969 0.972 0.974 0.976 0.978 0.980 0.981 0.982 0.983 0.984
 0.985 0.985 0.986 0.987 0.987 0.988 0.989 0.989 0.990 0.990
 0.990 0.991 0.991 0.991 0.992 0.992 0.992 0.993 0.993 0.993
 0.994 0.994 0.994 0.994 0.994 0.995 0.995 0.995 0.996 0.996
 1.000
