61
  0.5000001       1000.000    
 0.0193 0.0346 0.0675 0.1492 0.2598 0.3715 0.4736 0.5576 0.6370 0.6960
 0.7459 0.7867 0.8270 0.8627 0.8866 0.9121 0.9297 0.9433 0.9518 0.9631
 0.9716 0.9790 0.9830 0.9875 0.9909 0.9921 0.9938 0.9943 0.9949 0.9949
 0.9966 0.9977 0.9977 0.9983 0.9989 0.9989 0.9994 0.9994 1.0000 1.0000
 1.0000 1.0000 1.0000 1.0000 1.0000 1.0000 1.0000 1.0000 1.0000 1.0000
 1.0000 1.0000 1.0000 1.0000 1.0000 1.0000 1.0000 1.0000 1.0000 1.0000
 1.0000
  0.5000001       1500.000    
 0.0164 0.0318 0.0573 0.1242 0.2045 0.2687 0.3199 0.3714 0.4296 0.4889
 0.5456 0.6019 0.6565 0.7016 0.7331 0.7673 0.7995 0.8264 0.8519 0.8737
 0.8919 0.9085 0.9194 0.9297 0.9397 0.9452 0.9543 0.9615 0.9679 0.9730
 0.9776 0.9803 0.9818 0.9842 0.9873 0.9900 0.9924 0.9936 0.9955 0.9964
 0.9964 0.9970 0.9979 0.9985 0.9988 0.9988 0.9991 0.9994 0.9997 0.9997
 1.0000 1.0000 1.0000 1.0000 1.0000 1.0000 1.0000 1.0000 1.0000 1.0000
 1.0000
  0.5000001       2000.000    
 0.0140 0.0246 0.0496 0.1021 0.1508 0.2023 0.2442 0.2917 0.3394 0.3904
 0.4494 0.5077 0.5585 0.6098 0.6479 0.6893 0.7254 0.7526 0.7806 0.8020
 0.8206 0.8439 0.8581 0.8745 0.8887 0.8996 0.9123 0.9232 0.9326 0.9420
 0.9499 0.9542 0.9576 0.9619 0.9675 0.9716 0.9754 0.9795 0.9807 0.9836
 0.9860 0.9872 0.9889 0.9916 0.9925 0.9942 0.9952 0.9961 0.9961 0.9971
 0.9978 0.9981 0.9983 0.9990 0.9993 0.9998 1.0000 1.0000 1.0000 1.0000
 1.0000
  0.5000001       2500.000    
 0.0053 0.0084 0.0180 0.0418 0.0722 0.0966 0.1227 0.1620 0.2070 0.2600
 0.3124 0.3623 0.4110 0.4530 0.4879 0.5243 0.5540 0.5832 0.6111 0.6402
 0.6620 0.6849 0.7064 0.7261 0.7464 0.7652 0.7855 0.8015 0.8176 0.8333
 0.8470 0.8611 0.8737 0.8826 0.8931 0.9034 0.9148 0.9226 0.9305 0.9369
 0.9431 0.9487 0.9540 0.9595 0.9650 0.9687 0.9721 0.9740 0.9777 0.9812
 0.9863 0.9889 0.9904 0.9916 0.9934 0.9954 0.9968 0.9976 0.9997 1.0000
 1.0000
  0.5000001       3000.000    
 0.0040 0.0058 0.0132 0.0266 0.0460 0.0634 0.0840 0.1244 0.1685 0.2132
 0.2549 0.2992 0.3366 0.3697 0.4030 0.4307 0.4604 0.4893 0.5184 0.5429
 0.5687 0.5948 0.6206 0.6427 0.6646 0.6884 0.7095 0.7303 0.7493 0.7672
 0.7814 0.7969 0.8118 0.8261 0.8387 0.8498 0.8625 0.8751 0.8865 0.8972
 0.9075 0.9164 0.9244 0.9325 0.9395 0.9453 0.9513 0.9570 0.9629 0.9686
 0.9737 0.9768 0.9806 0.9838 0.9875 0.9907 0.9930 0.9957 0.9972 1.0000
 1.0000
  0.5000001       3500.000    
 0.0020 0.0040 0.0106 0.0258 0.0440 0.0604 0.0816 0.1131 0.1472 0.1846
 0.2237 0.2620 0.2956 0.3295 0.3584 0.3883 0.4115 0.4377 0.4657 0.4913
 0.5162 0.5425 0.5699 0.5951 0.6201 0.6415 0.6670 0.6847 0.7064 0.7258
 0.7442 0.7600 0.7788 0.7968 0.8083 0.8233 0.8350 0.8472 0.8593 0.8700
 0.8827 0.8926 0.9009 0.9105 0.9192 0.9280 0.9370 0.9436 0.9502 0.9555
 0.9605 0.9647 0.9698 0.9743 0.9801 0.9834 0.9868 0.9896 0.9938 1.0000
 1.0000
  0.5000001       4000.000    
 0.0020 0.0039 0.0111 0.0221 0.0352 0.0488 0.0712 0.0963 0.1274 0.1575
 0.1946 0.2264 0.2585 0.2863 0.3140 0.3423 0.3710 0.3958 0.4223 0.4445
 0.4715 0.4970 0.5244 0.5479 0.5725 0.5973 0.6175 0.6400 0.6614 0.6828
 0.7046 0.7237 0.7412 0.7563 0.7743 0.7896 0.8035 0.8160 0.8312 0.8427
 0.8546 0.8664 0.8777 0.8883 0.8975 0.9064 0.9161 0.9255 0.9319 0.9403
 0.9468 0.9520 0.9600 0.9668 0.9716 0.9759 0.9805 0.9859 0.9904 1.0000
 1.0000
  0.5000001       6000.000    
 0.0016 0.0025 0.0074 0.0172 0.0278 0.0408 0.0609 0.0890 0.1142 0.1431
 0.1719 0.2003 0.2268 0.2516 0.2757 0.3004 0.3232 0.3479 0.3745 0.3992
 0.4275 0.4531 0.4797 0.5062 0.5301 0.5521 0.5757 0.5983 0.6220 0.6432
 0.6632 0.6814 0.6986 0.7162 0.7350 0.7537 0.7686 0.7872 0.8035 0.8165
 0.8296 0.8402 0.8503 0.8641 0.8741 0.8852 0.8959 0.9061 0.9147 0.9241
 0.9325 0.9407 0.9489 0.9561 0.9636 0.9701 0.9766 0.9816 0.9852 1.0000
 1.0000
  0.5000001       8000.000    
 0.0014 0.0036 0.0067 0.0161 0.0279 0.0393 0.0557 0.0779 0.1051 0.1334
 0.1621 0.1888 0.2159 0.2389 0.2603 0.2860 0.3094 0.3325 0.3550 0.3757
 0.4018 0.4265 0.4511 0.4757 0.4973 0.5186 0.5432 0.5647 0.5841 0.6045
 0.6228 0.6424 0.6624 0.6808 0.7029 0.7206 0.7382 0.7544 0.7705 0.7876
 0.8047 0.8203 0.8338 0.8476 0.8586 0.8728 0.8832 0.8952 0.9055 0.9135
 0.9220 0.9303 0.9388 0.9471 0.9541 0.9617 0.9675 0.9734 0.9786 1.0000
 1.0000
  0.5000001       10000.00    
 0.0022 0.0041 0.0078 0.0159 0.0249 0.0371 0.0516 0.0734 0.0993 0.1261
 0.1519 0.1797 0.2068 0.2305 0.2510 0.2740 0.2985 0.3197 0.3429 0.3633
 0.3889 0.4139 0.4417 0.4664 0.4919 0.5162 0.5383 0.5601 0.5835 0.6055
 0.6244 0.6458 0.6629 0.6798 0.6956 0.7137 0.7314 0.7471 0.7619 0.7776
 0.7928 0.8072 0.8210 0.8338 0.8459 0.8581 0.8713 0.8828 0.8952 0.9050
 0.9149 0.9223 0.9318 0.9394 0.9458 0.9542 0.9613 0.9677 0.9732 1.0000
 1.0000
  0.7071068       1000.000    
 0.0123 0.0290 0.0721 0.1319 0.1907 0.2512 0.3264 0.4040 0.4805 0.5543
 0.6230 0.6757 0.7184 0.7529 0.7755 0.7977 0.8154 0.8325 0.8435 0.8571
 0.8674 0.8773 0.8859 0.8906 0.8968 0.8999 0.9046 0.9091 0.9108 0.9118
 0.9142 0.9152 0.9166 0.9173 0.9176 0.9176 0.9190 0.9197 0.9204 0.9207
 0.9211 0.9211 0.9217 0.9217 0.9217 0.9217 0.9221 0.9221 0.9221 0.9224
 0.9224 0.9224 0.9224 0.9224 0.9224 0.9224 0.9224 0.9224 0.9224 1.0000
 1.0000
  0.7071068       1500.000    
 0.0048 0.0137 0.0429 0.0773 0.1110 0.1535 0.2164 0.2993 0.3724 0.4416
 0.5087 0.5601 0.6007 0.6392 0.6676 0.6959 0.7239 0.7479 0.7724 0.7904
 0.8094 0.8283 0.8447 0.8573 0.8705 0.8815 0.8906 0.9012 0.9085 0.9145
 0.9215 0.9258 0.9306 0.9323 0.9370 0.9401 0.9420 0.9439 0.9464 0.9474
 0.9486 0.9495 0.9497 0.9507 0.9522 0.9532 0.9534 0.9534 0.9534 0.9540
 0.9542 0.9548 0.9551 0.9555 0.9557 0.9559 0.9559 0.9559 0.9559 1.0000
 1.0000
  0.7071068       2000.000    
 0.0023 0.0081 0.0202 0.0358 0.0570 0.0880 0.1328 0.1831 0.2343 0.2823
 0.3237 0.3606 0.3946 0.4287 0.4589 0.4890 0.5189 0.5488 0.5755 0.6057
 0.6331 0.6573 0.6835 0.7063 0.7276 0.7457 0.7632 0.7793 0.7944 0.8098
 0.8229 0.8356 0.8472 0.8606 0.8698 0.8799 0.8886 0.8966 0.9051 0.9138
 0.9197 0.9255 0.9301 0.9339 0.9376 0.9409 0.9440 0.9468 0.9502 0.9526
 0.9552 0.9577 0.9597 0.9613 0.9630 0.9655 0.9666 0.9680 0.9694 1.0000
 1.0000
  0.7071068       2500.000    
 0.0013 0.0043 0.0125 0.0255 0.0446 0.0714 0.1048 0.1445 0.1851 0.2209
 0.2567 0.2887 0.3192 0.3520 0.3827 0.4107 0.4372 0.4668 0.4936 0.5208
 0.5509 0.5771 0.6015 0.6269 0.6480 0.6705 0.6907 0.7081 0.7271 0.7457
 0.7650 0.7823 0.7963 0.8124 0.8254 0.8373 0.8466 0.8566 0.8669 0.8760
 0.8873 0.8965 0.9035 0.9115 0.9174 0.9235 0.9278 0.9329 0.9377 0.9421
 0.9475 0.9504 0.9531 0.9574 0.9604 0.9628 0.9664 0.9677 0.9701 1.0000
 1.0000
  0.7071068       3000.000    
 0.0024 0.0067 0.0131 0.0240 0.0402 0.0646 0.0974 0.1293 0.1649 0.1990
 0.2308 0.2586 0.2842 0.3133 0.3391 0.3682 0.3966 0.4277 0.4551 0.4841
 0.5094 0.5344 0.5607 0.5824 0.6046 0.6279 0.6502 0.6728 0.6934 0.7127
 0.7279 0.7453 0.7634 0.7797 0.7952 0.8088 0.8226 0.8352 0.8446 0.8553
 0.8682 0.8783 0.8862 0.8939 0.9008 0.9088 0.9168 0.9225 0.9282 0.9356
 0.9404 0.9447 0.9497 0.9533 0.9569 0.9608 0.9639 0.9667 0.9691 1.0000
 1.0000
  0.7071068       3500.000    
 0.0022 0.0055 0.0136 0.0237 0.0388 0.0582 0.0883 0.1175 0.1487 0.1809
 0.2089 0.2400 0.2660 0.2904 0.3171 0.3444 0.3713 0.4004 0.4295 0.4547
 0.4786 0.5050 0.5292 0.5547 0.5747 0.5945 0.6158 0.6383 0.6607 0.6789
 0.7010 0.7193 0.7380 0.7537 0.7687 0.7849 0.8010 0.8161 0.8271 0.8377
 0.8505 0.8600 0.8705 0.8789 0.8872 0.8961 0.9031 0.9110 0.9185 0.9253
 0.9309 0.9365 0.9422 0.9481 0.9525 0.9567 0.9600 0.9644 0.9673 1.0000
 1.0000
  0.7071068       4000.000    
 0.0026 0.0062 0.0137 0.0215 0.0378 0.0608 0.0914 0.1198 0.1509 0.1820
 0.2128 0.2375 0.2609 0.2870 0.3142 0.3391 0.3660 0.3932 0.4216 0.4466
 0.4734 0.4976 0.5230 0.5471 0.5700 0.5932 0.6164 0.6348 0.6527 0.6722
 0.6905 0.7099 0.7303 0.7473 0.7627 0.7787 0.7932 0.8064 0.8187 0.8291
 0.8421 0.8532 0.8626 0.8723 0.8816 0.8919 0.8999 0.9068 0.9142 0.9199
 0.9255 0.9313 0.9378 0.9429 0.9474 0.9519 0.9562 0.9598 0.9646 1.0000
 1.0000
  0.7071068       6000.000    
 0.0016 0.0052 0.0105 0.0185 0.0320 0.0530 0.0790 0.1029 0.1287 0.1536
 0.1798 0.2046 0.2288 0.2514 0.2742 0.2992 0.3262 0.3539 0.3779 0.4023
 0.4298 0.4529 0.4787 0.5014 0.5256 0.5487 0.5715 0.5915 0.6139 0.6347
 0.6545 0.6745 0.6935 0.7088 0.7269 0.7447 0.7622 0.7782 0.7934 0.8075
 0.8216 0.8314 0.8434 0.8557 0.8658 0.8751 0.8855 0.8934 0.9012 0.9096
 0.9164 0.9236 0.9311 0.9374 0.9434 0.9477 0.9525 0.9578 0.9616 1.0000
 1.0000
  0.7071068       8000.000    
 0.0020 0.0053 0.0113 0.0206 0.0329 0.0513 0.0753 0.1025 0.1307 0.1560
 0.1803 0.2033 0.2254 0.2483 0.2716 0.2967 0.3227 0.3468 0.3737 0.3973
 0.4227 0.4502 0.4766 0.4983 0.5192 0.5431 0.5663 0.5884 0.6088 0.6275
 0.6470 0.6641 0.6826 0.7016 0.7184 0.7366 0.7524 0.7670 0.7814 0.7959
 0.8084 0.8213 0.8345 0.8456 0.8582 0.8673 0.8765 0.8849 0.8941 0.9019
 0.9088 0.9152 0.9220 0.9284 0.9352 0.9417 0.9473 0.9524 0.9569 1.0000
 1.0000
  0.7071068       10000.00    
 0.0016 0.0049 0.0101 0.0172 0.0292 0.0484 0.0681 0.0939 0.1215 0.1457
 0.1704 0.1920 0.2134 0.2374 0.2600 0.2839 0.3087 0.3362 0.3605 0.3872
 0.4123 0.4383 0.4630 0.4857 0.5104 0.5320 0.5558 0.5786 0.6004 0.6194
 0.6394 0.6603 0.6763 0.6925 0.7071 0.7249 0.7418 0.7562 0.7719 0.7879
 0.8016 0.8145 0.8266 0.8387 0.8492 0.8610 0.8699 0.8782 0.8869 0.8954
 0.9038 0.9104 0.9184 0.9263 0.9325 0.9384 0.9437 0.9487 0.9523 1.0000
 1.0000
  0.8660254       1000.000    
 0.0075 0.0256 0.0546 0.0915 0.1383 0.2101 0.2846 0.3718 0.4512 0.5182
 0.5790 0.6277 0.6675 0.6979 0.7267 0.7474 0.7665 0.7834 0.7985 0.8128
 0.8249 0.8316 0.8399 0.8453 0.8507 0.8569 0.8612 0.8663 0.8684 0.8714
 0.8725 0.8752 0.8768 0.8773 0.8779 0.8789 0.8795 0.8805 0.8808 0.8814
 0.8816 0.8816 0.8819 0.8819 0.8822 0.8824 0.8827 0.8830 0.8830 0.8832
 0.8832 0.8832 0.8832 0.8832 0.8832 0.8832 0.8832 0.8832 0.8832 1.0000
 1.0000
  0.8660254       1500.000    
 0.0066 0.0171 0.0311 0.0538 0.0884 0.1413 0.2008 0.2614 0.3198 0.3730
 0.4154 0.4603 0.4979 0.5366 0.5695 0.6018 0.6299 0.6568 0.6809 0.7101
 0.7324 0.7522 0.7703 0.7864 0.8024 0.8164 0.8269 0.8402 0.8526 0.8632
 0.8704 0.8783 0.8856 0.8924 0.8982 0.9024 0.9076 0.9113 0.9149 0.9179
 0.9208 0.9234 0.9259 0.9278 0.9292 0.9303 0.9314 0.9335 0.9344 0.9360
 0.9365 0.9373 0.9379 0.9384 0.9387 0.9394 0.9397 0.9400 0.9400 1.0000
 1.0000
  0.8660254       2000.000    
 0.0046 0.0111 0.0215 0.0393 0.0669 0.1047 0.1454 0.1887 0.2326 0.2718
 0.3079 0.3419 0.3765 0.4072 0.4392 0.4697 0.5033 0.5300 0.5600 0.5834
 0.6063 0.6301 0.6519 0.6731 0.6946 0.7159 0.7356 0.7533 0.7698 0.7840
 0.7985 0.8135 0.8262 0.8369 0.8481 0.8573 0.8649 0.8733 0.8811 0.8875
 0.8940 0.8997 0.9047 0.9100 0.9152 0.9192 0.9245 0.9273 0.9292 0.9328
 0.9348 0.9366 0.9384 0.9406 0.9420 0.9445 0.9459 0.9467 0.9479 1.0000
 1.0000
  0.8660254       2500.000    
 0.0044 0.0101 0.0183 0.0331 0.0569 0.0879 0.1263 0.1653 0.2002 0.2295
 0.2601 0.2923 0.3274 0.3580 0.3875 0.4209 0.4494 0.4762 0.5053 0.5314
 0.5571 0.5836 0.6050 0.6273 0.6491 0.6691 0.6872 0.7044 0.7249 0.7421
 0.7579 0.7726 0.7875 0.8001 0.8134 0.8257 0.8375 0.8486 0.8585 0.8678
 0.8758 0.8820 0.8878 0.8932 0.8989 0.9044 0.9100 0.9147 0.9199 0.9233
 0.9275 0.9305 0.9339 0.9376 0.9395 0.9416 0.9436 0.9459 0.9485 1.0000
 1.0000
  0.8660254       3000.000    
 0.0035 0.0076 0.0150 0.0302 0.0537 0.0816 0.1161 0.1462 0.1792 0.2105
 0.2396 0.2676 0.2964 0.3222 0.3520 0.3839 0.4138 0.4395 0.4683 0.4957
 0.5238 0.5492 0.5735 0.5950 0.6171 0.6381 0.6595 0.6815 0.6985 0.7181
 0.7346 0.7513 0.7681 0.7834 0.7985 0.8109 0.8231 0.8339 0.8435 0.8538
 0.8617 0.8691 0.8776 0.8847 0.8915 0.8968 0.9036 0.9094 0.9144 0.9206
 0.9237 0.9288 0.9327 0.9360 0.9394 0.9424 0.9442 0.9460 0.9478 1.0000
 1.0000
  0.8660254       3500.000    
 0.0043 0.0086 0.0164 0.0300 0.0510 0.0767 0.1101 0.1451 0.1783 0.2071
 0.2362 0.2607 0.2876 0.3132 0.3443 0.3743 0.4063 0.4331 0.4610 0.4872
 0.5135 0.5365 0.5603 0.5838 0.6043 0.6254 0.6459 0.6657 0.6852 0.7038
 0.7229 0.7368 0.7541 0.7698 0.7850 0.7999 0.8116 0.8236 0.8342 0.8461
 0.8554 0.8656 0.8742 0.8830 0.8891 0.8960 0.9011 0.9073 0.9112 0.9157
 0.9194 0.9248 0.9293 0.9328 0.9364 0.9393 0.9421 0.9441 0.9458 1.0000
 1.0000
  0.8660254       4000.000    
 0.0029 0.0067 0.0152 0.0269 0.0470 0.0715 0.1002 0.1303 0.1637 0.1944
 0.2210 0.2494 0.2740 0.3011 0.3315 0.3604 0.3909 0.4199 0.4462 0.4737
 0.5001 0.5269 0.5518 0.5787 0.6008 0.6229 0.6449 0.6633 0.6819 0.6987
 0.7168 0.7329 0.7488 0.7643 0.7788 0.7948 0.8093 0.8198 0.8302 0.8405
 0.8513 0.8617 0.8678 0.8758 0.8837 0.8911 0.8973 0.9039 0.9105 0.9144
 0.9190 0.9238 0.9277 0.9310 0.9343 0.9379 0.9404 0.9426 0.9448 1.0000
 1.0000
  0.8660254       6000.000    
 0.0033 0.0078 0.0137 0.0264 0.0455 0.0689 0.0972 0.1267 0.1540 0.1806
 0.2066 0.2331 0.2588 0.2891 0.3168 0.3443 0.3726 0.4002 0.4268 0.4527
 0.4768 0.5002 0.5246 0.5479 0.5710 0.5923 0.6104 0.6324 0.6519 0.6719
 0.6891 0.7057 0.7220 0.7389 0.7520 0.7662 0.7811 0.7929 0.8052 0.8195
 0.8293 0.8393 0.8498 0.8580 0.8672 0.8762 0.8832 0.8894 0.8975 0.9033
 0.9090 0.9125 0.9183 0.9224 0.9269 0.9316 0.9358 0.9387 0.9418 1.0000
 1.0000
  0.8660254       8000.000    
 0.0020 0.0066 0.0146 0.0286 0.0477 0.0724 0.1012 0.1285 0.1544 0.1797
 0.2029 0.2264 0.2501 0.2751 0.3001 0.3320 0.3595 0.3840 0.4113 0.4369
 0.4621 0.4829 0.5072 0.5304 0.5538 0.5767 0.6007 0.6207 0.6390 0.6590
 0.6805 0.6977 0.7168 0.7350 0.7510 0.7663 0.7792 0.7926 0.8037 0.8156
 0.8262 0.8346 0.8455 0.8554 0.8621 0.8697 0.8763 0.8836 0.8910 0.8976
 0.9045 0.9099 0.9159 0.9212 0.9266 0.9316 0.9350 0.9380 0.9403 1.0000
 1.0000
  0.8660254       10000.00    
 0.0028 0.0074 0.0135 0.0252 0.0420 0.0650 0.0916 0.1183 0.1483 0.1740
 0.1999 0.2259 0.2538 0.2806 0.3093 0.3346 0.3622 0.3871 0.4132 0.4394
 0.4637 0.4875 0.5135 0.5403 0.5625 0.5837 0.6062 0.6257 0.6472 0.6685
 0.6856 0.7046 0.7221 0.7382 0.7537 0.7677 0.7807 0.7918 0.8028 0.8148
 0.8242 0.8351 0.8474 0.8547 0.8639 0.8713 0.8790 0.8857 0.8938 0.9008
 0.9063 0.9111 0.9167 0.9209 0.9257 0.9289 0.9312 0.9343 0.9373 1.0000
 1.0000
  0.9659259       1000.000    
 0.0083 0.0283 0.0547 0.0967 0.1512 0.2146 0.2879 0.3699 0.4462 0.5053
 0.5614 0.6068 0.6418 0.6725 0.7017 0.7245 0.7435 0.7583 0.7690 0.7813
 0.7927 0.8027 0.8106 0.8201 0.8253 0.8308 0.8346 0.8381 0.8431 0.8474
 0.8493 0.8502 0.8526 0.8533 0.8552 0.8564 0.8571 0.8574 0.8576 0.8579
 0.8581 0.8586 0.8586 0.8590 0.8590 0.8590 0.8595 0.8598 0.8600 0.8600
 0.8600 0.8600 0.8600 0.8600 0.8600 0.8602 0.8602 0.8602 0.8605 1.0000
 1.0000
  0.9659259       1500.000    
 0.0070 0.0164 0.0313 0.0588 0.1002 0.1530 0.2101 0.2658 0.3135 0.3568
 0.3967 0.4371 0.4727 0.5034 0.5329 0.5662 0.5983 0.6247 0.6535 0.6815
 0.7038 0.7250 0.7455 0.7634 0.7787 0.7928 0.8053 0.8177 0.8288 0.8411
 0.8494 0.8563 0.8647 0.8719 0.8786 0.8841 0.8875 0.8932 0.8973 0.9006
 0.9038 0.9073 0.9095 0.9123 0.9143 0.9166 0.9184 0.9196 0.9211 0.9219
 0.9226 0.9234 0.9237 0.9240 0.9247 0.9251 0.9259 0.9260 0.9266 1.0000
 1.0000
  0.9659259       2000.000    
 0.0047 0.0123 0.0232 0.0436 0.0772 0.1125 0.1536 0.1926 0.2337 0.2694
 0.3048 0.3360 0.3699 0.3986 0.4320 0.4643 0.4948 0.5241 0.5537 0.5788
 0.6074 0.6315 0.6530 0.6733 0.6939 0.7112 0.7310 0.7473 0.7637 0.7776
 0.7936 0.8051 0.8160 0.8273 0.8373 0.8490 0.8573 0.8653 0.8745 0.8822
 0.8876 0.8938 0.8984 0.9041 0.9076 0.9104 0.9150 0.9176 0.9202 0.9221
 0.9242 0.9256 0.9265 0.9285 0.9301 0.9310 0.9320 0.9326 0.9335 1.0000
 1.0000
  0.9659259       2500.000    
 0.0049 0.0103 0.0196 0.0383 0.0661 0.1000 0.1372 0.1744 0.2081 0.2432
 0.2737 0.3080 0.3395 0.3724 0.4016 0.4314 0.4643 0.4913 0.5186 0.5445
 0.5723 0.5947 0.6193 0.6398 0.6618 0.6809 0.7000 0.7181 0.7375 0.7544
 0.7696 0.7845 0.7969 0.8098 0.8195 0.8290 0.8381 0.8461 0.8551 0.8634
 0.8700 0.8789 0.8853 0.8909 0.8970 0.9013 0.9064 0.9101 0.9125 0.9168
 0.9200 0.9226 0.9246 0.9267 0.9278 0.9291 0.9308 0.9325 0.9344 1.0000
 1.0000
  0.9659259       3000.000    
 0.0046 0.0109 0.0188 0.0352 0.0612 0.0913 0.1262 0.1563 0.1923 0.2240
 0.2531 0.2826 0.3121 0.3404 0.3706 0.4011 0.4312 0.4591 0.4862 0.5129
 0.5383 0.5646 0.5873 0.6113 0.6345 0.6566 0.6750 0.6934 0.7105 0.7297
 0.7450 0.7606 0.7752 0.7903 0.8035 0.8151 0.8260 0.8355 0.8452 0.8532
 0.8617 0.8681 0.8758 0.8826 0.8882 0.8939 0.8992 0.9040 0.9081 0.9118
 0.9162 0.9188 0.9219 0.9240 0.9264 0.9286 0.9307 0.9327 0.9339 1.0000
 1.0000
  0.9659259       3500.000    
 0.0025 0.0070 0.0161 0.0333 0.0584 0.0902 0.1231 0.1562 0.1893 0.2198
 0.2487 0.2752 0.3045 0.3341 0.3633 0.3900 0.4225 0.4518 0.4791 0.5070
 0.5330 0.5586 0.5798 0.6035 0.6255 0.6457 0.6668 0.6859 0.7084 0.7238
 0.7404 0.7564 0.7732 0.7878 0.7983 0.8097 0.8218 0.8318 0.8412 0.8502
 0.8592 0.8671 0.8734 0.8796 0.8854 0.8915 0.8964 0.9010 0.9054 0.9100
 0.9126 0.9151 0.9186 0.9213 0.9234 0.9262 0.9289 0.9311 0.9329 1.0000
 1.0000
  0.9659259       4000.000    
 0.0039 0.0094 0.0182 0.0361 0.0593 0.0882 0.1194 0.1501 0.1815 0.2076
 0.2370 0.2655 0.2923 0.3207 0.3523 0.3812 0.4105 0.4415 0.4686 0.4946
 0.5216 0.5476 0.5729 0.5955 0.6162 0.6382 0.6569 0.6760 0.6959 0.7147
 0.7303 0.7461 0.7587 0.7738 0.7870 0.8006 0.8129 0.8241 0.8352 0.8461
 0.8559 0.8645 0.8721 0.8790 0.8846 0.8904 0.8952 0.9008 0.9056 0.9103
 0.9135 0.9175 0.9202 0.9224 0.9247 0.9260 0.9285 0.9305 0.9329 1.0000
 1.0000
  0.9659259       6000.000    
 0.0038 0.0089 0.0154 0.0296 0.0514 0.0789 0.1037 0.1326 0.1619 0.1893
 0.2142 0.2457 0.2749 0.3030 0.3325 0.3619 0.3887 0.4131 0.4410 0.4647
 0.4915 0.5185 0.5421 0.5654 0.5896 0.6112 0.6348 0.6539 0.6735 0.6923
 0.7106 0.7296 0.7455 0.7608 0.7753 0.7882 0.7996 0.8111 0.8230 0.8330
 0.8434 0.8512 0.8607 0.8671 0.8744 0.8820 0.8856 0.8907 0.8950 0.9007
 0.9055 0.9105 0.9159 0.9191 0.9220 0.9243 0.9277 0.9298 0.9316 1.0000
 1.0000
  0.9659259       8000.000    
 0.0031 0.0082 0.0154 0.0293 0.0537 0.0796 0.1071 0.1381 0.1657 0.1938
 0.2193 0.2485 0.2767 0.3022 0.3271 0.3548 0.3823 0.4119 0.4385 0.4661
 0.4877 0.5108 0.5374 0.5591 0.5845 0.6090 0.6295 0.6522 0.6721 0.6884
 0.7043 0.7232 0.7385 0.7511 0.7646 0.7790 0.7918 0.8038 0.8141 0.8255
 0.8348 0.8453 0.8548 0.8621 0.8684 0.8749 0.8825 0.8891 0.8937 0.8998
 0.9048 0.9080 0.9114 0.9150 0.9183 0.9213 0.9238 0.9263 0.9298 1.0000
 1.0000
  0.9659259       10000.00    
 0.0040 0.0096 0.0184 0.0329 0.0536 0.0787 0.1100 0.1385 0.1669 0.1942
 0.2206 0.2449 0.2716 0.2983 0.3255 0.3516 0.3790 0.4065 0.4360 0.4643
 0.4899 0.5148 0.5399 0.5612 0.5816 0.6021 0.6229 0.6435 0.6641 0.6848
 0.7050 0.7215 0.7363 0.7522 0.7683 0.7809 0.7943 0.8064 0.8153 0.8251
 0.8355 0.8442 0.8533 0.8607 0.8691 0.8764 0.8833 0.8885 0.8938 0.8981
 0.9037 0.9077 0.9104 0.9143 0.9188 0.9220 0.9240 0.9264 0.9285 1.0000
 1.0000
   1.000000       1000.000    
 0.0105 0.0311 0.0600 0.1030 0.1587 0.2230 0.3061 0.3752 0.4437 0.5057
 0.5513 0.5952 0.6293 0.6554 0.6783 0.6985 0.7193 0.7404 0.7543 0.7679
 0.7793 0.7928 0.7999 0.8072 0.8136 0.8189 0.8239 0.8253 0.8292 0.8320
 0.8338 0.8356 0.8365 0.8379 0.8391 0.8400 0.8404 0.8411 0.8413 0.8418
 0.8418 0.8423 0.8423 0.8425 0.8429 0.8432 0.8434 0.8439 0.8441 0.8441
 0.8443 0.8443 0.8443 0.8443 0.8443 0.8443 0.8443 0.8443 0.8443 1.0000
 1.0000
   1.000000       1500.000    
 0.0072 0.0186 0.0324 0.0610 0.1037 0.1507 0.2025 0.2582 0.3035 0.3487
 0.3882 0.4238 0.4614 0.4991 0.5331 0.5664 0.5970 0.6272 0.6533 0.6774
 0.6994 0.7195 0.7390 0.7574 0.7729 0.7859 0.8014 0.8128 0.8216 0.8337
 0.8415 0.8505 0.8573 0.8647 0.8706 0.8760 0.8796 0.8840 0.8886 0.8918
 0.8961 0.8996 0.9013 0.9034 0.9050 0.9065 0.9089 0.9100 0.9110 0.9119
 0.9129 0.9136 0.9144 0.9147 0.9153 0.9156 0.9164 0.9167 0.9172 1.0000
 1.0000
   1.000000       2000.000    
 0.0067 0.0153 0.0288 0.0516 0.0820 0.1187 0.1606 0.2024 0.2428 0.2806
 0.3118 0.3439 0.3738 0.4058 0.4394 0.4690 0.4972 0.5244 0.5541 0.5799
 0.6026 0.6259 0.6475 0.6697 0.6884 0.7073 0.7253 0.7404 0.7543 0.7687
 0.7818 0.7942 0.8057 0.8159 0.8264 0.8352 0.8428 0.8511 0.8596 0.8661
 0.8734 0.8781 0.8834 0.8883 0.8927 0.8968 0.9001 0.9030 0.9067 0.9091
 0.9107 0.9124 0.9153 0.9164 0.9177 0.9191 0.9208 0.9214 0.9228 1.0000
 1.0000
   1.000000       2500.000    
 0.0041 0.0098 0.0219 0.0399 0.0696 0.1043 0.1392 0.1771 0.2139 0.2457
 0.2773 0.3089 0.3401 0.3705 0.4025 0.4344 0.4641 0.4933 0.5243 0.5511
 0.5743 0.5971 0.6204 0.6416 0.6623 0.6807 0.6966 0.7134 0.7294 0.7450
 0.7614 0.7748 0.7885 0.8013 0.8118 0.8219 0.8302 0.8389 0.8464 0.8544
 0.8609 0.8684 0.8739 0.8802 0.8851 0.8889 0.8929 0.8979 0.9009 0.9044
 0.9074 0.9108 0.9136 0.9154 0.9177 0.9199 0.9214 0.9229 0.9242 1.0000
 1.0000
   1.000000       3000.000    
 0.0035 0.0106 0.0215 0.0388 0.0622 0.0959 0.1279 0.1618 0.1940 0.2281
 0.2616 0.2904 0.3204 0.3507 0.3772 0.4070 0.4346 0.4640 0.4905 0.5139
 0.5409 0.5659 0.5911 0.6163 0.6380 0.6597 0.6772 0.6924 0.7106 0.7257
 0.7423 0.7575 0.7728 0.7847 0.7953 0.8068 0.8207 0.8296 0.8391 0.8474
 0.8548 0.8633 0.8699 0.8743 0.8801 0.8841 0.8890 0.8941 0.8986 0.9021
 0.9052 0.9086 0.9114 0.9144 0.9160 0.9183 0.9206 0.9219 0.9230 1.0000
 1.0000
   1.000000       3500.000    
 0.0046 0.0102 0.0197 0.0357 0.0625 0.0925 0.1251 0.1587 0.1903 0.2166
 0.2450 0.2744 0.3041 0.3333 0.3637 0.3947 0.4230 0.4509 0.4768 0.5028
 0.5269 0.5502 0.5747 0.5984 0.6199 0.6397 0.6589 0.6780 0.6972 0.7130
 0.7288 0.7432 0.7590 0.7734 0.7865 0.7989 0.8093 0.8191 0.8278 0.8361
 0.8449 0.8531 0.8595 0.8665 0.8735 0.8800 0.8847 0.8890 0.8935 0.8973
 0.9012 0.9062 0.9094 0.9128 0.9148 0.9166 0.9181 0.9197 0.9217 1.0000
 1.0000
   1.000000       4000.000    
 0.0054 0.0108 0.0206 0.0393 0.0639 0.0939 0.1291 0.1581 0.1883 0.2160
 0.2484 0.2746 0.3048 0.3320 0.3598 0.3896 0.4164 0.4423 0.4676 0.4948
 0.5220 0.5439 0.5671 0.5888 0.6125 0.6309 0.6515 0.6722 0.6907 0.7096
 0.7269 0.7415 0.7570 0.7700 0.7824 0.7926 0.8033 0.8138 0.8217 0.8292
 0.8383 0.8472 0.8549 0.8621 0.8676 0.8760 0.8814 0.8874 0.8924 0.8967
 0.9010 0.9049 0.9080 0.9109 0.9127 0.9150 0.9175 0.9190 0.9206 1.0000
 1.0000
   1.000000       6000.000    
 0.0038 0.0086 0.0180 0.0369 0.0595 0.0874 0.1188 0.1510 0.1807 0.2089
 0.2403 0.2694 0.2958 0.3249 0.3559 0.3841 0.4105 0.4380 0.4631 0.4891
 0.5150 0.5387 0.5616 0.5875 0.6106 0.6349 0.6551 0.6728 0.6916 0.7075
 0.7225 0.7358 0.7494 0.7638 0.7767 0.7894 0.8005 0.8119 0.8224 0.8310
 0.8400 0.8472 0.8556 0.8628 0.8682 0.8735 0.8785 0.8842 0.8889 0.8936
 0.8977 0.9017 0.9040 0.9075 0.9108 0.9130 0.9147 0.9176 0.9192 1.0000
 1.0000
   1.000000       8000.000    
 0.0036 0.0089 0.0179 0.0353 0.0597 0.0847 0.1144 0.1455 0.1737 0.2025
 0.2279 0.2577 0.2849 0.3110 0.3416 0.3691 0.3969 0.4261 0.4517 0.4774
 0.5005 0.5231 0.5494 0.5744 0.5954 0.6163 0.6351 0.6532 0.6732 0.6921
 0.7069 0.7219 0.7372 0.7513 0.7647 0.7774 0.7904 0.8034 0.8144 0.8234
 0.8338 0.8417 0.8497 0.8568 0.8641 0.8713 0.8768 0.8812 0.8857 0.8902
 0.8950 0.8987 0.9030 0.9064 0.9099 0.9124 0.9144 0.9165 0.9182 1.0000
 1.0000
   1.000000       10000.00    
 0.0036 0.0081 0.0171 0.0329 0.0587 0.0848 0.1121 0.1395 0.1670 0.1972
 0.2234 0.2489 0.2772 0.3025 0.3308 0.3631 0.3911 0.4147 0.4414 0.4667
 0.4940 0.5195 0.5404 0.5635 0.5882 0.6097 0.6324 0.6532 0.6728 0.6877
 0.7054 0.7229 0.7393 0.7522 0.7658 0.7792 0.7920 0.8030 0.8140 0.8240
 0.8325 0.8409 0.8475 0.8543 0.8610 0.8667 0.8729 0.8786 0.8840 0.8884
 0.8933 0.8963 0.9004 0.9027 0.9057 0.9092 0.9125 0.9145 0.9168 1.0000
 1.0000
