 100 1.000    0.3000    
 3820.1800E-010.1800E-02 1.000    0.1000    
 40.00     1000.    0.3727    
 0.0000 0.0000 0.0000 0.0001 0.0025 0.0150 0.0470 0.1011 0.1718 0.2507
 0.3303 0.4047 0.4702 0.5244 0.5663 0.5956 0.6149 0.6276 0.6382 0.6499
 0.6655 0.6875 0.7175 0.7544 0.7948 0.8353 0.8730 0.9051 0.9293 0.9435
 0.9472 0.9420 0.9296 0.9116 0.8894 0.8644 0.8377 0.8102 0.7822 0.7540
 0.7256 0.6973 0.6691 0.6411 0.6134 0.5861 0.5594 0.5334 0.5082 0.4839
 0.4604 0.4380 0.4165 0.3960 0.3764 0.3577 0.3399 0.3228 0.3066 0.2911
 0.2763 0.2622 0.2487 0.2359 0.2237 0.2121 0.2010 0.1905 0.1805 0.1711
 0.1621 0.1537 0.1457 0.1382 0.1311 0.1244 0.1182 0.1123 0.1067 0.1014
 0.0964 0.0917 0.0873 0.0830 0.0790 0.0752 0.0717 0.0683 0.0650 0.0620
 0.0591 0.0564 0.0538 0.0513 0.0490 0.0468 0.0447 0.0427 0.0408 0.0390
 40.00     1500.    0.7640    
 0.0000 0.0000 0.0000 0.0003 0.0054 0.0276 0.0753 0.1436 0.2221 0.3025
 0.3805 0.4553 0.5278 0.5995 0.6722 0.7476 0.8277 0.9143 1.0104 1.1177
 1.2377 1.3715 1.5196 1.6775 1.8370 1.9904 2.1308 2.2521 2.3490 2.4169
 2.4547 2.4670 2.4585 2.4335 2.3959 2.3492 2.2967 2.2408 2.1825 2.1221
 2.0603 1.9972 1.9333 1.8688 1.8037 1.7388 1.6746 1.6112 1.5490 1.4883
 0.4604 0.4380 0.4165 0.3960 0.3764 0.3577 0.3399 0.3228 0.3066 0.2911
 0.2763 0.2622 0.2487 0.2359 0.2237 0.2121 0.2010 0.1905 0.1805 0.1711
 0.1621 0.1537 0.1457 0.1382 0.1311 0.1244 0.1182 0.1123 0.1067 0.1014
 0.0964 0.0917 0.0873 0.0830 0.0790 0.0752 0.0717 0.0683 0.0650 0.0620
 0.0591 0.0564 0.0538 0.0513 0.0490 0.0468 0.0447 0.0427 0.0408 0.0390
 40.00     2000.     1.133    
 0.0000 0.0000 0.0000 0.0006 0.0082 0.0385 0.0960 0.1675 0.2387 0.3043
 0.3670 0.4336 0.5116 0.6077 0.7274 0.8742 1.0466 1.2403 1.4528 1.6810
 1.9218 2.1724 2.4303 2.6888 2.9385 3.1710 3.3786 3.5549 3.6939 3.7906
 3.8446 3.8622 3.8503 3.8146 3.7609 3.6940 3.6184 3.5377 3.4531 3.3654
 3.2752 3.1831 3.0897 2.9952 2.8995 2.8041 2.7094 2.6159 2.5239 2.4340
 0.4604 0.4380 0.4165 0.3960 0.3764 0.3577 0.3399 0.3228 0.3066 0.2911
 0.2763 0.2622 0.2487 0.2359 0.2237 0.2121 0.2010 0.1905 0.1805 0.1711
 0.1621 0.1537 0.1457 0.1382 0.1311 0.1244 0.1182 0.1123 0.1067 0.1014
 0.0964 0.0917 0.0873 0.0830 0.0790 0.0752 0.0717 0.0683 0.0650 0.0620
 0.0591 0.0564 0.0538 0.0513 0.0490 0.0468 0.0447 0.0427 0.0408 0.0390
 40.00     2500.     1.411    
 0.0000 0.0000 0.0000 0.0007 0.0103 0.0462 0.1096 0.1808 0.2431 0.2942
 0.3430 0.4027 0.4862 0.6045 0.7660 0.9756 1.2279 1.5128 1.8224 2.1487
 2.4844 2.8230 3.1586 3.4839 3.7899 4.0691 4.3145 4.5202 4.6810 4.7923
 4.8547 4.8752 4.8613 4.8201 4.7575 4.6792 4.5904 4.4949 4.3944 4.2897
 4.1818 4.0713 3.9590 3.8451 3.7297 3.6144 3.4998 3.3865 3.2748 3.1653
 0.4604 0.4380 0.4165 0.3960 0.3764 0.3577 0.3399 0.3228 0.3066 0.2911
 0.2763 0.2622 0.2487 0.2359 0.2237 0.2121 0.2010 0.1905 0.1805 0.1711
 0.1621 0.1537 0.1457 0.1382 0.1311 0.1244 0.1182 0.1123 0.1067 0.1014
 0.0964 0.0917 0.0873 0.0830 0.0790 0.0752 0.0717 0.0683 0.0650 0.0620
 0.0591 0.0564 0.0538 0.0513 0.0490 0.0468 0.0447 0.0427 0.0408 0.0390
 40.00     3000.     1.606    
 0.0000 0.0000 0.0000 0.0008 0.0116 0.0510 0.1181 0.1889 0.2454 0.2875
 0.3280 0.3844 0.4730 0.6076 0.7986 1.0515 1.3586 1.7055 2.0808 2.4733
 2.8726 3.2698 3.6570 4.0262 4.3691 4.6789 4.9493 5.1748 5.3509 5.4736
 5.5436 5.5686 5.5566 5.5146 5.4493 5.3666 5.2717 5.1688 5.0599 4.9458
 4.8278 4.7066 4.5830 4.4575 4.3301 4.2026 4.0757 3.9500 3.8260 3.7040
 0.4604 0.4380 0.4165 0.3960 0.3764 0.3577 0.3399 0.3228 0.3066 0.2911
 0.2763 0.2622 0.2487 0.2359 0.2237 0.2121 0.2010 0.1905 0.1805 0.1711
 0.1621 0.1537 0.1457 0.1382 0.1311 0.1244 0.1182 0.1123 0.1067 0.1014
 0.0964 0.0917 0.0873 0.0830 0.0790 0.0752 0.0717 0.0683 0.0650 0.0620
 0.0591 0.0564 0.0538 0.0513 0.0490 0.0468 0.0447 0.0427 0.0408 0.0390
 40.00     3500.     1.741    
 0.0000 0.0000 0.0000 0.0009 0.0124 0.0540 0.1234 0.1942 0.2476 0.2850
 0.3216 0.3772 0.4705 0.6168 0.8276 1.1089 1.4515 1.8384 2.2562 2.6915
 3.1322 3.5680 3.9897 4.3887 4.7573 5.0888 5.3774 5.6178 5.8058 5.9377
 6.0144 6.0439 6.0345 5.9936 5.9280 5.8438 5.7464 5.6403 5.5274 5.4088
 5.2856 5.1587 5.0290 4.8970 4.7626 4.6278 4.4934 4.3600 4.2281 4.0983
 0.4604 0.4380 0.4165 0.3960 0.3764 0.3577 0.3399 0.3228 0.3066 0.2911
 0.2763 0.2622 0.2487 0.2359 0.2237 0.2121 0.2010 0.1905 0.1805 0.1711
 0.1621 0.1537 0.1457 0.1382 0.1311 0.1244 0.1182 0.1123 0.1067 0.1014
 0.0964 0.0917 0.0873 0.0830 0.0790 0.0752 0.0717 0.0683 0.0650 0.0620
 0.0591 0.0564 0.0538 0.0513 0.0490 0.0468 0.0447 0.0427 0.0408 0.0390
 40.00     4000.     1.838    
 0.0000 0.0000 0.0000 0.0009 0.0128 0.0558 0.1267 0.1979 0.2500 0.2853
 0.3204 0.3768 0.4743 0.6291 0.8536 1.1539 1.5200 1.9332 2.3789 2.8424
 3.3107 3.7723 4.2174 4.6372 5.0240 5.3713 5.6734 5.9254 6.1231 6.2628
 6.3457 6.3800 6.3740 6.3352 6.2706 6.1862 6.0878 5.9798 5.8643 5.7425
 5.6156 5.4848 5.3509 5.2145 5.0757 4.9365 4.7976 4.6597 4.5232 4.3888
 0.4604 0.4380 0.4165 0.3960 0.3764 0.3577 0.3399 0.3228 0.3066 0.2911
 0.2763 0.2622 0.2487 0.2359 0.2237 0.2121 0.2010 0.1905 0.1805 0.1711
 0.1621 0.1537 0.1457 0.1382 0.1311 0.1244 0.1182 0.1123 0.1067 0.1014
 0.0964 0.0917 0.0873 0.0830 0.0790 0.0752 0.0717 0.0683 0.0650 0.0620
 0.0591 0.0564 0.0538 0.0513 0.0490 0.0468 0.0447 0.0427 0.0408 0.0390
 40.00     6000.     2.036    
 0.0000 0.0000 0.0000 0.0010 0.0136 0.0587 0.1325 0.2053 0.2575 0.2925
 0.3292 0.3913 0.5003 0.6741 0.9258 1.2621 1.6714 2.1326 2.6291 3.1444
 3.6638 4.1745 4.6654 5.1270 5.5516 5.9326 6.2642 6.5415 6.7601 6.9165
 7.0122 7.0556 7.0560 7.0212 6.9586 6.8748 6.7759 6.6666 6.5490 6.4244
 6.2941 6.1590 6.0203 5.8783 5.7330 5.5867 5.4404 5.2945 5.1499 5.0069
 0.4604 0.4380 0.4165 0.3960 0.3764 0.3577 0.3399 0.3228 0.3066 0.2911
 0.2763 0.2622 0.2487 0.2359 0.2237 0.2121 0.2010 0.1905 0.1805 0.1711
 0.1621 0.1537 0.1457 0.1382 0.1311 0.1244 0.1182 0.1123 0.1067 0.1014
 0.0964 0.0917 0.0873 0.0830 0.0790 0.0752 0.0717 0.0683 0.0650 0.0620
 0.0591 0.0564 0.0538 0.0513 0.0490 0.0468 0.0447 0.0427 0.0408 0.0390
 40.00     8000.     2.117    
 0.0000 0.0000 0.0000 0.0010 0.0139 0.0598 0.1346 0.2082 0.2607 0.2962
 0.3344 0.3997 0.5146 0.6972 0.9611 1.3131 1.7407 2.2220 2.7394 3.2756
 3.8150 4.3441 4.8514 5.3275 5.7645 6.1563 6.4972 6.7826 7.0082 7.1706
 7.2715 7.3194 7.3235 7.2916 7.2313 7.1491 7.0511 6.9420 6.8241 6.6988
 6.5672 6.4307 6.2901 6.1461 5.9986 5.8500 5.7011 5.5527 5.4054 5.2596
 0.4604 0.4380 0.4165 0.3960 0.3764 0.3577 0.3399 0.3228 0.3066 0.2911
 0.2763 0.2622 0.2487 0.2359 0.2237 0.2121 0.2010 0.1905 0.1805 0.1711
 0.1621 0.1537 0.1457 0.1382 0.1311 0.1244 0.1182 0.1123 0.1067 0.1014
 0.0964 0.0917 0.0873 0.0830 0.0790 0.0752 0.0717 0.0683 0.0650 0.0620
 0.0591 0.0564 0.0538 0.0513 0.0490 0.0468 0.0447 0.0427 0.0408 0.0390
 40.00    0.1000E+05 2.156    
 0.0000 0.0000 0.0000 0.0010 0.0140 0.0602 0.1356 0.2096 0.2626 0.2988
 0.3382 0.4055 0.5234 0.7103 0.9798 1.3387 1.7745 2.2646 2.7913 3.3368
 3.8854 4.4234 4.9390 5.4226 5.8666 6.2645 6.6109 6.9010 7.1306 7.2963
 7.3997 7.4497 7.4552 7.4244 7.3649 7.2834 7.1858 7.0772 6.9595 6.8343
 6.7028 6.5661 6.4252 6.2807 6.1323 5.9828 5.8328 5.6831 5.5344 5.3872
 0.4604 0.4380 0.4165 0.3960 0.3764 0.3577 0.3399 0.3228 0.3066 0.2911
 0.2763 0.2622 0.2487 0.2359 0.2237 0.2121 0.2010 0.1905 0.1805 0.1711
 0.1621 0.1537 0.1457 0.1382 0.1311 0.1244 0.1182 0.1123 0.1067 0.1014
 0.0964 0.0917 0.0873 0.0830 0.0790 0.0752 0.0717 0.0683 0.0650 0.0620
 0.0591 0.0564 0.0538 0.0513 0.0490 0.0468 0.0447 0.0427 0.0408 0.0390
 65.00     1000.    0.6137    
 0.0000 0.0000 0.0001 0.0037 0.0259 0.0790 0.1529 0.2300 0.3012 0.3669
 0.4318 0.5021 0.5834 0.6802 0.7961 0.9324 1.0830 1.2385 1.3917 1.5358
 1.6646 1.7731 1.8569 1.9157 1.9519 1.9678 1.9657 1.9473 1.9145 1.8689
 1.8122 1.7473 1.6766 1.6023 1.5265 1.4509 1.3773 1.3068 1.2395 1.1752
 1.1140 1.0555 0.9998 0.9466 0.8957 0.8474 0.8014 0.7578 0.7165 0.6774
 0.4618 0.4393 0.4177 0.3971 0.3774 0.3586 0.3407 0.3236 0.3073 0.2917
 0.2769 0.2627 0.2492 0.2364 0.2242 0.2125 0.2014 0.1909 0.1809 0.1714
 0.1624 0.1539 0.1459 0.1384 0.1313 0.1246 0.1184 0.1124 0.1068 0.1016
 0.0966 0.0919 0.0874 0.0831 0.0791 0.0753 0.0717 0.0683 0.0651 0.0621
 0.0592 0.0564 0.0538 0.0514 0.0490 0.0468 0.0447 0.0427 0.0408 0.0390
 65.00     1500.     1.127    
 0.0000 0.0000 0.0001 0.0031 0.0235 0.0769 0.1626 0.2707 0.3947 0.5333
 0.6881 0.8621 1.0582 1.2787 1.5256 1.7985 2.0873 2.3776 2.6594 2.9225
 3.1581 3.3589 3.5189 3.6372 3.7173 3.7625 3.7757 3.7597 3.7169 3.6495
 3.5607 3.4554 3.3380 3.2128 3.0834 2.9533 2.8253 2.7018 2.5830 2.4687
 2.3587 2.2529 2.1512 2.0531 1.9585 1.8676 1.7805 1.6970 1.6173 1.5413
 0.4618 0.4393 0.4177 0.3971 0.3774 0.3586 0.3407 0.3236 0.3073 0.2917
 0.2769 0.2627 0.2492 0.2364 0.2242 0.2125 0.2014 0.1909 0.1809 0.1714
 0.1624 0.1539 0.1459 0.1384 0.1313 0.1246 0.1184 0.1124 0.1068 0.1016
 0.0966 0.0919 0.0874 0.0831 0.0791 0.0753 0.0717 0.0683 0.0651 0.0621
 0.0592 0.0564 0.0538 0.0514 0.0490 0.0468 0.0447 0.0427 0.0408 0.0390
 65.00     2000.     1.478    
 0.0000 0.0000 0.0001 0.0024 0.0192 0.0690 0.1604 0.2912 0.4566 0.6525
 0.8766 1.1278 1.4055 1.7098 2.0405 2.3961 2.7649 3.1309 3.4839 3.8129
 4.1088 4.3636 4.5709 4.7297 4.8431 4.9143 4.9460 4.9410 4.9014 4.8294
 4.7287 4.6055 4.4656 4.3145 4.1568 3.9970 3.8389 3.6854 3.5368 3.3931
 3.2542 3.1198 2.9899 2.8641 2.7420 2.6243 2.5109 2.4019 2.2973 2.1971
 0.4618 0.4393 0.4177 0.3971 0.3774 0.3586 0.3407 0.3236 0.3073 0.2917
 0.2769 0.2627 0.2492 0.2364 0.2242 0.2125 0.2014 0.1909 0.1809 0.1714
 0.1624 0.1539 0.1459 0.1384 0.1313 0.1246 0.1184 0.1124 0.1068 0.1016
 0.0966 0.0919 0.0874 0.0831 0.0791 0.0753 0.0717 0.0683 0.0651 0.0621
 0.0592 0.0564 0.0538 0.0514 0.0490 0.0468 0.0447 0.0427 0.0408 0.0390
 65.00     2500.     1.698    
 0.0000 0.0000 0.0000 0.0019 0.0168 0.0645 0.1591 0.3027 0.4915 0.7200
 0.9836 1.2789 1.6034 1.9557 2.3348 2.7383 3.1537 3.5644 3.9600 4.3295
 4.6632 4.9532 5.1929 5.3809 5.5199 5.6127 5.6617 5.6692 5.6372 5.5677
 5.4646 5.3348 5.1852 5.0219 4.8504 4.6756 4.5020 4.3328 4.1687 4.0094
 3.8548 3.7048 3.5592 3.4177 3.2798 3.1463 3.0174 2.8930 2.7734 2.6585
 0.4618 0.4393 0.4177 0.3971 0.3774 0.3586 0.3407 0.3236 0.3073 0.2917
 0.2769 0.2627 0.2492 0.2364 0.2242 0.2125 0.2014 0.1909 0.1809 0.1714
 0.1624 0.1539 0.1459 0.1384 0.1313 0.1246 0.1184 0.1124 0.1068 0.1016
 0.0966 0.0919 0.0874 0.0831 0.0791 0.0753 0.0717 0.0683 0.0651 0.0621
 0.0592 0.0564 0.0538 0.0514 0.0490 0.0468 0.0447 0.0427 0.0408 0.0390
 65.00     3000.     1.841    
 0.0000 0.0000 0.0000 0.0017 0.0155 0.0623 0.1588 0.3096 0.5114 0.7583
 1.0443 1.3649 1.7167 2.0976 2.5060 2.9390 3.3837 3.8230 4.2463 4.6423
 5.0011 5.3147 5.5762 5.7841 5.9409 6.0489 6.1107 6.1282 6.1033 6.0379
 5.9359 5.8048 5.6518 5.4835 5.3057 5.1236 4.9421 4.7645 4.5917 4.4234
 4.2597 4.1005 3.9457 3.7949 3.6479 3.5053 3.3674 3.2342 3.1058 2.9824
 0.4618 0.4393 0.4177 0.3971 0.3774 0.3586 0.3407 0.3236 0.3073 0.2917
 0.2769 0.2627 0.2492 0.2364 0.2242 0.2125 0.2014 0.1909 0.1809 0.1714
 0.1624 0.1539 0.1459 0.1384 0.1313 0.1246 0.1184 0.1124 0.1068 0.1016
 0.0966 0.0919 0.0874 0.0831 0.0791 0.0753 0.0717 0.0683 0.0651 0.0621
 0.0592 0.0564 0.0538 0.0514 0.0490 0.0468 0.0447 0.0427 0.0408 0.0390
 65.00     3500.     1.936    
 0.0000 0.0000 0.0000 0.0016 0.0147 0.0609 0.1586 0.3142 0.5247 0.7836
 1.0844 1.4216 1.7913 2.1907 2.6179 3.0698 3.5333 3.9907 4.4317 4.8446
 5.2197 5.5486 5.8245 6.0457 6.2145 6.3332 6.4040 6.4288 6.4095 6.3476
 6.2474 6.1165 5.9624 5.7920 5.6112 5.4255 5.2400 5.0581 4.8808 4.7078
 4.5392 4.3748 4.2148 4.0587 3.9061 3.7578 3.6142 3.4754 3.3414 3.2125
 0.4618 0.4393 0.4177 0.3971 0.3774 0.3586 0.3407 0.3236 0.3073 0.2917
 0.2769 0.2627 0.2492 0.2364 0.2242 0.2125 0.2014 0.1909 0.1809 0.1714
 0.1624 0.1539 0.1459 0.1384 0.1313 0.1246 0.1184 0.1124 0.1068 0.1016
 0.0966 0.0919 0.0874 0.0831 0.0791 0.0753 0.0717 0.0683 0.0651 0.0621
 0.0592 0.0564 0.0538 0.0514 0.0490 0.0468 0.0447 0.0427 0.0408 0.0390
 65.00     4000.     2.004    
 0.0000 0.0000 0.0000 0.0015 0.0141 0.0598 0.1585 0.3174 0.5340 0.8015
 1.1126 1.4614 1.8434 2.2556 2.6958 3.1607 3.6369 4.1067 4.5597 4.9843
 5.3705 5.7100 5.9961 6.2269 6.4045 6.5310 6.6086 6.6389 6.6239 6.5650
 6.4663 6.3358 6.1813 6.0096 5.8270 5.6391 5.4510 5.2664 5.0862 4.9102
 4.7385 4.5710 4.4076 4.2481 4.0920 3.9402 3.7931 3.6507 3.5132 3.3807
 0.4618 0.4393 0.4177 0.3971 0.3774 0.3586 0.3407 0.3236 0.3073 0.2917
 0.2769 0.2627 0.2492 0.2364 0.2242 0.2125 0.2014 0.1909 0.1809 0.1714
 0.1624 0.1539 0.1459 0.1384 0.1313 0.1246 0.1184 0.1124 0.1068 0.1016
 0.0966 0.0919 0.0874 0.0831 0.0791 0.0753 0.0717 0.0683 0.0651 0.0621
 0.0592 0.0564 0.0538 0.0514 0.0490 0.0468 0.0447 0.0427 0.0408 0.0390
 65.00     6000.     2.138    
 0.0000 0.0000 0.0000 0.0012 0.0128 0.0574 0.1579 0.3238 0.5530 0.8379
 1.1700 1.5421 1.9487 2.3861 2.8514 3.3410 3.8413 4.3343 4.8099 5.2564
 5.6639 6.0241 6.3302 6.5802 6.7756 6.9183 7.0099 7.0521 7.0463 6.9939
 6.8989 6.7698 6.6148 6.4412 6.2556 6.0640 5.8718 5.6828 5.4980 5.3172
 5.1406 4.9679 4.7992 4.6342 4.4723 4.3147 4.1615 4.0130 3.8694 3.7309
 0.4618 0.4393 0.4177 0.3971 0.3774 0.3586 0.3407 0.3236 0.3073 0.2917
 0.2769 0.2627 0.2492 0.2364 0.2242 0.2125 0.2014 0.1909 0.1809 0.1714
 0.1624 0.1539 0.1459 0.1384 0.1313 0.1246 0.1184 0.1124 0.1068 0.1016
 0.0966 0.0919 0.0874 0.0831 0.0791 0.0753 0.0717 0.0683 0.0651 0.0621
 0.0592 0.0564 0.0538 0.0514 0.0490 0.0468 0.0447 0.0427 0.0408 0.0390
 65.00     8000.     2.191    
 0.0000 0.0000 0.0000 0.0011 0.0123 0.0565 0.1577 0.3263 0.5604 0.8521
 1.1922 1.5732 1.9892 2.4360 2.9106 3.4093 3.9184 4.4200 4.9039 5.3584
 5.7739 6.1419 6.4558 6.7133 6.9158 7.0651 7.1627 7.2100 7.2083 7.1590
 7.0661 6.9382 6.7837 6.6101 6.4240 6.2316 6.0383 5.8481 5.6620 5.4799
 5.3017 5.1274 4.9570 4.7901 4.6262 4.4663 4.3109 4.1602 4.0143 3.8734
 0.4618 0.4393 0.4177 0.3971 0.3774 0.3586 0.3407 0.3236 0.3073 0.2917
 0.2769 0.2627 0.2492 0.2364 0.2242 0.2125 0.2014 0.1909 0.1809 0.1714
 0.1624 0.1539 0.1459 0.1384 0.1313 0.1246 0.1184 0.1124 0.1068 0.1016
 0.0966 0.0919 0.0874 0.0831 0.0791 0.0753 0.0717 0.0683 0.0651 0.0621
 0.0592 0.0564 0.0538 0.0514 0.0490 0.0468 0.0447 0.0427 0.0408 0.0390
 65.00    0.1000E+05 2.216    
 0.0000 0.0000 0.0000 0.0011 0.0121 0.0562 0.1577 0.3276 0.5638 0.8584
 1.2021 1.5871 2.0073 2.4585 2.9376 3.4407 3.9542 4.4600 4.9480 5.4067
 5.8262 6.1982 6.5159 6.7771 6.9832 7.1357 7.2362 7.2861 7.2865 7.2389
 7.1472 7.0202 6.8661 6.6926 6.5063 6.3135 6.1196 5.9287 5.7417 5.5586
 5.3794 5.2042 5.0328 4.8650 4.7003 4.5399 4.3839 4.2325 4.0861 3.9447
 0.4618 0.4393 0.4177 0.3971 0.3774 0.3586 0.3407 0.3236 0.3073 0.2917
 0.2769 0.2627 0.2492 0.2364 0.2242 0.2125 0.2014 0.1909 0.1809 0.1714
 0.1624 0.1539 0.1459 0.1384 0.1313 0.1246 0.1184 0.1124 0.1068 0.1016
 0.0966 0.0919 0.0874 0.0831 0.0791 0.0753 0.0717 0.0683 0.0651 0.0621
 0.0592 0.0564 0.0538 0.0514 0.0490 0.0468 0.0447 0.0427 0.0408 0.0390
 90.00     1000.    0.6912    
 0.0000 0.0000 0.0001 0.0030 0.0201 0.0633 0.1332 0.2232 0.3274 0.4422
 0.5659 0.6981 0.8390 0.9891 1.1486 1.3171 1.4885 1.6546 1.8099 1.9487
 2.0663 2.1584 2.2218 2.2572 2.2680 2.2577 2.2291 2.1849 2.1276 2.0592
 1.9819 1.8983 1.8107 1.7213 1.6320 1.5445 1.4604 1.3806 1.3052 1.2340
 1.1666 1.1027 1.0423 0.9849 0.9304 0.8788 0.8299 0.7837 0.7400 0.6989
 0.4621 0.4395 0.4180 0.3973 0.3777 0.3589 0.3409 0.3238 0.3074 0.2919
 0.2770 0.2629 0.2494 0.2365 0.2243 0.2126 0.2015 0.1909 0.1809 0.1714
 0.1624 0.1540 0.1460 0.1384 0.1313 0.1247 0.1184 0.1125 0.1069 0.1016
 0.0966 0.0919 0.0874 0.0832 0.0792 0.0754 0.0718 0.0684 0.0651 0.0621
 0.0592 0.0564 0.0539 0.0514 0.0491 0.0468 0.0447 0.0427 0.0408 0.0390
 90.00     1500.     1.195    
 0.0000 0.0000 0.0000 0.0005 0.0080 0.0417 0.1218 0.2548 0.4357 0.6548
 0.9019 1.1691 1.4503 1.7414 2.0395 2.3416 2.6392 2.9214 3.1822 3.4148
 3.6133 3.7730 3.8899 3.9649 4.0023 4.0063 3.9804 3.9279 3.8518 3.7547
 3.6398 3.5117 3.3746 3.2323 3.0882 2.9455 2.8069 2.6743 2.5478 2.4272
 2.3121 2.2021 2.0969 1.9963 1.8998 1.8076 1.7197 1.6358 1.5561 1.4803
 0.4621 0.4395 0.4180 0.3973 0.3777 0.3589 0.3409 0.3238 0.3074 0.2919
 0.2770 0.2629 0.2494 0.2365 0.2243 0.2126 0.2015 0.1909 0.1809 0.1714
 0.1624 0.1540 0.1460 0.1384 0.1313 0.1247 0.1184 0.1125 0.1069 0.1016
 0.0966 0.0919 0.0874 0.0832 0.0792 0.0754 0.0718 0.0684 0.0651 0.0621
 0.0592 0.0564 0.0539 0.0514 0.0491 0.0468 0.0447 0.0427 0.0408 0.0390
 90.00     2000.     1.516    
 0.0000 0.0000-0.0001-0.0011 0.0005 0.0282 0.1136 0.2712 0.4967 0.7766
 1.0958 1.4417 1.8046 2.1776 2.5560 2.9351 3.3055 3.6552 3.9782 4.2674
 4.5166 4.7208 4.8760 4.9829 5.0457 5.0685 5.0548 5.0078 4.9305 4.8255
 4.6964 4.5490 4.3887 4.2204 4.0485 3.8769 3.7091 3.5477 3.3930 3.2445
 3.1021 2.9654 2.8341 2.7079 2.5863 2.4697 2.3579 2.2511 2.1491 2.0519
 0.4621 0.4395 0.4180 0.3973 0.3777 0.3589 0.3409 0.3238 0.3074 0.2919
 0.2770 0.2629 0.2494 0.2365 0.2243 0.2126 0.2015 0.1909 0.1809 0.1714
 0.1624 0.1540 0.1460 0.1384 0.1313 0.1247 0.1184 0.1125 0.1069 0.1016
 0.0966 0.0919 0.0874 0.0832 0.0792 0.0754 0.0718 0.0684 0.0651 0.0621
 0.0592 0.0564 0.0539 0.0514 0.0491 0.0468 0.0447 0.0427 0.0408 0.0390
 90.00     2500.     1.713    
 0.0000 0.0000-0.0001-0.0018-0.0031 0.0217 0.1101 0.2807 0.5297 0.8416
 1.1992 1.5873 1.9946 2.4128 2.8360 3.2591 3.6719 4.0617 4.4226 4.7472
 5.0291 5.2632 5.4453 5.5760 5.6590 5.6984 5.6974 5.6592 5.5863 5.4814
 5.3483 5.1935 5.0232 4.8428 4.6574 4.4713 4.2887 4.1124 3.9427 3.7795
 3.6224 3.4711 3.3255 3.1851 3.0494 2.9190 2.7938 2.6737 2.5588 2.4491
 0.4621 0.4395 0.4180 0.3973 0.3777 0.3589 0.3409 0.3238 0.3074 0.2919
 0.2770 0.2629 0.2494 0.2365 0.2243 0.2126 0.2015 0.1909 0.1809 0.1714
 0.1624 0.1540 0.1460 0.1384 0.1313 0.1247 0.1184 0.1125 0.1069 0.1016
 0.0966 0.0919 0.0874 0.0832 0.0792 0.0754 0.0718 0.0684 0.0651 0.0621
 0.0592 0.0564 0.0539 0.0514 0.0491 0.0468 0.0447 0.0427 0.0408 0.0390
 90.00     3000.     1.839    
 0.0000 0.0000-0.0001-0.0023-0.0052 0.0181 0.1084 0.2867 0.5494 0.8801
 1.2600 1.6730 2.1065 2.5514 3.0015 3.4511 3.8895 4.3040 4.6885 5.0354
 5.3384 5.5921 5.7924 5.9396 6.0373 6.0892 6.0984 6.0678 6.0000 5.8973
 5.7637 5.6062 5.4314 5.2452 5.0529 4.8594 4.6689 4.4845 4.3068 4.1354
 3.9701 3.8107 3.6570 3.5086 3.3649 3.2266 3.0936 2.9659 2.8434 2.7262
 0.4621 0.4395 0.4180 0.3973 0.3777 0.3589 0.3409 0.3238 0.3074 0.2919
 0.2770 0.2629 0.2494 0.2365 0.2243 0.2126 0.2015 0.1909 0.1809 0.1714
 0.1624 0.1540 0.1460 0.1384 0.1313 0.1247 0.1184 0.1125 0.1069 0.1016
 0.0966 0.0919 0.0874 0.0832 0.0792 0.0754 0.0718 0.0684 0.0651 0.0621
 0.0592 0.0564 0.0539 0.0514 0.0491 0.0468 0.0447 0.0427 0.0408 0.0390
 90.00     3500.     1.923    
 0.0000 0.0000-0.0001-0.0025-0.0064 0.0159 0.1075 0.2907 0.5622 0.9049
 1.2993 1.7282 2.1787 2.6410 3.1086 3.5755 4.0309 4.4617 4.8618 5.2235
 5.5403 5.8070 6.0192 6.1772 6.2845 6.3447 6.3607 6.3354 6.2713 6.1707
 6.0377 5.8795 5.7029 5.5140 5.3184 5.1211 4.9265 4.7379 4.5557 4.3799
 4.2100 4.0459 3.8874 3.7341 3.5855 3.4422 3.3043 3.1716 3.0443 2.9224
 0.4621 0.4395 0.4180 0.3973 0.3777 0.3589 0.3409 0.3238 0.3074 0.2919
 0.2770 0.2629 0.2494 0.2365 0.2243 0.2126 0.2015 0.1909 0.1809 0.1714
 0.1624 0.1540 0.1460 0.1384 0.1313 0.1247 0.1184 0.1125 0.1069 0.1016
 0.0966 0.0919 0.0874 0.0832 0.0792 0.0754 0.0718 0.0684 0.0651 0.0621
 0.0592 0.0564 0.0539 0.0514 0.0491 0.0468 0.0447 0.0427 0.0408 0.0390
 90.00     4000.     1.982    
 0.0000 0.0000-0.0001-0.0027-0.0074 0.0143 0.1068 0.2936 0.5714 0.9227
 1.3273 1.7675 2.2297 2.7041 3.1836 3.6622 4.1289 4.5705 4.9810 5.3526
 5.6789 5.9545 6.1753 6.3412 6.4556 6.5220 6.5433 6.5222 6.4610 6.3620
 6.2294 6.0705 5.8924 5.7015 5.5034 5.3034 5.1060 4.9146 4.7297 4.5510
 4.3784 4.2115 4.0501 3.8940 3.7424 3.5961 3.4551 3.3195 3.1892 3.0642
 0.4621 0.4395 0.4180 0.3973 0.3777 0.3589 0.3409 0.3238 0.3074 0.2919
 0.2770 0.2629 0.2494 0.2365 0.2243 0.2126 0.2015 0.1909 0.1809 0.1714
 0.1624 0.1540 0.1460 0.1384 0.1313 0.1247 0.1184 0.1125 0.1069 0.1016
 0.0966 0.0919 0.0874 0.0832 0.0792 0.0754 0.0718 0.0684 0.0651 0.0621
 0.0592 0.0564 0.0539 0.0514 0.0491 0.0468 0.0447 0.0427 0.0408 0.0390
 90.00     6000.     2.100    
 0.0000 0.0000-0.0001-0.0031-0.0091 0.0114 0.1057 0.2995 0.5895 0.9573
 1.3815 1.8433 2.3281 2.8255 3.3278 3.8288 4.3172 4.7796 5.2101 5.6008
 5.9453 6.2382 6.4753 6.6566 6.7850 6.8638 6.8958 6.8834 6.8289 6.7344
 6.6042 6.4459 6.2669 6.0739 5.8730 5.6694 5.4681 5.2726 5.0833 4.9002
 4.7229 4.5512 4.3849 4.2236 4.0667 3.9149 3.7684 3.6272 3.4914 3.3610
 0.4621 0.4395 0.4180 0.3973 0.3777 0.3589 0.3409 0.3238 0.3074 0.2919
 0.2770 0.2629 0.2494 0.2365 0.2243 0.2126 0.2015 0.1909 0.1809 0.1714
 0.1624 0.1540 0.1460 0.1384 0.1313 0.1247 0.1184 0.1125 0.1069 0.1016
 0.0966 0.0919 0.0874 0.0832 0.0792 0.0754 0.0718 0.0684 0.0651 0.0621
 0.0592 0.0564 0.0539 0.0514 0.0491 0.0468 0.0447 0.0427 0.0408 0.0390
 90.00     8000.     2.145    
 0.0000 0.0000-0.0002-0.0032-0.0097 0.0104 0.1055 0.3018 0.5963 0.9702
 1.4016 1.8714 2.3646 2.8705 3.3815 3.8910 4.3878 4.8582 5.2964 5.6947
 6.0465 6.3464 6.5901 6.7776 6.9119 6.9959 7.0325 7.0239 6.9724 6.8801
 6.7511 6.5934 6.4143 6.2208 6.0189 5.8141 5.6113 5.4141 5.2231 5.0381
 4.8589 4.6852 4.5170 4.3537 4.1949 4.0414 3.8931 3.7502 3.6126 3.4805
 0.4621 0.4395 0.4180 0.3973 0.3777 0.3589 0.3409 0.3238 0.3074 0.2919
 0.2770 0.2629 0.2494 0.2365 0.2243 0.2126 0.2015 0.1909 0.1809 0.1714
 0.1624 0.1540 0.1460 0.1384 0.1313 0.1247 0.1184 0.1125 0.1069 0.1016
 0.0966 0.0919 0.0874 0.0832 0.0792 0.0754 0.0718 0.0684 0.0651 0.0621
 0.0592 0.0564 0.0539 0.0514 0.0491 0.0468 0.0447 0.0427 0.0408 0.0390
 90.00    0.1000E+05 2.168    
 0.0000 0.0000-0.0002-0.0033-0.0100 0.0099 0.1053 0.3029 0.5995 0.9763
 1.4111 1.8847 2.3819 2.8918 3.4068 3.9203 4.4208 4.8949 5.3368 5.7386
 6.0938 6.3971 6.6443 6.8351 6.9724 7.0593 7.0983 7.0919 7.0420 6.9508
 6.8224 6.6649 6.4857 6.2919 6.0895 5.8842 5.6808 5.4830 5.2915 5.1060
 4.9263 4.7521 4.5833 4.4196 4.2602 4.1060 3.9571 3.8134 3.6752 3.5423
 0.4621 0.4395 0.4180 0.3973 0.3777 0.3589 0.3409 0.3238 0.3074 0.2919
 0.2770 0.2629 0.2494 0.2365 0.2243 0.2126 0.2015 0.1909 0.1809 0.1714
 0.1624 0.1540 0.1460 0.1384 0.1313 0.1247 0.1184 0.1125 0.1069 0.1016
 0.0966 0.0919 0.0874 0.0832 0.0792 0.0754 0.0718 0.0684 0.0651 0.0621
 0.0592 0.0564 0.0539 0.0514 0.0491 0.0468 0.0447 0.0427 0.0408 0.0390
