  3376.500  4381.400  3331.000  4350.400  3047.300  5648.100  5290.800  3198.100  5884.000  5266.800   229.400   229.400
  2778.100  7219.300  5167.000  3149.500  5219.400  5891.500  2723.800  6522.900  4303.700  3370.300  5556.900  6255.800
  3064.700  6076.100  2617.500  3150.600  6247.400  2597.900   229.400   229.400   229.400   229.400  2166.600  2176.600
  3299.800  2775.500  4753.300  5788.800  4064.600  2867.600  2521.000  5210.600  6205.700  3995.700  2674.700  2571.300
   218.200   218.200   218.200   218.200   218.200   218.200  6037.400  6660.900  6792.000  3408.900  4506.400  5393.000
   218.200   218.200   218.200   218.200   218.200   218.200  5595.600  6327.300  5909.800  2948.500  5002.900  5746.600
   218.200   218.200   218.200   272.600   274.500   263.800  5244.100  5806.300  6183.200  7143.100  3074.800  4837.200
   218.200   218.200   218.200   266.500   260.800   257.100  4863.600  5315.900  5898.200  6520.500  2824.600  5325.400
   280.600   276.300   282.600   276.700   274.200   282.100   266.200  4590.200  5070.400  5501.000  5782.000  7768.800
   259.300   258.900   250.800   253.000   247.000   243.500   243.900  4329.200  4719.900  4896.400  5382.200  7349.000
   268.800   267.200   270.900   270.100   267.100   274.000   260.200  3898.800  4479.700  4778.100  5132.000  6309.800
   261.300   262.100   255.100   257.700   249.200   243.500   243.500  3521.700  4309.900  4532.100  4792.300  5605.600
   284.400   278.800   273.300   279.500   273.200   283.800   266.500  1413.300  3543.100  4845.800  4525.400  5283.500
   251.100   249.300   245.200   242.600   241.100   238.000   238.000   932.800  3068.800  4280.700  4242.400  4878.100
   274.300   275.900   270.800   276.400   270.800   281.100   263.000  1558.000  1978.200   238.000  4045.100  4713.800
   253.100   252.300   248.800   244.900   243.500   238.000   238.000   980.700   952.000   238.000  3661.300  4265.300
   283.800   278.500   272.500   282.100   276.200   287.100   265.400  1592.500  1929.500  1008.600   236.200  4142.100
   252.800   249.500   249.300   256.700   255.100   243.600   246.100  1408.100   963.200  1941.400   236.200  3759.600
   295.100   277.400   277.400   288.500   250.800   292.500   271.600  1617.800  1896.800  1007.400   278.900  3349.700
   251.700   249.300   266.000   244.400   247.000   236.200   236.200  1558.100   958.400  1907.200   855.600  3091.300
   261.900   259.200   254.200   241.300   259.000   241.900   249.700  1634.100  1997.000  2013.300   235.200   229.800
   242.600   240.200   242.400   232.500   237.400   229.800   229.800  1545.600   947.900  1874.900   229.800   229.800
   229.800   229.800   229.800   229.800   229.800   229.800   229.800   229.800   229.800   229.800   229.800   229.800
   229.800   229.800   229.800   229.800   229.800   229.800   229.800   229.800   229.800   229.800   229.800   229.800
   238.800   238.800   735.200   747.400   838.300   742.000   741.300   238.800   238.800   238.800   238.800   238.800
   238.800   238.800   827.100   732.100   734.500   238.800   238.800   238.800   238.800   238.800   238.800   238.800
   238.800   238.800   834.000   741.600   839.000   740.600   838.400   238.800   238.800   238.800   238.800   238.800
   238.800   238.800   732.100   746.600   837.500   834.200   238.800   238.800   238.800   238.800   238.800   238.800
   237.100   237.100   819.300   834.100   733.300   733.800   823.200   237.100   237.100   237.100   237.100   237.100
   237.100   237.100   824.100   878.500   237.100   237.100   237.100   237.100   237.100   237.100   237.100   237.100
   237.100   237.100   237.100   237.100   237.100   237.100   237.100   237.100   237.100   237.100   237.100   237.100
   237.100   237.100   237.100   237.100   237.100   237.100   237.100   237.100   237.100   237.100   237.100   237.100
   230.600   230.600   230.600   230.600   230.600   230.600   230.600   230.600   230.600   230.600   230.600   230.600
   230.600   230.600   230.600   230.600   230.600   230.600   230.600   230.600   230.600   230.600   230.600   230.600
   230.600   230.600   230.600   230.600   230.600   230.600   230.600   230.600   230.600   230.600   230.600   230.600
   230.600   230.600   230.600   230.600   230.600   230.600   230.600   230.600   230.600   230.600   230.600   230.600
   244.500   244.500   244.500   244.500   244.500   244.500   244.500   244.500   244.500   244.500   244.500   244.500
   244.500   244.500   244.500   244.500   244.500   244.500   244.500   244.500   244.500   244.500   244.500   244.500
   244.500   244.500   244.500   244.500   244.500   244.500   244.500   244.500   244.500   244.500   244.500   244.500
   244.500   244.500   244.500   244.500   244.500   244.500   244.500   244.500   244.500   244.500   244.500   244.500
   218.500   218.500   218.500   218.500   218.500   218.500   218.500   218.500   218.500   218.500   218.500   218.500
   218.500   218.500   218.500   218.500   218.500   218.500   218.500   218.500   218.500   218.500   218.500   218.500
   218.500   218.500   218.500   218.500   218.500   218.500   218.500   218.500   218.500   218.500   218.500   218.500
   218.500   218.500   218.500   218.500   218.500   218.500   218.500   218.500   218.500   218.500   218.500   218.500
   230.000   230.000   230.000   230.000   230.000   230.000   230.000   230.000   230.000   230.000   230.000   230.000
   230.000   230.000   230.000   230.000   230.000   230.000   230.000   230.000   230.000   230.000   230.000   230.000
   230.000   230.000   230.000   230.000   230.000   230.000   230.000   230.000   230.000   230.000   230.000   230.000
   230.000   230.000   230.000   230.000   230.000   230.000   230.000   230.000   230.000   230.000   230.000   230.000
  3293.500  4289.700  3342.900  4293.700  3144.700  5888.800  5383.500  3005.600  5564.300  5340.200   229.300   229.300
  2699.800  6465.600  4188.400  3352.700  5625.000  6215.300  2809.500  7177.200  5153.200  3029.700  5273.300  6041.800
  3125.300  6232.000  2598.200  3077.800  6065.400  2650.000   229.300   229.300   229.300   229.300  2170.900  2174.600
  2916.000  2626.900  5136.000  6153.700  4053.700  3325.800  2702.200  4743.800  5930.100  4059.100  2484.400  2576.000
   217.900   217.900   217.900   217.900   217.900   217.900  5610.000  6210.100  5825.800  2936.000  5198.100  5714.100
   217.900   217.900   217.900   217.900   217.900   217.900  5906.700  6589.400  6748.100  3366.900  4485.100  5585.400
   217.900   217.900   217.900   254.300   255.300   244.000  4841.900  5237.800  5795.600  6461.100  2833.100  5335.000
   217.900   217.900   217.900   247.800   240.500   235.200  5250.200  5677.700  6054.600  7185.900  3042.200  4903.300
   259.400   259.000   259.900   258.400   256.700   259.200   251.800  4356.200  4667.700  4919.200  5389.500  7542.400
   243.100   243.100   243.100   243.100   243.100   243.100   243.100  4605.400  4929.200  5383.500  5760.100  7678.600
   255.100   255.900   254.500   256.500   250.700   258.600   250.400  3532.100  4043.700  4485.700  4757.200  5659.500
   246.700   247.600   243.100   243.800   243.100   243.100   243.100  3854.100  4477.400  4733.900  5124.700  6337.700
   250.500   249.800   246.200   254.100   253.700   254.500   246.100   242.200  3102.300  4198.200  4275.800  4889.800
   237.800   237.800   237.800   237.800   237.800   237.800   237.800   237.800  3393.900  4762.500  4496.700  5196.500
   248.000   250.800   250.000   254.900   253.100   255.300   243.700   244.900   250.000   237.800  3671.700  4273.900
   237.800   237.800   237.800   237.800   237.800   237.800   237.800   237.800   237.800   237.800  4037.200  4682.800
   268.300   262.200   258.500   268.200   257.600   269.800   253.600   256.600   257.300   251.000   235.700  3765.700
   235.700   235.700   235.700   240.300   240.900   235.700   235.700   243.100   235.700   235.700   235.700  4067.500
   268.200   255.200   254.900   264.900   251.500   267.000   252.400   255.000   255.500   250.900   256.500  3066.000
   237.200   236.900   253.400   235.700   235.700   235.700   235.700   238.800   235.700   235.700   235.700  3401.700
   251.200   247.300   241.900   230.000   241.000   229.600   237.800   238.000   233.300   229.600   229.600   229.600
   229.600   229.600   229.800   229.600   229.600   229.600   229.600   229.600   229.600   229.600   229.600   229.600
   229.600   229.600   229.600   229.600   229.600   229.600   229.600   229.600   229.600   229.600   229.600   229.600
   229.600   229.600   229.600   229.600   229.600   229.600   229.600   229.600   229.600   229.600   229.600   229.600
     0.000     0.000     0.000     0.000     0.000     0.000     0.000     0.000     0.000     0.000     0.000     0.000
     0.000     0.000     0.000     0.000     0.000     0.000     0.000     0.000     0.000     0.000     0.000     0.000
     0.000     0.000     0.000     0.000     0.000     0.000     0.000     0.000     0.000     0.000     0.000     0.000
     0.000     0.000     0.000     0.000     0.000     0.000     0.000     0.000     0.000     0.000     0.000     0.000
     0.000     0.000     0.000     0.000     0.000     0.000     0.000     0.000     0.000     0.000     0.000     0.000
     0.000     0.000     0.000     0.000     0.000     0.000     0.000     0.000     0.000     0.000     0.000     0.000
     0.000     0.000     0.000     0.000     0.000     0.000     0.000     0.000     0.000     0.000     0.000     0.000
     0.000     0.000     0.000     0.000     0.000     0.000     0.000     0.000     0.000     0.000     0.000     0.000
     0.000     0.000     0.000     0.000     0.000     0.000     0.000     0.000     0.000     0.000     0.000     0.000
     0.000     0.000     0.000     0.000     0.000     0.000     0.000     0.000     0.000     0.000     0.000     0.000
     0.000     0.000     0.000     0.000     0.000     0.000     0.000     0.000     0.000     0.000     0.000     0.000
     0.000     0.000     0.000     0.000     0.000     0.000     0.000     0.000     0.000     0.000     0.000     0.000
     0.000     0.000     0.000     0.000     0.000     0.000     0.000     0.000     0.000     0.000     0.000     0.000
     0.000     0.000     0.000     0.000     0.000     0.000     0.000     0.000     0.000     0.000     0.000     0.000
     0.000     0.000     0.000     0.000     0.000     0.000     0.000     0.000     0.000     0.000     0.000     0.000
     0.000     0.000     0.000     0.000     0.000     0.000     0.000     0.000     0.000     0.000     0.000     0.000
     0.000     0.000     0.000     0.000     0.000     0.000     0.000     0.000     0.000     0.000     0.000     0.000
     0.000     0.000     0.000     0.000     0.000     0.000     0.000     0.000     0.000     0.000     0.000     0.000
     0.000     0.000     0.000     0.000     0.000     0.000     0.000     0.000     0.000     0.000     0.000     0.000
     0.000     0.000     0.000     0.000     0.000     0.000     0.000     0.000     0.000     0.000     0.000     0.000
     0.000     0.000     0.000     0.000     0.000     0.000     0.000     0.000     0.000     0.000     0.000     0.000
     0.000     0.000     0.000     0.000     0.000     0.000     0.000     0.000     0.000     0.000     0.000     0.000
     0.000     0.000     0.000     0.000     0.000     0.000     0.000     0.000     0.000     0.000     0.000     0.000
     0.000     0.000     0.000     0.000     0.000     0.000     0.000     0.000     0.000     0.000     0.000     0.000
  3322.900  4271.800  3309.700  4260.000  3028.500  5572.800  5272.200  3190.600  5827.700  5281.200   229.600   229.600
  2782.800  7200.400  5233.600  3074.400  5195.500  5928.000  2710.400  6485.100  4252.100  3250.800   229.600  5939.300
  3029.500  5871.900  2679.900  3178.400  6114.900  2545.700   229.600   229.600   229.600   229.600  2101.900  2135.100
  3258.900  2699.900  4721.500  5950.700  4006.300  2832.300  2499.900  5166.500  6118.900  3894.400  2555.800  2552.100
   218.100   218.100   218.100   218.100   218.100   218.100  5950.900  6629.000  6733.500  3384.000  4514.000  5531.300
   218.100   218.100   218.100   218.100   218.100   218.100  5555.300  6285.100  5815.500  2920.800  4931.900  5576.100
   218.100   218.100   218.100   235.200   229.100   224.000  5202.500  5678.900  6228.300  7095.400  3056.500  4827.600
   218.100   218.100   218.100   228.800   229.900   218.100  4817.200  5157.300  5861.300  6489.900  2818.100  5169.300
   253.800   252.600   253.500   251.000   250.400   252.000   243.400  4564.800  5058.100  5410.400  5725.700  7693.100
   243.400   243.400   243.400   243.400   243.400   243.400   243.400  4297.000  4643.700  4922.100  5353.800  7270.200
   245.500   244.400   243.400   245.800   243.400   246.400   243.400  3929.300  4416.800  4783.600  5122.200  6328.200
   243.400   243.400   243.400   243.400   243.400   243.400   243.400  3525.700  4300.800  4520.000  4679.600  5590.800
   248.200   248.200   247.000   251.900   245.800   253.500   240.800   241.400  3517.500  4815.800  4501.300  5245.100
   238.000   238.000   238.000   238.000   238.000   238.000   238.000   238.000  3138.300  4372.900  4238.100  4890.000
   248.900   252.100   247.700   252.900   247.100   254.400   239.500   242.900   246.200   238.000  4027.400  4683.100
   238.000   238.000   238.000   238.000   238.000   238.000   238.000   238.000   238.000   238.000  3652.400  4251.400
   263.800   259.500   254.300   263.000   251.200   264.400   244.700   249.400   249.000   243.000   235.900  4100.900
   235.900   235.900   235.900   235.900   236.600   235.900   235.900   235.900   235.900   235.900   235.900  3722.400
   265.600   253.100   251.900   261.400   235.900   263.300   247.400   249.800   250.500   246.600   251.800  3365.100
   235.900   235.900   242.700   235.900   235.900   235.900   235.900   235.900   235.900   235.900   235.900  3091.900
   235.000   235.300   231.200   229.800   230.800   229.800   229.800   229.800   229.800   229.800   229.800   229.800
   229.800   229.800   229.800   229.800   229.800   229.800   229.800   229.800   229.800   229.800   229.800   229.800
   229.800   229.800   229.800   229.800   229.800   229.800   229.800   229.800   229.800   229.800   229.800   229.800
   229.800   229.800   229.800   229.800   229.800   229.800   229.800   229.800   229.800   229.800   229.800   229.800
     0.000     0.000     0.000     0.000     0.000     0.000     0.000     0.000     0.000     0.000     0.000     0.000
     0.000     0.000     0.000     0.000     0.000     0.000     0.000     0.000     0.000     0.000     0.000     0.000
     0.000     0.000     0.000     0.000     0.000     0.000     0.000     0.000     0.000     0.000     0.000     0.000
     0.000     0.000     0.000     0.000     0.000     0.000     0.000     0.000     0.000     0.000     0.000     0.000
     0.000     0.000     0.000     0.000     0.000     0.000     0.000     0.000     0.000     0.000     0.000     0.000
     0.000     0.000     0.000     0.000     0.000     0.000     0.000     0.000     0.000     0.000     0.000     0.000
     0.000     0.000     0.000     0.000     0.000     0.000     0.000     0.000     0.000     0.000     0.000     0.000
     0.000     0.000     0.000     0.000     0.000     0.000     0.000     0.000     0.000     0.000     0.000     0.000
     0.000     0.000     0.000     0.000     0.000     0.000     0.000     0.000     0.000     0.000     0.000     0.000
     0.000     0.000     0.000     0.000     0.000     0.000     0.000     0.000     0.000     0.000     0.000     0.000
     0.000     0.000     0.000     0.000     0.000     0.000     0.000     0.000     0.000     0.000     0.000     0.000
     0.000     0.000     0.000     0.000     0.000     0.000     0.000     0.000     0.000     0.000     0.000     0.000
     0.000     0.000     0.000     0.000     0.000     0.000     0.000     0.000     0.000     0.000     0.000     0.000
     0.000     0.000     0.000     0.000     0.000     0.000     0.000     0.000     0.000     0.000     0.000     0.000
     0.000     0.000     0.000     0.000     0.000     0.000     0.000     0.000     0.000     0.000     0.000     0.000
     0.000     0.000     0.000     0.000     0.000     0.000     0.000     0.000     0.000     0.000     0.000     0.000
     0.000     0.000     0.000     0.000     0.000     0.000     0.000     0.000     0.000     0.000     0.000     0.000
     0.000     0.000     0.000     0.000     0.000     0.000     0.000     0.000     0.000     0.000     0.000     0.000
     0.000     0.000     0.000     0.000     0.000     0.000     0.000     0.000     0.000     0.000     0.000     0.000
     0.000     0.000     0.000     0.000     0.000     0.000     0.000     0.000     0.000     0.000     0.000     0.000
     0.000     0.000     0.000     0.000     0.000     0.000     0.000     0.000     0.000     0.000     0.000     0.000
     0.000     0.000     0.000     0.000     0.000     0.000     0.000     0.000     0.000     0.000     0.000     0.000
     0.000     0.000     0.000     0.000     0.000     0.000     0.000     0.000     0.000     0.000     0.000     0.000
     0.000     0.000     0.000     0.000     0.000     0.000     0.000     0.000     0.000     0.000     0.000     0.000
  3295.300  4239.900  3331.300  4243.800  3172.800  5851.700  5226.500  2969.300  5492.300  5262.100   229.700   229.700
  2713.800  6415.900  4107.700  3297.700  5479.400  6049.400  2754.200  7225.100  5154.000  2991.700  5156.800  5775.500
  3150.900  6137.100  2549.400  3067.200  5975.700  2548.700   229.700   229.700   229.700   229.700  2119.600  2146.600
  2876.300  2561.000  5083.400  6061.200  3907.300  3222.100  2644.900  4720.800  5804.300  3985.100  2439.900  2523.100
   218.100   218.100   218.100   218.100   218.100   218.100  5561.600  6100.300  5755.000  2910.800  4866.600  5599.900
   218.100   218.100   218.100   218.100   218.100   218.100  5907.000  6594.100  6667.600  3352.700  4459.100  5361.300
   218.100   218.100   218.100   218.100   218.100   218.100  4845.400  5232.400  5758.700  6428.600  2783.600  5147.800
   218.100   218.100   218.100   218.100   218.100   218.100  5229.300  5628.200  6104.400  7173.900  2995.500  4790.700
   243.100   243.100   243.100   243.100   243.100   243.100   243.100  4327.800  4632.900  4900.300  5384.700  7412.500
   243.100   243.100   243.100   243.100   243.100   243.100   243.100  4541.500  5014.500  5230.900  5710.600  7544.100
   243.100   243.100   243.100   243.100   243.100   243.100   243.100  3467.700  4036.100  4497.100  4735.000  5560.400
   243.100   243.100   243.100   243.100   243.100   243.100   243.100  3804.600  4435.200  4707.300  5061.600  6310.300
   237.800   237.800   237.800   237.800   237.800   237.800   237.800   237.800  3084.900  4190.800  4252.800  4810.700
   237.800   237.800   237.800   237.800   237.800   237.800   237.800   237.800  3326.600  4664.400  4458.700  5179.600
   237.800   237.800   237.800   237.800   237.800   237.800   237.800   237.800   237.800   237.800  3594.700  4215.000
   237.800   237.800   237.800   237.800   237.800   237.800   237.800   237.800   237.800   237.800  3997.900  4650.800
   235.900   235.900   235.900   235.900   235.900   235.900   235.900   235.900   235.900   235.900   235.900  3726.800
   235.900   235.900   235.900   235.900   235.900   235.900   235.900   235.900   235.900   235.900   235.900  4048.000
   239.700   235.900   235.900   236.200   235.900   236.800   235.900   235.900   235.900   235.900   235.900  3018.700
   235.900   235.900   235.900   235.900   235.900   235.900   235.900   235.900   235.900   235.900   235.900  3361.500
   229.700   229.700   229.700   229.700   229.700   229.700   229.700   229.700   229.700   229.700   229.700   229.700
   229.700   229.700   229.700   229.700   229.700   229.700   229.700   229.700   229.700   229.700   229.700   229.700
   229.700   229.700   229.700   229.700   229.700   229.700   229.700   229.700   229.700   229.700   229.700   229.700
   229.700   229.700   229.700   229.700   229.700   229.700   229.700   229.700   229.700   229.700   229.700   229.700
     0.000     0.000     0.000     0.000     0.000     0.000     0.000     0.000     0.000     0.000     0.000     0.000
     0.000     0.000     0.000     0.000     0.000     0.000     0.000     0.000     0.000     0.000     0.000     0.000
     0.000     0.000     0.000     0.000     0.000     0.000     0.000     0.000     0.000     0.000     0.000     0.000
     0.000     0.000     0.000     0.000     0.000     0.000     0.000     0.000     0.000     0.000     0.000     0.000
     0.000     0.000     0.000     0.000     0.000     0.000     0.000     0.000     0.000     0.000     0.000     0.000
     0.000     0.000     0.000     0.000     0.000     0.000     0.000     0.000     0.000     0.000     0.000     0.000
     0.000     0.000     0.000     0.000     0.000     0.000     0.000     0.000     0.000     0.000     0.000     0.000
     0.000     0.000     0.000     0.000     0.000     0.000     0.000     0.000     0.000     0.000     0.000     0.000
     0.000     0.000     0.000     0.000     0.000     0.000     0.000     0.000     0.000     0.000     0.000     0.000
     0.000     0.000     0.000     0.000     0.000     0.000     0.000     0.000     0.000     0.000     0.000     0.000
     0.000     0.000     0.000     0.000     0.000     0.000     0.000     0.000     0.000     0.000     0.000     0.000
     0.000     0.000     0.000     0.000     0.000     0.000     0.000     0.000     0.000     0.000     0.000     0.000
     0.000     0.000     0.000     0.000     0.000     0.000     0.000     0.000     0.000     0.000     0.000     0.000
     0.000     0.000     0.000     0.000     0.000     0.000     0.000     0.000     0.000     0.000     0.000     0.000
     0.000     0.000     0.000     0.000     0.000     0.000     0.000     0.000     0.000     0.000     0.000     0.000
     0.000     0.000     0.000     0.000     0.000     0.000     0.000     0.000     0.000     0.000     0.000     0.000
     0.000     0.000     0.000     0.000     0.000     0.000     0.000     0.000     0.000     0.000     0.000     0.000
     0.000     0.000     0.000     0.000     0.000     0.000     0.000     0.000     0.000     0.000     0.000     0.000
     0.000     0.000     0.000     0.000     0.000     0.000     0.000     0.000     0.000     0.000     0.000     0.000
     0.000     0.000     0.000     0.000     0.000     0.000     0.000     0.000     0.000     0.000     0.000     0.000
     0.000     0.000     0.000     0.000     0.000     0.000     0.000     0.000     0.000     0.000     0.000     0.000
     0.000     0.000     0.000     0.000     0.000     0.000     0.000     0.000     0.000     0.000     0.000     0.000
     0.000     0.000     0.000     0.000     0.000     0.000     0.000     0.000     0.000     0.000     0.000     0.000
     0.000     0.000     0.000     0.000     0.000     0.000     0.000     0.000     0.000     0.000     0.000     0.000
  2382.700  2597.100  2363.200  2472.200  2347.000  2484.700  3413.900  6010.800  6217.300  6165.400  6025.900     0.000
  2400.600  2342.300  2428.200  2414.900  2432.700  2382.700  3425.100  5992.000  6266.000  6193.200  6060.200     0.000
  2324.100  2370.500  2351.800  2418.100  2283.300  2354.200  3376.000  6075.500  6213.300  6153.500  6165.400     0.000
  2397.400  2383.300  2436.500  2404.300  2479.400  2363.800  3380.900  6075.500  6323.800  6201.200  6173.300     0.000
  2352.600  2293.400  2152.400  2316.500  2378.700  2423.100  3374.000  6020.500  6319.800  6282.300  6286.500     0.000
  2386.700  2479.100  2441.100  2477.100  2466.500  2353.200  3287.500  5904.900  6261.700  6176.500  6172.500     0.000
  2447.500  2441.100  2253.400  2485.100  2340.000  2497.900  3402.200  6200.600  6224.900  6278.200  6233.100     0.000
  2425.700  2309.500  2427.600  2378.100  2529.300  2330.600  3434.600  6241.200  6400.300  6383.200  6307.200     0.000
  2342.800  2519.900  2431.200  2564.900  2358.100  2401.400  3415.300  6303.400  6578.500  6601.700  6394.000     0.000
  2384.300  2532.600  2580.300  2397.600  2427.200  2373.000  3465.600  6282.200  6587.700  6564.600  6482.700     0.000
  2249.700  2397.600  2319.300  2587.600  2318.700  2592.100  3489.300  6532.500  6710.600  6634.500  5228.500     0.000
  2366.800  2350.100  2499.700  2345.800  2445.000  2337.900  3525.500  6592.400  6939.600  6725.100  5358.000     0.000
  2359.500  2259.300  2340.200  2336.100  2385.800  2339.000  3539.100  6601.200  6933.500  6841.400     0.000     0.000
  2316.000  2504.700  2541.800  2276.800  2327.500  2307.500  3583.900  6650.600  6938.400  6884.700     0.000     0.000
  2350.100  2472.600  2347.800  2475.200  2346.000  2536.300  3604.100  6904.100  7140.900  4506.600  2504.100     0.000
  2366.000  2398.500  2438.800  2412.000  2508.100  2393.100  3645.100  6943.300  7182.800  4581.200  2664.000     0.000
  2343.400  2447.400  2452.200  2494.500  2310.900  2364.600  3721.700  7170.100  3515.700  2878.400     0.000     0.000
  2314.000  2376.200  2428.200  2369.700  2446.000  2338.400  3718.600  7124.700  3598.800  2834.600     0.000     0.000
  2363.300  2409.300  2175.200  2388.700  2347.200  2337.100  3880.100  4541.400  2596.600     0.000     0.000     0.000
  2374.300  2440.500  2602.800  2336.500  2411.300  2374.300  3800.100  4500.000  2709.600     0.000     0.000     0.000
  2273.100  2274.300  2312.900  2470.300  2362.800  2351.700  3620.500  2514.400     0.000     0.000     0.000     0.000
  2331.500  2424.500  2381.500  2320.700  2449.500  2212.600  3532.700  2703.800     0.000     0.000     0.000     0.000
  2370.200  2411.500  2319.500  2501.800  2380.900     0.000     0.000     0.000     0.000     0.000     0.000     0.000
  2367.100  2315.900  2410.200  2268.000  2501.800     0.000     0.000     0.000     0.000     0.000     0.000     0.000
  2398.600  2402.300  2402.300  2402.300  2299.200  2417.400  3290.600  5392.600  5660.500  5673.900  6388.400     0.000
  2327.500  2299.200  2401.100  2342.200  2388.700  2304.300  3288.300  5335.400  5673.900  5769.600  6379.900     0.000
  2298.600  2349.400  2391.800  2390.600  2357.700  2403.000  3284.900  5558.600  5829.300  5815.200  6514.000     0.000
  2361.900  2426.200  2396.100  2352.900  2361.900  2376.500  3329.000  5536.100  5738.500  5897.500  6435.500     0.000
  2369.800  2253.000  2609.000  2181.200  2314.400  2375.900  3432.700  5660.900  6007.500  5903.200  6543.700     0.000
  2508.500  2363.100  2374.700  2557.100  2242.000  2254.700  3425.200  5614.100  5827.300  5863.200  6459.500     0.000
  2529.800  2436.300  2181.200  2305.100  2282.700  2402.000  3411.500  5654.100  5859.600  5870.500  6543.700     0.000
  2444.700  2310.300  2382.700  2291.300  2380.900  2485.500  3314.800  5736.000  5903.200  6099.900  6657.900     0.000
  2346.900  2507.200  2329.300  2479.000  2350.500  2340.800  3309.400  5876.600  6111.500  6159.900  6703.500     0.000
  2344.400  2477.000  2396.100  2383.500  2342.600  2498.900  3476.200  5880.300  6099.500  6301.200  6718.000     0.000
  2521.900  2525.400  2519.800  2377.200  2422.500  2414.700  3437.200  5963.000  6229.700  6250.600  5544.400     0.000
  2357.900  2423.100  2354.800  2245.500  2391.700  2456.800  3461.800  5898.900  6263.200  6361.300  5618.000     0.000
  2320.500  2277.300  2526.300  2396.100  2282.800  2389.400  3525.100  6173.300  6502.500  6506.800     0.000     0.000
  2367.200  2536.500  2260.300  2277.300  2370.200  2376.800  3601.900  6115.200  6354.300  6459.400     0.000     0.000
  2512.900  2409.000  2302.400  2412.700  2254.900  2380.400  3555.200  6446.600  6621.500  4245.000  2516.200     0.000
  2398.000  2328.600  2427.000  2372.000  2358.900  2384.600  3589.800  6362.600  6621.500  4151.900  2376.800     0.000
  2416.300  2448.300  2264.400  2507.100  2312.300  2356.400  3712.700  6611.000  3140.500  2902.100     0.000     0.000
  2483.400  2326.600  2379.700  2462.200  2348.700  2373.200  3640.800  6562.700  3000.700  2823.400     0.000     0.000
  2281.100  2219.000  2470.000  2239.100  2169.200  2487.000  3574.400  4115.200  2628.400     0.000     0.000     0.000
  2339.200  2511.400  2364.800  2366.700  2362.200  2219.500  3774.600  4043.800  2507.100     0.000     0.000     0.000
  2267.500  2391.800  2386.700  2371.000  2369.800  2434.500  3501.300  2590.300     0.000     0.000     0.000     0.000
  2352.400  2270.900  2349.300  2180.300  2320.200  2465.100  3469.500  2467.800     0.000     0.000     0.000     0.000
  2541.500  2416.800  2291.200  2417.500  2479.300     0.000     0.000     0.000     0.000     0.000     0.000     0.000
  2316.000  2300.600  2328.600  2252.100  2322.000     0.000     0.000     0.000     0.000     0.000     0.000     0.000
  2315.000  2371.300  2268.500  2474.900  2283.100  2441.700  3264.700  6011.300  6233.700  6201.500  5944.300     0.000
  2462.400  2484.100  2560.700  2409.400  2464.400  2398.900  3416.100  6053.000  6286.700  6233.700  6060.600     0.000
  2247.600  2359.800  2372.500  2681.400  2365.800  2425.200  3344.600  6068.300  6229.700  6233.700  6053.000     0.000
  2463.700  2390.800  2464.400  2382.800  2429.000  2390.200  3393.900  6106.900  6245.900  6221.600  6165.700     0.000
  2363.700  2381.400  2415.700  2368.600  2403.800  2388.800  3424.700  5835.500  6301.800  6335.300  6155.600     0.000
  2428.400  2363.700  2620.300  2505.500  2312.100  2383.900  3419.700  6084.900  6256.400  6446.400  6092.700     0.000
  2500.700  2308.700  2365.600  2479.900  2367.400  2399.400  3386.400  6167.500  6227.800  6394.600  6088.800     0.000
  2296.000  2424.000  2530.800  2389.500  2431.000  2399.400  3444.800  6127.900  6398.900  6472.600  6306.000     0.000
  2279.600  2260.200  2303.500  2411.100  2304.100  2347.200  3384.300  6246.000  6575.100  6804.400  6413.000     0.000
  2277.300  2389.400  2445.700  2350.900  2401.500  2348.400  3437.500  6279.600  6598.300  6683.000  6543.000     0.000
  2415.000  2337.500  2304.700  2578.600  2289.500  2422.100  3408.200  6502.100  6673.500  6854.100  5251.700     0.000
  2355.200  2292.400  2447.000  2354.600  2441.000  2375.600  3500.300  6579.800  6935.300  6678.300  5308.500     0.000
  2272.500  2248.600  2299.200  2353.100  2286.300  2387.700  3462.700  6584.000  6929.000  6799.100     0.000     0.000
  2256.700  2325.300  2440.100  2344.300  2414.500  2333.900  3522.300  6761.500  6870.600  6885.100     0.000     0.000
  2347.800  2381.600  2359.600  2501.400  2339.700  2390.700  3605.500  6747.500  7084.400  4591.200  2453.400     0.000
  2366.700  2367.300  2483.000  2459.100  2404.700  2461.700  3711.200  6968.400  7167.300  3863.000  2624.000     0.000
  2267.600  2281.300  2346.200  2435.100  2346.200  2343.700  3749.200  7040.000  3477.800  2902.700     0.000     0.000
  2369.300  2371.900  2569.700  2334.800  2390.900  2325.400  3663.800  7095.500  3580.700  2791.600     0.000     0.000
  2345.600  2334.800  2327.900  2693.500  2318.000  2498.100  3776.300  4436.900  2638.900     0.000     0.000     0.000
  2334.200  2286.700  2431.700  2335.500  2392.200  2343.000  3805.600  4508.800  2626.200     0.000     0.000     0.000
  2371.200  2355.100  2309.200  2373.700  2303.300  2451.000  3532.800  2567.200     0.000     0.000     0.000     0.000
  2282.900  2295.700  2353.900  2338.000  2366.800  2336.200  3557.400  2568.700     0.000     0.000     0.000     0.000
  2305.100  2305.700  2238.500  2562.900  2263.900     0.000     0.000     0.000     0.000     0.000     0.000     0.000
  2275.900  2282.300  2358.800  2226.900  2318.100     0.000     0.000     0.000     0.000     0.000     0.000     0.000
  2281.000  2381.400  2327.500  2377.100  2337.500  2344.600  3325.700  5411.600  5618.300  5763.900  6373.500     0.000
  2387.500  2382.000  2381.400  2412.400  2362.500  2417.400  3418.700  5479.900  5681.700  5798.800  6377.700     0.000
  2375.300  2383.800  2258.100  2378.300  2321.600  2348.200  3262.200  5521.000  5746.500  5906.100  6450.600     0.000
  2374.700  2342.800  2425.000  2426.300  2408.600  2303.100  3398.900  5553.100  5763.900  5917.000  6416.100     0.000
  2411.200  2344.800  2389.300  2480.700  2375.100  2447.700  3426.300  5668.000  5856.600  6038.900  6540.900     0.000
  2384.900  2259.900  2487.400  2487.400  2451.600  2322.800  3390.300  5614.400  5831.500  5903.900  6443.600     0.000
  2470.700  2354.400  2429.600  2426.400  2282.400  2409.900  3464.400  5722.600  5674.800  6016.000  6523.000     0.000
  2392.400  2346.000  2324.600  2259.300  2328.100  2374.400  3290.000  5810.100  5900.300  6073.600  6608.900     0.000
  2314.700  2310.500  2371.300  2245.900  2299.300  2280.100  3454.100  5908.100  6057.800  6190.400  6682.100     0.000
  2331.500  2323.600  2455.200  2264.000  2421.600  2324.800  3414.200  5874.600  6178.100  6174.000  6691.600     0.000
  2315.900  2379.500  2423.600  2395.900  2309.900  2373.200  3546.200  5953.400  6174.000  6303.300  5499.900     0.000
  2356.500  2339.300  2403.600  2317.100  2402.900  2292.300  3448.900  6003.200  6265.200  6359.100  5559.000     0.000
  2281.400  2348.200  2311.200  2414.500  2305.000  2393.600  3496.600  6207.100  6407.100  6544.800     0.000     0.000
  2330.100  2352.300  2491.100  2229.400  2460.500  2276.500  3472.500  6159.900  6407.100  6470.900     0.000     0.000
  2385.700  2355.800  2357.000  2377.900  2357.000  2344.700  3627.600  6428.200  6620.300  4183.300  2531.200     0.000
  2459.900  2325.500  2391.200  2328.400  2384.500  2290.900  3588.200  6445.200  6540.400  4234.700  2412.000     0.000
  2351.500  2299.000  2285.600  2368.300  2283.800  2331.200  3701.400  6683.500  3001.900  2885.900     0.000     0.000
  2313.800  2330.000  2370.200  2332.500  2336.900  2294.100  3663.000  6634.100  3192.300  2797.100     0.000     0.000
  2338.800  2459.900  2365.700  2223.100  2314.400  2182.000  3813.300  4147.800  2706.700     0.000     0.000     0.000
  2338.200  2330.600  2392.500  2303.300  2394.500  2231.100  3743.800  4073.400  2624.300     0.000     0.000     0.000
  2306.400  2420.700  2383.500  2390.500  2359.100  2370.300  3587.600  2580.100     0.000     0.000     0.000     0.000
  2326.700  2285.300  2343.100  2260.500  2340.100  2263.300  3464.100  2432.500     0.000     0.000     0.000     0.000
  2302.900  2288.200  2276.600  2309.400  2415.500     0.000     0.000     0.000     0.000     0.000     0.000     0.000
  2294.600  2213.000  2378.500  2175.400  2285.300     0.000     0.000     0.000     0.000     0.000     0.000     0.000
  2267.000  2258.700  2410.600  2420.000  2333.400  2400.600  3445.400  5364.800  5687.200  5762.600  6363.600     0.000
  2366.800  2356.000  2424.500  2371.100  2448.800  2344.600  3382.300  5450.500  5690.600  5769.500  6305.000     0.000
  2377.200  2380.200  2406.800  2404.900  2265.300  2385.700  3401.800  5463.000  5759.100  5875.800  6466.600     0.000
  2372.300  2371.700  2425.700  2397.500  2356.600  2323.400  3358.100  5526.100  5741.800  5825.700  6355.200     0.000
  2404.700  2408.500  2421.800  2182.300  2360.300  2428.200  3420.400  5640.300  5834.100  5965.800  6517.000     0.000
  2357.300  2367.000  2400.300  2608.700  2332.100  2318.600  3564.900  5583.900  5766.900  5844.900  6381.700     0.000
  2468.500  2389.700  2203.800  2306.400  2326.800  2357.300  3449.400  5694.300  5910.200  6080.200  6499.200     0.000
  2383.500  2393.500  2393.500  2295.400  2431.400  2277.800  3547.400  5809.200  5855.700  5988.400  6557.300     0.000
  2294.900  2313.800  2338.400  2488.100  2340.900  2306.100  3443.300  5892.500  6104.700  6153.000  6638.600     0.000
  2316.800  2319.800  2409.100  2384.200  2381.700  2272.900  3663.100  5862.800  5987.100  6189.700  6619.800     0.000
  2314.400  2324.000  2527.000  2399.500  2317.400  2360.500  3698.500  5945.100  6260.300  6323.900  5483.100     0.000
  2346.400  2358.700  2376.700  2255.200  2420.700  2289.700  3457.600  6002.500  6239.400  6239.400  5548.500     0.000
  2301.500  2297.000  2546.000  2402.600  2367.000  2368.800  3762.900  6162.600  6456.600  6530.100     0.000     0.000
  2319.100  2339.900  2267.600  2307.100  2317.400  2208.800  3479.000  6166.500  6343.200  6372.200     0.000     0.000
  2370.500  2393.400  2316.200  2414.300  2349.200  2435.500  3553.900  6426.800  6521.400  4277.900   243.100     0.000
  2452.600  2464.800  2436.200  2378.900  2375.900  2360.400  3702.000  6439.600  6636.800  4232.900   243.100     0.000
  2356.500  2374.000  2291.500  2517.500  2297.600  2344.400  3701.600  6686.700  3131.100   218.000     0.000     0.000
  2316.700  2335.500  2387.800  2480.100  2376.000  2310.500  3789.000  6598.200  3099.000   218.000     0.000     0.000
  2348.200  2361.700  2402.300  2239.200  2333.600  2381.200  3887.300  4169.300   224.800     0.000     0.000     0.000
  2343.100  2352.700  2377.900  2374.000  2317.400  2336.200  3731.400  4051.100   218.000     0.000     0.000     0.000
  2306.800  2325.400  2425.700  2383.300  2357.100  2431.600  3590.100   232.300     0.000     0.000     0.000     0.000
  2325.400  2354.600  2374.500  2232.200  2326.600  2195.600  3707.600   229.400     0.000     0.000     0.000     0.000
  2319.900  2296.800  2292.100  2440.100   249.200     0.000     0.000     0.000     0.000     0.000     0.000     0.000
  2289.800  2261.500  2358.900  2259.800   229.400     0.000     0.000     0.000     0.000     0.000     0.000     0.000
  2229.600  2267.300  2364.000  2309.200  2297.700  2422.100  3279.600  5894.500  6159.500  6135.900  5912.700     0.000
  2370.700  2388.400  2433.500  2378.000  2374.300  2409.500  3361.500  5822.900  6179.300  6191.300  6093.000     0.000
  2349.600  2438.000  2346.100  2402.000  2284.100  2355.600  3335.300  6046.900  6139.800  6159.500  5949.400     0.000
  2377.400  2457.300  2422.100  2358.600  2441.800  2312.700  3392.900  6024.100  6175.400  6155.600  6073.700     0.000
  2372.900  2249.300  2322.600  2440.100  2331.400  2371.000  3326.400  6040.300  6213.500  6287.200  6113.900     0.000
  2364.300  2405.700  2418.900  2366.200  2473.400  2295.900  3307.600  6169.200  6082.700  6217.500  6074.900     0.000
  2447.200  2361.900  2326.100  2413.200  2250.400  2440.100  3301.800  6328.900  6233.800  6328.900  6229.700     0.000
  2393.200  2408.800  2440.100  2351.100  2373.500  2374.100  3540.000  6291.300  6345.700  6341.500  6366.900     0.000
  2275.800  2380.400  2289.700  2333.000  2219.600  2294.400  3415.600  6209.900  6558.400  6604.700  6366.400     0.000
  2325.100  2389.800  2390.500  2331.800  2529.600  2329.400  3631.600  6362.100  6476.700  6508.200  6366.400     0.000
  2279.800  2237.300  2341.400  2351.200  2268.900  2546.600  3500.300  6567.600  6600.100  6642.200  5187.200     0.000
  2360.400  2252.400  2414.100  2330.000  2471.500  2237.300  3618.700  6553.800  6704.100  6590.800  5260.500     0.000
  2272.900  2308.600  2327.500  2341.900  2221.900  2442.000  3438.900  6596.700  6855.700  6761.000     0.000     0.000
  2336.100  2391.200  2385.800  2356.000  2415.700  2282.900  3583.900  6687.000  6850.900  6664.200     0.000     0.000
  2357.200  2316.600  2330.300  2408.900  2327.500  2325.200  3495.300  6894.400  6963.100  4465.000   243.800     0.000
  2470.100  2271.300  2526.200  2340.200  2380.400  2329.800  3698.400  7003.000  7063.600  4553.200   243.800     0.000
  2333.000  2334.900  2276.500  2389.600  2240.400  2429.100  3688.000  7131.200  3525.900   218.400     0.000     0.000
  2319.800  2326.100  2387.700  2333.000  2406.200  2321.700  3768.100  7063.900  3407.400   218.400     0.000     0.000
  2317.400  2328.000  2407.600  2375.900  2275.300  2230.600  3557.200  4383.000   218.400     0.000     0.000     0.000
  2349.400  2329.800  2372.600  2318.600  2479.100  2255.700  3720.600  4374.300   218.400     0.000     0.000     0.000
  2277.400  2312.600  2364.200  2348.800  2305.400  2410.400  3582.200   229.700     0.000     0.000     0.000     0.000
  2323.900  2293.700  2384.900  2283.800  2504.800  2255.100  3724.600   229.700     0.000     0.000     0.000     0.000
  2307.800  2265.900  2232.700  2323.300   229.700     0.000     0.000     0.000     0.000     0.000     0.000     0.000
  2311.400  2268.200  2316.100  2197.600   229.700     0.000     0.000     0.000     0.000     0.000     0.000     0.000
  2353.700  2407.600  2367.000  2390.200  2395.100  2456.000  3343.300  5613.600  5783.200  5959.500  6500.900     0.000
  2313.100  2397.600  2389.600  2375.500  2390.200  2365.800  3438.500  5398.100  5786.700  5919.000  6401.100     0.000
  2356.100  2413.200  2365.200  2385.900  2386.500  2390.800  3272.400  5529.200  5853.900  5882.700  6505.300     0.000
  2396.400  2376.100  2437.300  2373.000  2390.800  2340.600  3438.500  5676.900  5915.400  6008.100  6572.100     0.000
  2420.400  2359.600  2152.500  2477.700  2362.700  2420.400  3438.800  5986.000  5814.000  5982.200  6518.400     0.000
  2433.200  2274.900  2469.700  2446.800  2382.800  2231.700  3433.700  5778.700  5982.200  6058.300  6487.400     0.000
  2496.500  2402.100  2284.500  2451.300  2378.500  2431.300  3487.400  5782.200  6001.000  6156.300  6622.600     0.000
  2292.500  2384.700  2360.800  2344.600  2432.600  2357.800  3328.600  5740.300  5915.300  6120.700  6706.400     0.000
  2204.200  2346.900  2441.500  2334.700  2311.900  2416.700  3473.600  5974.500  6063.800  6267.400  6911.600     0.000
  2410.200  2354.800  2456.800  2370.300  2380.300  2321.500  3400.200  5917.600  6135.600  6176.200  6766.600     0.000
  2356.700  2407.600  2329.300  2382.200  2377.800  2291.900  3548.800  6091.500  6352.600  6431.400  5488.800     0.000
  2350.500  2359.100  2386.600  2308.400  2380.300  2345.600  3493.400  6196.700  6383.000  6590.100  5508.300     0.000
  2360.800  2360.200  2353.100  2404.100  2347.800  2407.800  3505.000  6307.700  6611.100  6549.000     0.000     0.000
  2451.000  2358.400  2494.400  2238.200  2321.200  2337.300  3429.800  6199.400  6522.800  6509.700     0.000     0.000
  2342.600  2384.700  2353.700  2367.300  2337.300  2409.700  3616.000  6509.700  6553.400  4163.500   243.400     0.000
  2351.300  2350.700  2390.700  2364.300  2364.900  2317.200  3598.400  6475.200  6624.600  4255.300   243.400     0.000
  2328.500  2308.600  2436.000  2363.500  2300.000  2398.900  3687.900  6689.900  3002.700   228.100     0.000     0.000
  2321.600  2328.500  2364.100  2323.500  2304.300  2293.900  3681.800  6630.600  3184.900   218.200     0.000     0.000
  2166.000  2484.800  2166.500  2224.100  2436.600  2414.200  3794.100  4144.000   229.700     0.000     0.000     0.000
  2366.700  2344.900  2382.400  2307.300  2380.400  2297.500  3785.900  4122.800   218.200     0.000     0.000     0.000
  2297.300  2380.000  2291.400  2355.100  2371.200  2312.100  3575.000   229.600     0.000     0.000     0.000     0.000
  2279.800  2276.900  2333.700  2274.000  2356.300  2264.800  3472.000   229.600     0.000     0.000     0.000     0.000
  2305.500  2285.000  2315.100  2292.600   240.000     0.000     0.000     0.000     0.000     0.000     0.000     0.000
  2356.300  2221.100  2390.700  2246.700   229.600     0.000     0.000     0.000     0.000     0.000     0.000     0.000
  2324.300  2382.800  2365.200  2364.000  2281.300  2436.500  3372.900  5960.400  6085.000  6123.800  6077.300     0.000
  2385.200  2361.500  2418.100  2317.900  2346.600  2352.000  3389.800  5960.400  6016.400  6159.200  5930.900     0.000
  2310.400  2382.800  2328.300  2305.200  2372.400  2367.000  3332.400  6088.900  6081.200  6210.900  6267.600     0.000
  2397.500  2424.400  2411.200  2343.100  2387.100  2380.300  3347.700  6062.000  6159.200  6263.500  6292.300     0.000
  2103.500  2586.600  2217.200  2402.100  2340.600  2266.300  3343.900  6050.700  6232.200  6155.900  6335.400     0.000
  2360.300  2520.500  2396.400  2477.300  2392.700  2299.100  3267.000  6005.100  6398.900  6314.500  6236.200     0.000
  2323.500  2184.500  2398.300  2373.100  2385.900  2449.800  3377.500  6163.900  6437.700  6289.500  6293.700     0.000
  2377.900  2345.900  2350.700  2291.100  2337.600  2519.100  3428.100  6277.200  6429.000  6268.900  6306.100     0.000
  2404.900  2328.700  2486.100  2376.500  2331.700  2527.700  3410.600  6206.700  6486.300  6680.600  6345.600     0.000
  2370.200  2402.300  2433.400  2506.100  2541.900  2558.400  3451.600  6315.700  6600.600  6777.200  6419.600     0.000
  2289.700  2501.900  2489.600  2378.300  2394.100  2406.800  3479.000  6463.900  6680.600  6714.100  5377.700     0.000
  2341.400  2286.200  2351.700  2407.500  2477.300  2477.300  3514.900  6605.200  6652.100  6747.900  5180.500     0.000
  2317.100  2503.100  2234.600  2393.500  2333.200  2265.800  3507.900  6579.500  6851.100  6803.500     0.000     0.000
  2238.400  2357.000  2299.000  2456.300  2513.000  2265.800  3558.600  6601.700  6875.100  6846.300     0.000     0.000
  2326.200  2281.200  2367.100  2380.200  2228.800  2429.200  3582.400  6953.200  7023.000  4585.600   244.200     0.000
  2398.400  2426.100  2438.600  2328.500  2383.200  2408.700  3614.700  7094.100  7130.300  4581.200   244.200     0.000
  2400.100  2239.300  2364.800  2331.000  2278.800  2408.800  3672.000  7054.500  3497.400   218.500     0.000     0.000
  2331.000  2494.700  2395.500  2336.700  2368.700  2406.800  3668.900  7110.300  3343.500   218.500     0.000     0.000
  2121.300  2464.200  2390.900  2371.900  2138.200  2435.900  3874.700  4377.500   218.500     0.000     0.000     0.000
  2321.700  2409.500  2401.500  2489.700  2468.400  2271.600  3809.600  4458.800   218.500     0.000     0.000     0.000
  2254.800  2349.100  2257.100  2382.000  2343.000  2305.700  3567.300   229.800     0.000     0.000     0.000     0.000
  2271.300  2220.200  2271.300  2279.400   229.800  2476.900  3510.000   229.800     0.000     0.000     0.000     0.000
  2333.800  2234.600  2368.900  2713.100   229.800     0.000     0.000     0.000     0.000     0.000     0.000     0.000
  2309.900  2271.300  2709.900  2255.900   229.800     0.000     0.000     0.000     0.000     0.000     0.000     0.000
