  2728.200  2637.300  2783.800  2717.000  3041.700  2774.700  3017.000  2941.600  2737.800  2666.900  9999.999   240.300
  2683.900  2733.000  2494.400  2702.700  2778.000  2260.100  3369.100  2616.400  3309.400  3146.500  3526.800   240.300
  2753.300  3491.200  2886.800  2760.600  2936.100  2733.000  2614.200  2766.400  2463.100  2649.400  2450.700  1478.800
  2742.700  2796.400  2693.300  2673.900  2736.200  2329.900  3473.100  2625.300  3461.500  3104.500  3366.700   240.300
  2783.000  3348.000  2900.100  2769.800  2800.700  2648.200  2598.800  2886.900  2544.600  3356.900  2365.400   225.400
  3103.900  2853.200  3163.900  2694.400  2665.800  2636.200  3515.200  2595.800  3476.600  3029.500  2917.400   225.400
  2856.000  3259.400  2848.600  2673.900  2469.400  3227.300  2625.200  3205.100  2304.900  3261.800  2494.000   225.400
  3159.400  2947.600  3227.300  2961.400  2581.300  2613.500  2661.000  2334.400  2903.000  2926.100  2842.200   225.400
  2948.100  2953.000  2784.500  2629.100  2237.800  3194.400  2144.400  3063.700  3016.200  3185.100  2896.300   222.700
  3242.800  3010.000  2987.300  3353.100  2649.100  2650.700  2714.300  2685.000  2959.000  2845.300  3069.100   222.700
  2974.100  2695.000  2760.700  3434.400  2212.000  3130.500  3014.100  2658.000  2877.200  2813.300  2998.600   222.700
  2670.200  2893.400  2593.100  3415.700  3106.100  2971.100  2683.400  3029.800  2544.500  3138.300  3062.600   222.700
  2889.600  2679.700  2627.900  3369.200  9999.999  2689.100  2926.100  2303.900  2776.200  2897.700  3109.300   239.700
  2711.100  2826.200  2773.700  3548.700  3180.500  3346.200  2649.000  3207.900  2561.600  3297.700  2666.600   239.700
  2795.500  2751.400  2957.800  3267.600  9999.999  2560.900  2789.600  2591.000  2392.000  3049.100  2202.700   239.700
  2717.500  2781.200  2809.000  2561.600  3238.100  3440.100  2624.900  2916.000  2744.900  3359.500  2602.000   239.700
  2727.900  2823.100  3234.600  2914.800  9999.999  2688.100  2421.200  2547.500  2284.100  3096.300  3060.500   238.600
  2727.100  2673.300  2873.100  2617.000  2666.300  3497.800  2950.200  2768.800  2830.900  2670.900  3567.600   238.600
  2697.500  2904.800  3145.700  2660.100  9999.999  2727.100  2187.400  2970.100  2076.800  2681.800  3002.900   238.600
  2806.700  2727.100  2760.600  2717.400  2667.900  2601.500  3287.400  2920.400  3230.100  2665.500  3489.900   238.600
  2706.000  9999.999  2657.700  2650.800  9999.999  2794.500  2133.400  2943.100  9999.999  2688.700  2846.200   238.800
  2923.600  3179.500  2747.100  2826.200  2743.000  2650.800  3434.700  2981.100  3744.000  2710.800  3394.500   238.800
  3320.500  9999.999  2458.100  2680.100  9999.999  2736.500  9999.999  2991.700  2876.300  2663.000  2977.200   238.800
  2992.600  3203.700  2658.400  2910.700  2741.400  2741.400  3504.500  2994.600  3450.000  2656.100  3570.400   238.800
  2842.700  3163.500  2816.800  3034.700  2856.600  3037.700  2773.900  9999.999  2763.100  9999.999  2773.000   240.300
  2895.800  3486.000  3434.800  2891.300  3383.800  2766.400  2843.500  3406.000  2804.000  3375.200  2773.000   240.300
  2816.800  2755.700  2798.100  2716.200  3117.000  2768.100  2782.200  2202.700  2767.200  2178.200  2705.900  1643.700
  2822.800  3571.200  3503.000  2823.600  3505.600  2757.400  2838.300  3294.300  2777.200  3278.100  2743.500   240.300
  2642.600  2776.800  2709.300  2728.600  2916.400  2661.000  2719.400  2305.500  2832.200  2237.000  3293.300   225.400
  2791.800  3660.000  3564.500  2796.200  3573.100  2721.100  2755.100  2961.400  2636.200  2909.700  2687.800   225.400
  3074.800  2860.600  3326.700  2780.300  3011.900  2747.400  3327.900  2481.300  2772.500  2456.900  3237.900   225.400
  2516.900  2738.000  2686.200  2683.700  2743.100  2484.100  2679.600  2744.800  2968.400  2674.700  2607.300   225.400
  3350.500  2268.900  3295.200  2234.300  3303.900  2238.400  3279.200  2852.800  2535.600  2850.000  3208.400   222.700
  2723.700  2806.900  2752.900  2750.300  2778.300  2716.900  2744.200  2762.500  3253.600  2710.900  2685.900   222.700
  3256.100  3153.000  3241.600  3105.000  3217.800  3031.900  3230.900  2945.100  2727.900  2942.100  2745.100   222.700
  3178.200  2869.700  2785.400  3171.300  2727.100  3150.800  3126.000  2778.300  3149.600  2738.200  3116.000   222.700
  2769.600  3032.200  2801.400  2994.000  2770.400  2955.000  2863.700  3048.100  3261.900  3059.100  2608.600   239.700
  3296.500  2846.100  2749.000  3247.100  2705.600  3216.800  3184.900  2708.000  2656.600  2753.100  3194.700   239.700
  2598.300  2931.600  2708.000  2893.200  2539.700  2854.000  2723.100  2226.800  3298.900  2213.900  2783.700   239.700
  3039.100  2725.500  2698.500  3291.900  2758.000  2990.200  3251.600  2674.300  2505.200  2718.300  3240.300   239.700
  2879.400  2605.900  2842.200  2516.800  2798.200  2490.800  2858.000  2798.200  3116.100  2760.600  2816.200   238.600
  2644.100  3080.800  2971.000  2732.700  2999.000  2648.700  2685.700  3564.900  2722.200  3545.800  2669.400   238.600
  2908.400  2361.900  2893.800  2299.600  2807.600  2313.600  2913.900  2751.500  2677.900  2696.000  2836.100   238.600
  2773.000  3395.600  3286.200  2720.600  3260.800  2767.200  2677.900  3474.300  2777.200  3460.100  2697.500   238.600
  2847.100  2333.100  2827.900  2265.000  2859.400  2243.900  2759.400  2787.800  2882.600  2727.600  2758.600   238.800
  2808.100  3527.100  3434.700  2776.900  3383.400  2809.800  2736.500  3366.300  3114.400  3372.400  2747.100   238.800
  2818.400  9999.999  2787.800  9999.999  2827.000  9999.999  2766.100  3050.800  2885.300  3049.800  2865.600   238.800
  2818.400  3591.100  3461.500  2797.900  3427.100  2846.200  2707.600  3479.600  2821.900  3437.200  2778.500   238.800
  1981.300  3168.300  2123.400  2688.000  4454.200  1188.700  2001.700  4178.000  1204.500  1851.600   239.100   239.100
  1806.900  5558.100  3322.400  1901.300  1796.500  1580.700  1827.300  5023.900  4121.000  1677.100  5358.800  1490.000
  3710.200  1146.100  2011.900  3063.700  2759.500  1993.900   239.100   239.800   239.100   239.100  3764.000  3962.100
  2680.900  1849.000  6193.500   239.100  1329.600  2362.900   239.100  2854.900  5658.300  1409.300  1827.700  1780.600
   238.600   238.600   238.600   238.600   238.600   238.600  4746.400  3519.000  2475.400  3018.600  1863.300  1389.900
   238.600   238.600   238.600   238.600   238.600   238.600  4421.400  3820.800  2654.800  3358.700  1821.300  2243.800
   238.600   238.600   238.600  2988.300  2462.100  2405.300  4189.600  3471.700  3320.300  3435.800  3331.000  2062.700
   238.600   238.600   238.600  3130.800  3187.900  2395.300  3819.300  3889.400  3523.000  3816.200  2940.800  2130.700
  2851.200  3035.800  3361.500  2633.000  3454.900  2696.700  2334.300  3785.200  3776.000  3682.300  3828.500  3717.500
  2773.500  3152.100  3170.400  3080.100  3020.000  2972.700  9999.999  3469.000  4316.900  4092.800  4202.900  3924.800
  2863.500  2900.200  3546.800  2752.900  2452.500  2827.700  2337.300  3194.300  4488.100  3988.300  4348.900  3782.100
  2743.100  3243.300  2909.300  2871.500  2800.300  2782.700  9999.999  2820.800  4879.300  4420.600  4904.700  4066.200
  2953.500  2820.100  2725.000  2945.500  2785.900  3098.800  2208.500  3933.000  4362.000  4775.900  3368.800  4222.500
  2592.800  3278.300  2713.900  2687.200  2716.500  2714.800  9999.999  3961.300  5141.000  5147.000  3825.600  4633.600
  3070.500  2720.700  2873.900  2545.000  2971.500  2486.800  2264.000  5186.000  3580.000   222.800  2473.300  5016.200
  3293.100  3182.000  2458.600  3503.100  2688.800  3358.500  9999.999  5348.300  3587.300   222.800  2271.800  5558.900
  3157.100  2704.900  3058.800  2465.600  3068.400  2402.600  2465.600  4543.200  4942.400  3822.500   225.200  2338.400
  3135.800  3005.700  3119.300  3239.200  3199.400  2917.300  9999.999  4851.400  5170.700  3880.800   225.200  2742.000
  3321.800  2694.900  3037.800  2337.100  3051.400  2276.800  2804.000  4346.400  4573.500  4814.800  4131.000  2523.000
  3080.100  2933.700  2927.900  2683.400  2580.900  2621.800  9999.999  4637.500  4783.900  4997.600  4207.100  2752.300
  3281.300  2676.200  2930.900  2188.700  2821.300  2930.900  2881.800  4044.800  4225.100  4436.600  4619.600  2280.500
  2650.900  2850.800  2730.700  2613.500  2778.200  2737.200  9999.999  4548.100  4610.500  4631.000  4908.500  2190.200
  1677.200  2035.900  2682.400  9999.999  5659.100  3777.500  1512.500  3785.100  3998.300  4246.100  4342.300  3961.100
  2135.700  1477.900  1184.400  1223.200  1172.400  1311.300  9999.999  3650.700  3672.200  3695.400  3791.200  3571.300
  1140.100  1995.300  5089.000  3988.600  4733.100  4233.700  1526.500  3905.400  3836.500  3938.300  4125.600  3717.500
  2249.000  1567.800  1130.100  3645.000  1683.900  3571.100  2477.500  3730.900  3598.600  3602.800  3673.700  3135.800
  1178.000  9999.999  4415.000  4465.400  4127.500  4757.100  1423.500  3986.900  3892.400  3744.300  3871.400  3502.700
  2527.100  1699.700  3187.400  3498.800  2675.100  3448.300  2252.300  3865.000  4123.800  3561.500  3602.800  3075.600
  1178.500  5114.800  3953.000  5128.700  3814.300  5720.500  3327.000  3786.400  3914.900  3660.300  3638.900  3281.200
  1451.600  1903.400  2593.100  3361.900  1138.000  3893.700  2125.400  3673.200  3783.400  3555.600  3512.700  3006.100
  1225.000  4987.300  1395.700  1699.100  1408.100  1938.300  3374.000  3664.600  3823.600  3888.900  3676.100  3160.700
  1559.300  1757.600  1155.100  3795.700  1191.800  3692.100  2048.100  3558.300  3654.500  3699.400  3557.000  2954.400
  1293.500  1967.400  2043.000   240.500   240.500   240.500  3466.000  3531.400  3624.400  3704.600  3697.300  3043.400
  3566.400  1846.400  1220.200   240.500   240.500   240.500  2001.000  3445.600  3514.200  3559.600  3588.200  2931.200
  1570.000  1855.000  2143.300   240.500   240.500   240.500  3543.400  3457.000  3530.100  3588.200  3559.600  3048.400
  3477.600  1899.500  1258.000   240.500   240.500   240.500  1941.900  3378.300  3429.100  3451.900  3450.700  2949.800
  3651.200  1980.000  2317.900   223.600   223.600   223.600  3599.100  3404.600  3432.500  3510.300  3458.000  3017.000
  3392.800  1756.200  3104.400   223.600   223.600   223.600  1863.800  3357.900  3370.800  3381.100  3368.200  2944.100
  3737.600  1840.600  2445.600   223.600   223.600   223.600  1966.500  3321.200  3391.500  3423.100  3372.000  2949.000
  3369.500  1642.400  3129.800   223.600   223.600   223.600  1975.900  3305.000  3298.800  3287.700  3288.900  2846.600
  3848.200  1845.000  2691.100   226.000   226.000   226.000  1942.100  3317.600  3293.000  3318.800  3266.300  2845.500
  3255.600  1504.100  3313.900   226.000   226.000   226.000  4984.000  3261.500  3253.200  3233.000  3235.400  2760.100
  3342.600  1877.000  3488.100   226.000   226.000   226.000  1892.600  3278.400  3261.500  3283.300  3213.100  2774.000
  3590.900  1442.800  3621.500   226.000   226.000   226.000  5129.100  3117.100  3091.100  3186.600  3152.600  2701.000
  3404.900  1928.000  4820.000  1875.700   240.500   240.500   240.500  3894.600  3897.900  4136.400  4107.500  3574.000
  3507.100  1348.700  3975.400  5367.600   240.500   240.500   240.500  3804.600  3831.000  4049.100  4050.800  3505.700
  3441.300  1928.400  4218.000  1839.000   240.500   240.500   240.500  3670.600  3720.100  3920.600  3907.600  3364.500
  1521.600  1522.100  3207.400  3190.900  2760.400   240.500   240.500  3179.000  3218.400  3534.900  3576.700  3030.200
  2819.500  3024.000  2910.000  2900.800  2162.100  3265.600  3404.300  2200.100  3081.300  3271.300   239.000   239.000
  3205.800  3319.200  3313.300  2184.300  2703.100  2936.700  3332.300  3243.900  3356.400  2131.800  2743.300  2641.200
  2716.600  3147.200  3444.600  2408.200  3073.100  2651.800   239.000   239.600   239.000  2229.600  2271.600   239.000
  3335.900  9999.999  2313.500  2646.500  3082.300  3262.100  3144.000  2243.300  3251.900  3245.100  2687.400  2649.500
   238.900   238.900   238.900   238.900   238.900   238.900  3164.000  3120.300  2815.600  3105.700  2787.600  3050.500
   238.900   238.900   238.900   238.900   238.900   238.900  3031.500  3191.200  2769.200  1318.800  2837.200  2782.500
   238.900   238.900   238.900  2484.600  2597.600  4286.100  2856.500  3022.600  2936.300  2827.700  3237.900  2905.000
   238.900   238.900   238.900  2625.700  2484.600  3020.600  2940.100  2895.900  2992.300  3804.500  3302.400  2794.300
  1981.900  2134.700  2674.400  2926.100  2564.600  2845.400  5844.200  2828.000  2797.300  3335.400  3719.400  1980.000
  1689.500  2399.700  2991.200  2703.300  2965.400  2728.900  3655.400  2746.700  2845.400  3164.300  4256.700  2260.000
  2348.300  1811.500  2599.200  2777.100  2441.700  2649.100  5237.900  2704.100  2755.700  3163.200  4123.900  2712.900
  1879.300  2401.600  2846.200  2601.400  2646.100  2512.200  3271.000  2620.600  2641.600  3125.000  3620.000  2673.700
  2182.200  1795.100  2420.500  2677.400  2417.800  2593.000  4837.700  3120.500  3102.800  3188.500  3620.200  2755.100
  1814.100  2228.300  2591.400  2479.900  2579.900  2440.900  3122.700  1994.100  2659.400  3236.700  3442.000  2781.400
  2164.200  1817.600  2347.200  2489.900  2356.200  2440.200  4400.900  5166.900  3013.300   223.100  4166.900  2951.300
  1790.200  2190.000  2504.200  2479.200  2499.200  2239.300  2984.500  3503.600  1923.600   223.100  3799.600  2837.400
  2096.300  1778.400  2255.200  2433.900  2269.800  2388.200  4122.100  4500.000  5002.900  3008.900   225.500  2988.600
  1660.700  2089.200  2380.400  2276.900  2406.500  2268.600  2809.700  3697.800  3407.100  1912.100   225.500  3166.100
  2080.300  1798.400  2256.900  2396.000  2211.200  2322.300  3893.500  4286.300  4437.500  4869.700  3396.700  3241.500
  1693.400  2017.000  2358.600  2253.400  2317.300  2207.800  2714.500  3523.400  3558.700  3337.900  2208.400  3335.400
  2098.000  1813.400  2235.600  2270.400  2266.500  2304.500  3961.100  4576.900  4653.900  5023.600  5360.400  2227.500
  1686.300  2043.200  2308.600  2158.800  2368.600  2207.100  2447.200  3195.800  3225.600  3301.000  2990.300  1678.700
  1865.500  1814.500  2188.200  2318.500  2183.500  2291.300  3249.300  4422.000  4642.400  4840.500  5018.300  2329.600
  1825.800  1888.000  2257.600  2207.100  2264.200  2159.800  2800.900  3591.800  3659.300  3811.300  3890.400  4074.700
  1745.400  1773.100  2182.900  2331.600  2167.400  2314.600  3131.600  4002.600  3899.200  4049.300  4122.400  3955.200
  1816.500  1834.500  2243.800  2152.600  2286.900  2180.800  2795.500  3835.200  3640.900  3671.000  3822.700  3383.300
  1756.200  1745.400  2219.400  2273.900  2179.800  2259.300  3008.800  4126.100  3956.900  3846.300  3953.600  3487.100
  1886.700  1868.800  2258.200  2266.000  2252.100  2196.500  2794.600  3868.500  4173.900  3569.900  3720.700  3261.200
  1782.000  1792.600  2145.100  2178.300  2228.100  2220.000  2958.500  3931.800  3966.900  3735.400  3716.100  3300.200
  1848.600  1820.700  2208.200  2165.400  2253.800  2208.200  2740.400  3657.800  3789.900  3535.800  3505.200  3097.800
  1767.400  1775.100  2114.800  2262.200  2089.600  2203.400  2822.300  3802.300  3902.300  3930.200  3759.400  3226.900
  1718.700  1770.900  2223.200  2212.500  2217.300  2100.700  2667.600  3506.500  3597.200  3657.800  3535.800  3003.500
  1806.600  1753.900  2356.700   240.400   240.400   240.400  2791.200  3713.600  3740.300  3782.600  3782.600  3127.100
  1788.800  1811.200  2327.500   240.400   240.400   240.400  2623.000  3389.500  3445.700  3506.400  3551.600  2962.900
  1768.600  1732.500  2394.000   240.400   240.400   240.400  2808.000  3630.200  3670.000  3684.400  3651.400  3090.800
  1766.200  1790.200  2278.600   240.400   240.400   240.400  2653.800  3269.600  3324.300  3410.500  3416.700  2969.500
  1794.500  1779.900  2370.200   223.400   223.400   223.400  1430.500  3554.900  3602.800  3628.000  3605.700  3123.500
  1771.800  1796.400  2345.900   223.400   223.400   223.400  2658.900  3159.400  3248.100  3313.000  3329.300  2933.500
  1762.300  1738.700  2275.200   223.400   223.400   223.400  3598.400  3526.500  3544.900  3566.400  3540.600  3063.600
  1853.800  1869.200  2357.400   223.400   223.400   223.400  2591.000  3182.300  3103.600  3193.900  3239.800  2803.000
  1717.200  1729.600  2315.700   225.900   225.900   225.900  2670.400  3529.200  3468.700  3489.100  3461.900  2983.400
  1665.700  1594.300  2288.500   225.900   225.900   225.900  2598.700  3134.400  3123.400  3078.900  3130.000  2737.600
  1845.600  1821.100  2283.100   225.900   225.900   225.900  2645.500  3380.300  3358.600  3459.200  3410.100  2916.500
  1691.300  1708.700  2269.500   225.900   225.900   225.900  2570.600  3160.100  3110.200  3104.800  1725.100  2659.900
  1793.500  1822.600  2458.100  2886.300   240.300   240.300   240.300  3900.100  3959.300  4139.100  1760.400  3614.300
  1814.300  1820.100  2437.400  2870.200   240.300   240.300   240.300  3816.000  3817.600  4025.500  4032.500  3527.200
  1676.200  1671.800  2257.100  2670.300   240.300   240.300   240.300  3663.800  3652.400  3885.600  3927.800  3379.300
  1485.800  1458.600  3294.600  3277.300  2829.100   240.300   240.300  3295.800  3283.000  3428.900  3451.600  2975.900
  2149.400  3063.700  2209.100  2918.000  2843.500  2494.400  3037.600  2918.900  2429.200  3023.700   239.100   239.100
  3292.900  2674.000  2979.000  2217.700  2716.500  2332.300  3425.100  3130.900  2159.600  2271.600  2783.600  2377.000
  2740.600  2563.900  3340.300  2393.700  2727.700  3164.000   239.100   239.100   239.100   239.100  2170.800  2137.300
  2554.600  3525.000  3475.000   239.100  2268.200  2430.400   239.100  2644.100  3201.000  2324.600  2955.200  2673.200
   238.600   238.600   238.600   238.600   238.600   238.600  2868.700  2880.300  2449.000  2574.600  2609.600  2387.100
   238.600   238.600   238.600   238.600   238.600   238.600  2960.600  2766.300  2726.300  2901.100  2617.000  2416.100
   238.600   238.600   238.600  2074.900  2170.200  2560.200  2925.000  2154.300  2481.400  2629.000  3212.200  3497.800
   238.600   238.600   238.600  2203.200  2025.900  3820.800  3008.700  2396.500  2565.900  2643.300  3286.200  2536.200
  1348.000  2080.100  2337.900  2553.600  2248.000  2616.600  3163.900  2797.800  2138.400  2370.400  2800.300  3306.600
  1620.500  1731.300  2512.600  2282.700  2341.400  2116.700  5347.100  2902.900  2214.400  2346.200  2699.900  3445.900
  1449.200  1947.800  2237.600  2371.000  2096.800  2204.300  2924.000  2691.200  2340.200  2338.400  2732.600  2929.500
  1960.400  1454.400  2310.200  2093.900  2298.700  2058.100  4732.100  2324.800  2259.100  2351.600  2826.800  2978.400
  1437.900  1878.800  2049.600  2234.800  2047.100  2157.200  2672.300  1971.600  2381.000  2275.400  2967.500  2778.800
  1853.200  1467.600  2218.200  1944.400  2117.000  1903.800  4327.900  3053.400  2396.800  2196.800  2861.600  2879.500
  1418.500  1775.500  1988.900  2075.200  1982.900  2000.500  2518.500  3515.700  1981.600   222.800  3152.300  2701.300
  1744.600  1397.300  2067.800  1911.000  2047.600  1880.800  4013.500  5210.400  2901.500   222.800  3324.200  2617.700
  1416.300  1726.600  1911.300  2034.200  1902.900  1992.600  2394.700  3759.500  3375.000  1938.700   225.200  3437.800
  1664.000  1357.800  1996.300  1848.000  1969.100  1818.800  3692.300  4384.900  5022.900  3027.300   225.200  2550.200
  1383.500  1694.600  1881.400  1986.300  1824.900  1924.900  2318.500  3503.000  3660.400  3331.800  2245.800  3371.100
  1628.000  1344.600  1904.200  1823.400  1904.200  1765.100  3439.100  4195.200  4365.600  4814.800  3419.200  3273.900
  1343.200  1677.200  1841.700  1859.400  1854.100  1880.600  2045.900  3229.000  3213.400  3313.900  3129.200  1665.400
  1615.700  1331.100  1894.300  1771.000  1857.200  1747.100  3471.700  4493.800  4663.100  4994.400  5354.400  2217.200
  1455.300  1493.600  1820.400  1892.300  1802.300  1879.000  2378.400  3711.600  3800.500  3974.600  3993.200  4189.300
  1483.700  1510.700  1901.800  1779.700  1894.700  1736.700  2931.800  4382.800  4535.000  4769.400  4975.900  2242.700
  1479.800  1499.400  1884.700  1908.100  1857.700  1903.700  2408.600  3804.000  3672.400  3824.200  3910.600  3424.300
  1496.200  1505.500  1912.500  1758.300  1932.800  1772.000  2740.800  3972.000  3902.400  4009.500  4117.000  3918.800
  1510.800  1500.400  1849.400  1870.800  1876.500  1890.200  2398.600  3953.600  3843.100  3716.200  3833.600  3348.000
  1521.300  1530.900  1904.500  1808.500  1889.400  1820.100  2664.200  4109.800  4399.100  3854.200  4004.300  3479.300
  1447.500  1477.700  1861.100  1872.600  1865.700  1876.900  2350.300  3754.900  3862.000  3636.400  3606.900  3197.000
  1405.100  1495.000  1869.100  1762.300  1854.200  1742.600  2553.800  3977.000  4049.300  3779.200  3793.000  3330.900
  1456.500  1465.800  1810.900  1883.900  1797.300  1814.900  2317.600  3569.600  3685.200  3774.600  3633.600  3087.500
  1481.100  1515.200  1803.000  1827.300  1890.100  1752.400  2486.300  3810.000  3871.600  3857.200  3736.900  3164.300
  1547.400  1489.200  1993.800   240.400   240.400   240.400  2326.900  3482.900  3567.900  3641.400  3688.800  3118.700
  1453.300  1503.400  2015.300   240.400   240.400   240.400  2446.000  3778.000  3821.100  3813.300  3871.600  3158.900
  1458.700  1462.000  1942.900   240.400   240.400   240.400  2365.700  3329.100  3408.000  3490.700  3518.300  3037.400
  1462.300  1494.900  1970.200   240.400   240.400   240.400  2389.700  3667.100  3675.700  3718.000  3697.500  3093.900
  1435.800  1488.400  1948.800   223.400   223.400   223.400  2312.800  3227.900  3287.000  3381.700  3367.500  2959.200
  1449.900  1492.100  1937.000   223.400   223.400   223.400  2381.900  3601.300  3626.500  3646.000  3655.000  3104.700
  1400.100  1474.900  1945.300   223.400   223.400   223.400  2289.000  3212.600  3212.600  3290.700  3299.300  2901.400
  1373.400  1464.200  1986.600   223.400   223.400   223.400  2314.600  3573.600  3563.500  3605.700  3598.400  3037.100
  1483.000  1460.500  1953.200   225.900   225.900   225.900  2268.900  3240.900  3187.400  3163.500  3189.700  2810.800
  1445.800  1451.800  1920.000   225.900   225.900   225.900  2306.500  3498.700  3497.300  3505.600  3522.200  2973.400
  1442.200  1417.000  1918.300   225.900   225.900   225.900  2242.700  3226.800  3188.500  3185.100  3106.900  2727.400
  1465.000  1452.000  1918.700   225.900   225.900   225.900  2287.900  3339.700  3337.100  3459.200  3431.200  2924.300
  1497.500  1482.200  2097.700  2533.600   240.300   240.300   240.300  3993.000  4029.000  4168.400  4140.900  3691.300
  1435.700  1475.100  2069.800  2476.600   240.300   240.300   240.300  3831.600  3864.700  4070.900  4099.300  3544.500
  1408.100  1455.500  1972.100  2375.800   240.300   240.300   240.300  3698.500  3805.200  3964.400  4046.400  3507.300
  1578.600  1582.500  3423.800  3407.600  2954.100   240.300   240.300  3262.400  3293.500  3476.000  3479.900  3011.500
  2629.100  2990.300  2744.800  2859.300  2094.700  3283.100  3140.100  2047.200  3044.300  2792.800   239.300   239.300
  3022.500  3117.900  3117.900  2010.600  2603.900  2828.700  3153.900  3092.000  3159.300  2850.500  2661.000  2675.600
  2289.600  2910.500  3223.900  2068.600  2920.600  3330.100   239.300   240.000   239.300  2165.100  2211.100   239.300
  3143.200  9999.999  2129.800  2559.100  2815.800  3081.700  2958.800  2066.700  2873.500  3004.900  2508.900  2492.600
   239.100   239.100   239.100   239.100   239.100   239.100  3003.200  2920.800  2620.900  2902.500  2731.800  2794.600
   239.100   239.100   239.100   239.100   239.100   239.100  2874.500  3016.800  2550.600  1462.800  2806.500  2570.500
   239.100   239.100   239.100  2067.400  2180.400  3874.700  2714.200  2830.600  2762.900  3779.000  3043.600  2690.500
   239.100   239.100   239.100  2325.400  2164.900  2575.500  2782.900  2713.400  2806.500  3491.800  3103.700  2592.200
  1591.300  1752.200  2246.700  2496.200  2155.900  2464.200  5451.300  2676.800  2617.800  3105.500  4063.800  1880.000
  1369.500  2069.800  2568.400  2402.600  2473.500  2307.000  3157.100  2597.200  2669.100  2976.400  3735.200  1870.000
  1977.100  1434.300  2165.600  2355.900  2038.000  2224.400  4787.700  2549.900  2587.000  2962.200  3590.500  2540.800
  1470.100  1943.500  2381.500  2252.200  2369.300  2241.200  2841.700  2474.100  2470.200  2913.000  3914.600  2496.900
  1826.000  1447.900  1998.000  2250.600  2019.100  2172.600  4402.500  4013.300  2906.300  2987.600  3959.400  2572.500
  1476.300  1822.500  2321.700  2105.900  2217.100  2079.500  2712.500  3975.400  2518.900  3024.700  3776.600  2563.400
  1746.300  1400.600  2034.400  2049.400  1917.800  2006.900  4044.500  5374.700  3653.000   223.200  3044.700  2764.800
  1406.900  1780.800  2206.400  2059.600  2164.400  1999.900  2556.600  5189.800  3504.900   223.200  3433.800  2657.900
  1692.800  1398.400  1860.600  2029.300  1855.800  1992.100  3716.100  4926.300  5161.500  3886.200   225.800  2816.600
  1375.300  1689.100  2117.700  1989.400  2075.300  1982.600  2408.700  4512.100  4953.500  3717.600   225.800  2980.000
  1673.000  1363.300  1838.400  1985.300  1799.000  1939.200  3497.000  4691.700  4836.000  5097.000  4320.400  3054.100
  1354.200  1648.000  2022.300  1952.300  1995.800  1901.000  2317.600  4301.700  4500.800  4764.100  4096.600  3155.200
  1665.300  1408.000  1807.200  1872.700  1828.600  1888.600  3506.000  4555.300  4613.300  4811.300  4886.200  2229.900
  1284.200  1639.000  1999.600  1843.100  1947.100  1896.900  2062.300  3993.600  4221.800  4408.000  4661.300  2263.900
  1512.700  1429.000  1820.200  1892.500  1816.600  1874.200  2929.400  3722.300  3779.400  3833.600  3907.100  3661.100
  1431.500  1486.600  1896.100  1804.600  1867.300  1754.700  2383.600  3725.300  3874.800  4096.500  4273.700  3799.300
  1550.100  1426.400  1762.200  1867.200  1736.100  1811.900  2658.700  3664.100  3514.900  3552.400  3613.000  3134.400
  1437.900  1469.400  1855.400  1784.800  1853.500  1755.700  2343.700  3783.000  3725.600  3796.900  4043.400  3600.500
  1386.800  1422.700  1754.300  1823.200  1766.600  1837.300  2576.200  3813.900  3691.700  3561.900  3592.100  3078.200
  1505.700  1482.300  1831.000  1752.900  1825.800  1721.900  2321.100  3942.800  4235.700  3622.800  3784.600  3373.400
  1454.600  1416.900  1720.100  1848.100  1751.800  1744.700  2502.900  3626.900  3735.900  3568.500  3501.400  3001.100
  1409.200  1392.900  1798.900  1730.000  1827.600  1750.100  2272.900  3752.400  3908.000  3636.800  3619.800  3177.000
  1442.800  1389.900  1714.200  1806.000  1688.200  1818.800  2426.200  3517.300  3646.700  3716.500  3567.100  2976.000
  1391.000  1434.200  1795.600  1767.200  1789.300  1671.600  2242.800  3574.000  3618.400  3662.500  3466.200  3010.800
  1400.700  1409.600  1956.400   239.800   239.800   239.800  2385.400  3494.100  3547.200  3579.800  3604.600  2906.000
  1529.500  1427.800  1916.900   239.800   239.800   239.800  2253.800  3477.100  3603.300  3679.900  3671.200  2900.500
  1388.900  1391.300  1910.500   239.800   239.800   239.800  2407.900  3366.700  3404.800  3454.000  3459.100  2953.100
  1448.400  1429.600  1836.400   239.800   239.800   239.800  2220.000  3374.000  3445.000  3508.500  3504.600  2947.500
  1483.300  1370.600  1902.300   223.100   223.100   223.100  2324.600  3303.600  3323.600  3346.400  3347.700  2930.600
  1382.600  1384.400  1880.200   223.100   223.100   223.100  2226.600  3350.200  3416.600  3419.200  3402.100  2962.300
  1466.800  1377.600  1906.500   223.100   223.100   223.100  2283.600  3258.300  3307.400  3296.200  3283.900  2828.200
  1417.500  1403.800  1834.300   223.100   223.100   223.100  2179.500  3261.900  3292.500  3337.500  3322.400  2872.800
  1363.700  1323.000  1884.600   225.500   225.500   225.500  2248.200  3273.800  3240.300  3223.800  3205.100  2734.700
  1384.400  1361.300  1796.100   225.500   225.500   225.500  2183.000  3197.000  3233.200  3257.000  3229.700  2793.700
  1370.500  1347.600  1864.700   225.500   225.500   225.500  2203.900  3157.100  3132.500  3215.600  3182.100  2721.200
  1389.100  1375.600  1848.000   225.500   225.500   225.500  2179.700  3192.400  3197.000  3226.100  3152.600  2713.600
  1403.200  1435.000  2048.700  2449.800   240.000   240.000   240.000  3895.300  3908.300  4152.200  4135.800  3500.400
  1401.900  1399.900  1977.700  2422.200   240.000   240.000   240.000  3714.500  3754.700  3977.900  3979.600  3447.400
  1397.100  1379.400  1889.200  2302.200   240.000   240.000   240.000  3665.000  3733.800  3954.400  3959.500  3349.600
  1516.100  1517.300  3245.900  3226.800  2746.100   240.000   240.000  3164.300  3260.600  3518.800  3559.000  2990.300
  3222.100  3123.500  3022.800  2636.800  4033.100  1123.700  5000.600  3839.400  1132.000  1948.700   239.200   239.200
  1812.500  5591.600  4087.700  3503.500  1771.000  1324.800  1824.600  4982.100  3252.500  1591.300  1732.000  1405.400
  4270.400  1081.300  1941.600  3007.100  2700.800  1808.200   239.200   239.200   239.200   239.200  3727.500  3673.200
  2689.800  1808.900  6214.000   239.200  1265.700  2348.200   239.200  2796.400  5257.700  1476.300  1828.600  1830.100
   237.100   237.100   237.100   237.100   237.100   237.100  4807.000  4976.200  5174.800  2704.800  1835.700  1345.200
   237.100   237.100   237.100   237.100   237.100   237.100  4381.900  4794.600  4438.300  2399.000  1800.800  2087.800
   237.100   237.100   237.100  2485.200  2519.500  2241.900  4213.200  4646.500  4839.400  5552.800  2411.700  1935.000
   237.100   237.100   237.100  2940.400  2807.500  2243.000  3794.800  4205.600  4485.400  4936.700  2277.300  1989.100
  2584.000  3189.300  2583.300  2624.500  2847.100  2711.900  2267.500  3784.700  3977.500  4372.700  4576.000  4061.600
  2443.200  3072.000  3012.800  2667.100  3145.900  2643.600  9999.999  3483.900  3702.100  3834.100  4212.500  3668.200
  2627.700  3011.800  3222.100  2807.800  3307.000  2948.900  2241.100  3209.100  3663.700  3791.300  4226.600  5038.500
  2746.900  3047.400  3012.800  2550.700  2863.000  2544.700  9999.999  2884.700  3258.000  3532.900  3689.700  4390.100
  2674.800  2857.200  3433.400  2852.000  2546.400  2785.900  2152.300  3132.000  2772.600  3873.200  3632.400  4182.700
  3000.500  2898.300  2754.400  3295.000  2667.800  3188.900  9999.999  3619.800  2501.500  3267.200  3407.000  3858.800
  2705.300  2727.600  2585.700  2315.300  2644.900  2242.300  2143.200  5121.700  2894.700   239.600  3245.600  3723.600
  2927.600  2790.100  2574.100  3121.400  2555.600  2757.700  9999.999  4967.700  3446.000   239.600  2988.900  3399.600
  2801.300  2653.800  2746.300  2188.100  2830.500  2120.000  2045.800  4639.700  5038.300  2893.400   238.800  3348.100
  2486.700  2678.500  2287.100  2523.600  2510.500  2456.200  9999.999  4477.800  4865.900  3680.500   238.800  3020.900
  2910.700  2562.300  2915.300  2075.600  2842.700  2827.000  2103.400  4238.500  4521.000  4714.300  3257.600  2699.700
  2284.300  2655.400  2983.000  2464.100  3060.900  2551.600  9999.999  4293.000  4486.400  4616.800  3961.800  2480.700
  3010.300  2534.500  3004.400  2700.900  2821.300  2582.100  2252.300  3810.600  3945.800  4141.500  4235.200  1762.100
  2503.500  2563.500  2768.900  2588.700  2396.500  2715.200  9999.999  4022.200  4137.800  4233.300  4329.100  1968.600
  1601.500  1971.600  9999.999  3690.000  5601.700  3875.400  1435.600  3512.100  3615.600  3713.500  3815.200  2931.200
  2069.700  1398.600  1114.700  1137.900  1099.800  1244.800  9999.999  3565.800  3849.800  3737.300  3883.500  3363.600
  1081.300  1946.800  5083.000  4167.900  4711.500  4442.100  1467.700  3632.400  3516.200  3556.400  3662.300  3226.500
  2211.000  1503.700  1069.600  3568.600  1639.600  3496.400  2414.300  3665.200  3650.900  3589.200  3744.500  3215.300
  1102.900  4880.200  4373.800  4699.800  4050.800  5138.500  1352.500  3716.200  3560.400  3420.800  3483.400  3092.400
  2483.300  1617.300  3144.700  3409.500  2633.600  3357.900  2177.400  3659.500  3803.900  3432.100  3570.000  3040.800
  1119.400  5098.900  3910.000  5713.700  3762.200  2720.900  3268.000  3523.700  3687.900  3406.600  3345.500  2949.600
  1415.000  1828.700  2553.200  3298.100  1088.000  3828.400  2067.400  3535.800  3676.300  3446.900  3397.900  2972.300
  1158.000  4954.100  1338.700  1649.100  1335.400  1888.800  3312.200  3395.500  3531.700  3626.400  3421.600  2877.300
  1521.800  1664.000  1100.800  3729.100  1134.900  3626.400  1999.900  3421.600  3500.000  3539.800  3419.100  2872.000
  1241.900  1920.700  1994.500   240.500   240.500   240.500  3403.700  3262.300  3336.900  3404.900  3468.100  2781.000
  3561.800  1759.700  1164.500   240.500   240.500   240.500  1948.600  3320.300  3406.200  3391.400  3403.700  2762.800
  1513.400  1808.300  2099.600   240.500   240.500   240.500  3492.700  3198.600  3280.600  3332.100  3309.700  2818.200
  3465.500  1842.300  1200.100   240.500   240.500   240.500  1891.700  3219.600  3272.600  3296.900  3308.500  2768.600
  3625.400  1931.600  2260.600   223.500   223.500   223.500  3538.200  3145.100  3167.800  3198.900  3231.800  2760.000
  3376.900  1697.500  3037.400   223.500   223.500   223.500  1809.100  3162.100  3205.900  3242.500  3228.300  2756.500
  3717.000  1728.000  2378.300   223.500   223.500   223.500  1904.200  3088.700  3145.100  3162.100  3148.500  2719.600
  3362.700  1584.500  3066.100   223.500   223.500   223.500  1921.200  3131.700  3154.100  3141.700  3133.900  2664.100
  3832.000  1794.100  2629.200   237.000   237.000   237.000  1890.600  3076.700  3090.100  3081.900  3047.200  2621.700
  3254.900  1464.700  3269.900   237.000   237.000   237.000  4980.900  3077.700  3100.500  3071.600  3086.000  2581.800
  3295.600  1827.600  2119.200   237.000   237.000   237.000  1834.400  3038.100  3021.200  3022.200  2992.700  2532.400
  3548.600  1395.000  3571.900   237.000   237.000   237.000  5100.700  2954.300  2935.400  3016.200  2980.100  2530.300
  3364.100  1866.600  4751.700  1820.200   240.100   240.100   240.100  3664.800  3664.800  3814.100  3890.100  3359.200
  3474.200  1300.400  3911.200  5329.000   240.100   240.100   240.100  3580.700  3594.400  3783.300  3829.700  3289.300
  3422.000  1869.300  4159.200  1792.600   240.100   240.100   240.100  3524.000  3569.700  3698.100  3729.100  3204.500
  1343.300  1338.200  3035.300  3010.700  2575.100   240.100   240.100  2985.600  3024.400  3287.000  3315.100  2812.900
  2622.500  3303.300  2723.600  2637.500  2729.200  2433.900  2754.400  2822.300  2611.400  2586.600  9999.999   240.100
  2651.800  2562.900  2629.200  2615.100  2936.500  2893.500  3230.100  2500.500  3207.800  2659.500  3306.800   240.100
  2667.900  3249.200  2836.900  2719.600  2630.000  2455.200  2618.800  2659.500  2338.700  2537.600  1965.200   240.100
  2532.700  2590.900  2349.500  2543.200  2889.900  2046.200  3338.800  2517.500  3340.000  2636.000  3209.000   240.100
  2707.700  3103.700  2609.000  2474.800  2282.700  2416.500  2752.400  2782.500  2410.100  3115.200  2023.100   237.000
  2541.600  2637.600  2513.600  2489.700  2827.000  2626.200  3386.200  2496.500  3383.700  2573.000  2803.700   237.000
  2806.300  2757.400  2579.600  2460.200  2034.500  3141.800  2800.300  3089.100  2193.000  3075.700  2262.300   237.000
  2978.200  2705.300  3019.200  2503.300  2700.500  2528.200  2405.700  2243.300  2801.100  2484.200  2484.900   237.000
  2927.900  2487.800  2543.700  3386.000  2041.400  2628.800  1962.400  2955.600  2882.700  3025.900  2635.900   223.500
  3092.000  2965.600  3121.600  2861.900  2605.200  2459.000  2477.100  2569.900  2839.700  2562.400  2543.700   223.500
  2723.000  2520.100  2403.900  3277.600  2102.000  2943.700  2904.600  2548.100  2744.400  2551.900  2728.900   223.500
  3084.400  2806.900  2816.800  3196.600  2915.300  2453.400  2850.800  2923.000  2416.600  3006.200  2547.400   223.500
  2675.200  2566.300  2801.200  3195.300  9999.999  2609.700  2844.900  2190.800  2647.700  2439.000  2855.400   240.500
  2542.300  2734.300  2422.400  3315.600  3065.100  2854.500  2818.200  3090.500  2426.800  3074.200  2568.400   240.500
  2595.000  2635.600  3062.100  2826.700  9999.999  2698.600  2686.000  2468.300  2237.200  2594.300  2011.600   240.500
  2549.300  2650.700  2577.700  3379.100  3150.000  3187.700  2644.700  2807.100  2630.400  3131.000  2520.100   240.500
  2568.100  2728.100  2972.300  2484.400  9999.999  2822.100  2276.000  2437.700  2143.500  2648.400  2530.800   239.600
  2582.500  2617.600  2611.700  2448.100  2470.400  3274.900  2726.500  2677.600  2724.100  2556.000  3391.800   239.600
  2525.200  2829.900  2481.100  2547.600  9999.999  2864.900  2175.000  2849.900  1957.000  2662.100  2497.200   239.600
  2622.100  2497.200  2718.500  2479.100  2450.700  3383.100  3120.000  2820.400  3112.700  2576.000  3307.500   239.600
  3202.000  9999.999  2324.100  2587.800  9999.999  2439.900  2245.100  2800.200  9999.999  2598.800  2488.700   239.600
  2678.600  2585.000  2655.600  2535.200  2484.000  2419.400  3285.700  2869.600  3470.400  2619.400  3195.400   239.600
  3085.200  9999.999  2573.400  2667.000  9999.999  2443.200  9999.999  2880.300  2753.600  2647.900  2870.500   239.600
  2743.000  2989.900  2540.100  2663.200  2430.300  2431.600  3341.100  2892.000  3332.700  2632.100  3378.600   239.600
  2686.600  2884.800  2649.000  2890.200  2714.200  2886.600  2666.500   240.000  2585.300  9999.999  2506.700   240.000
  2670.400  3272.400  3258.700  2753.700  3223.800  2628.600  2735.000  3106.600  2633.900  3321.400  2923.900   240.000
  2665.000  2571.600  2654.300  2622.700  2703.900  2627.100  2632.400  2082.000  2613.800  2092.500  2487.800   240.000
  2621.900  3374.200  3348.800  2696.800  3363.300  2640.600  2697.600  3151.800  2621.900  3240.600  2889.300   240.000
  2493.800  2546.600  2600.100  2611.200  2504.000  2513.700  2572.300  2107.600  2731.000  2129.400  3259.000   237.200
  2594.900  3443.600  3451.300  2657.400  3447.500  2597.200  2641.300  2798.500  2466.900  2867.500  2823.400   237.200
  2875.500  2609.700  3203.600  2636.800  2878.200  2593.500  3193.600  2341.000  2695.700  2370.200  3152.200   237.200
  2323.100  2581.800  2513.000  2547.300  2601.600  2353.600  2542.300  2548.000  2856.800  2545.200  2720.500   237.200
  3134.300  2063.600  3147.700  2070.500  3142.100  2080.000  3144.400  2716.300  2403.200  2719.700  3062.100   223.300
  2534.800  2634.300  2604.400  2644.700  2639.900  2566.900  2579.800  2589.700  3127.600  2643.100  2650.300   223.300
  3041.900  2921.300  3079.300  2891.400  3060.000  2879.000  3079.300  2830.600  2569.900  2817.900  2674.700   223.300
  2988.000  2595.900  2639.100  3002.400  2566.100  3005.400  3022.000  2628.800  3026.200  2672.200  2965.800   223.300
  2580.200  2814.700  2676.500  2811.200  2602.800  2798.500  2722.900  2943.100  3107.300  2949.600  2724.500   240.200
  3110.400  2574.500  2638.400  3093.800  2569.500  3071.400  3096.900  2574.500  2523.200  2578.100  3122.900   240.200
  2346.100  2716.500  2580.200  2709.400  2399.800  2707.000  2551.100  2076.600  3164.300  2053.300  2901.700   240.200
  2830.100  2544.700  2592.500  3117.700  2607.200  2831.000  3145.000  2547.500  2365.400  2555.300  3191.400   240.200
  2653.000  2358.100  2739.600  2372.100  2653.000  2360.500  2713.000  2608.700  2976.500  2660.700  2931.400   239.300
  2503.900  2811.200  2840.500  2579.600  2834.400  2508.600  2556.000  3402.800  2614.700  3448.100  2489.000   239.300
  2679.200  2148.100  2790.000  2207.700  1964.600  2191.800  2768.300  2586.100  2499.800  2595.500  2527.200   239.300
  2643.100  3120.700  3156.800  2589.000  3135.500  2632.600  2572.400  3326.200  2653.800  3357.400  2502.500   239.300
  2675.400  2083.700  2654.700  2131.300  2692.600  2098.500  2666.900  2597.100  2701.300  2593.500  2506.100   239.400
  2670.000  3259.700  3294.300  2638.000  3254.000  2677.800  2618.500  3280.400  2942.600  3265.400  2530.200   239.400
  2624.500  9999.999  2636.500  9999.999  2670.000  9999.999  2611.900  2919.400  2706.000  2983.300  2546.200   239.400
  2696.500  3290.800  3327.300  2619.300  3320.200  2708.400  2614.100  3353.700  2652.400  3439.100  2512.200   239.400
  2793.600  2900.200  2834.600  2926.700  4940.700  3827.000  4982.500  3636.500  2009.600  3797.500  1542.700   239.700
  3307.800  2582.900  3294.900  3316.000  1672.100  5126.200  5151.400  1711.400  5231.500  1748.700  2719.700   239.700
  2633.000  2890.300  2703.000  2530.500  1921.100  3704.200  1932.100  3735.300  1891.200  3524.000  3691.100   239.700
  3393.300  2580.800  3376.100  3438.300  3193.200  5353.200  5380.700  3252.400  5417.800  3270.600  3239.900   239.700
  2750.300  2693.700  2433.400  2512.500  1796.100  3410.900  1823.100  3867.000  1988.400  1506.300  3757.200   236.900
  3450.400  2566.100  3458.100  3502.700  2660.900  1340.000  1419.700  2700.100  1424.500  2737.200  1721.400   236.900
  2799.900  2908.100  2527.100  2540.400  1900.900  1429.600  1954.400  1498.400  2833.600  1533.900  3883.200   236.900
  2432.800  2310.100  2600.400  2854.700  2759.400  1488.900  1537.300  2805.900  1570.900  2849.400  1569.300   236.900
  2011.000  3199.000  2264.200  2052.700  2741.200  1444.200  2783.100  1399.800  2755.000  1400.700  1717.900   223.000
  2540.600  2661.700  2655.200  2924.600  1963.800  1458.600  3923.200  1971.000  1552.100  2041.600  3704.100   223.000
  2960.200  3055.200  2985.500  2913.900  2650.400  1315.100  2698.800  5332.300  3245.100  5473.300  3202.500   223.000
  2845.600  3001.800  2595.900  2504.000  1831.300  3455.600  3757.800  1865.200  3534.700  1913.000  3793.300   223.000
  2848.900  2635.500  2859.400  2777.100  3165.400  5293.700  3282.500  5149.200  1747.300  5264.200  2694.700   239.800
  2830.600  3185.900  2563.200  2521.800  1921.800  3722.300  3664.000  1976.300  3818.000  2005.500  3920.400   239.800
  2752.400  2280.700  2762.200  2682.200  1669.500  5138.000  1706.400  5039.100  1612.500  5107.300  2787.200   239.800
  2648.400  2872.700  2530.800  2686.900  4977.800  3889.400  1526.900  5017.600  3971.900  5039.100  1547.100   239.800
  2340.100  2560.000  2354.500  2319.900  1535.700  4941.100  3878.200  1949.900  3759.400  2058.500  2026.900   238.700
  2766.800  2718.700  2871.800  2808.000  5080.200  1651.300  1683.100  5132.900  1742.700  5147.000  1429.900   238.700
  2218.700  2539.500  2236.600  2097.800  3692.300  1938.700  3741.300  1864.900  3811.600  1952.400  1915.300   238.700
  3192.700  2853.100  3208.100  3209.200  5277.100  3156.800  3187.200  5346.100  3256.500  5386.000  5417.000   238.700
  2263.000  2888.700  2037.800  2025.500  3759.700  1821.900  3703.000  1971.100  3957.400  2024.200  2014.300   239.000
  3359.700  2916.000  3337.900  3336.700  1391.400  2640.900  2687.800  1410.000  2983.700  1462.200  5270.000   239.000
  9999.999  2876.200  9999.999  9999.999  3914.200  1921.100  1545.100  1533.200  5019.600  3934.000  5104.100   239.000
  3385.300  2903.200  3375.500  3422.700  1495.000  2738.900  2769.300  1499.000  2822.600  1572.200  2791.000   239.000
  1618.800  5172.400  4030.400  5198.000  1709.200  5206.600  4100.900  2712.400  9999.999  3390.300  5297.300   239.800
  1799.500  5336.200  5348.300  1853.100  5345.300  1873.300  1874.500  2698.900  1703.400  1131.300  1291.900   239.800
  3787.600  2148.500  3932.300  2138.900  3875.400  2181.200  3974.000  2805.200  9999.999  3361.000  5050.400   239.800
  3293.300  5517.200  5533.300  3362.200  5565.900  3405.200  3395.300  3226.100  1186.300  1114.300  1455.200   239.800
  3839.200  2014.200  3640.200  2041.000  3957.100  2051.100  3708.600  1176.300  9999.999  3205.800  4908.700   237.100
  2776.400  1504.500  1597.400  2843.400  1557.500  2861.100  2851.400  1701.000  1186.800  1077.500  3256.800   237.100
  3999.700  2121.200  1640.500  2168.300  4111.200  2169.400  1688.200  1217.900  9999.999  1332.000  1889.400   237.100
  2879.100  1649.600  1703.200  2934.200  1703.200  2966.400  2972.100  1146.100  1234.300  2556.400  3860.000   237.100
  1628.800  2952.400  1657.700  3001.900  1716.400  3008.100  1708.500  1235.400  9999.999  1464.300  1816.300   223.200
  2056.700  1620.500  4104.500  2143.000  1676.600  2129.200  2151.000  1503.900  1273.400  2641.800  3705.200   223.200
  1529.900  2870.100  1519.500  2899.600  1610.600  2910.200  1566.400  1796.900  3454.000  1425.900  1910.600   223.200
  1933.400  3600.800  3917.300  1990.600  3680.500  2021.000  2019.600  3492.400  3421.800  3145.100  3402.000   223.200
  5457.100  3373.000  5514.400  3421.200  5514.400  3412.500  5533.800  1983.900  3427.500  3447.800  9999.999   240.000
  2056.300  3873.200  3843.000  2088.200  3941.600  2126.500  2102.600  3791.700  3385.300  1629.900  1395.500   240.000
  5250.700  1878.100  5324.800  1907.600  5355.000  1922.100  5351.900  1884.700  3358.500  3714.900  9999.999   240.000
  5070.100  4022.800  1688.000  5125.200  4087.600  5158.900  5136.400  3939.900  3315.500  1071.100  1624.300   240.000
  5079.800  1697.900  5166.400  4109.200  5189.200  1772.200  5183.500  1968.000  3339.500  3733.100  9999.999   239.000
  5200.700  1839.900  1853.500  5264.700  1853.100  5252.900  5244.200  3358.800  3835.900  1107.400  3113.400   239.000
  2046.700  3831.200  2147.900  3981.400  2158.000  3919.600  2179.100  4980.200  1378.200  3299.200  9999.999   239.000
  5369.900  3326.400  3358.800  5416.200  3363.700  5501.700  5469.700  1494.700  3719.700  1130.900  2594.300   239.000
  1955.400  3886.500  2021.300  3899.500  2048.100  3991.000  2056.000  5158.000  1551.300  3377.300  9999.999   239.300
  1484.500  2825.200  2842.600  1523.100  2849.600  1567.000  1575.500  1350.700  3901.100  3465.200  2680.300   239.300
  2084.100  4056.700  2118.500  1757.000  2177.500  4137.400  2161.000  4975.300  1502.700  3432.000  1963.400   239.300
  1580.800  2877.900  2886.900  1622.400  2917.800  1662.500  1680.800  2615.700  3192.900  1131.500  1076.300   239.300
