     0.000     0.000     0.000     0.000     0.000     0.000  4009.410  4670.077  4823.527  1405.920  2589.247  3567.705
     0.000     0.000     0.000     0.000     0.000     0.000  3635.288  4249.276  3833.143   941.740  3146.910  3790.653
     0.000     0.000     0.000   949.259  1043.627  1511.335  3290.471  3711.686  4225.633  5297.690  1099.765  2998.760
     0.000     0.000     0.000  1045.406   948.777  2597.714  2854.576  3236.988  3877.489  4536.843   806.967  3371.274
   282.148   907.799  1230.881  1422.827  1161.960  1428.505  2253.177  2608.449  3019.354  3438.429  3840.129  3912.895
   475.310   628.928  1416.957  1157.311  1236.897  1091.500  4093.034  2321.157  2694.709  2927.641  3446.249  3671.581
   463.134   870.682  1097.388  1228.168  1032.685  1162.310  1936.909  1890.217  2459.893  2749.271  3133.063  4357.389
   886.138   446.020  1224.539  1025.711  1155.504   967.817  3520.142  1500.333  2114.291  2497.652  2767.580  3650.267
   406.863   769.692   976.725  1083.389   936.156  1046.261  1746.401   717.359  1431.717  2824.031  2606.209  3285.833
   739.876   402.921  1126.668   946.303  1059.823   897.660  3117.583  1706.558  1122.318  2271.121  2278.995  2903.600
   367.126   683.457   920.132  1010.989   881.956   980.630  1545.599  2303.345   657.032     0.000  2074.376  2694.894
   662.302   361.869  1009.150   860.156   985.893   843.916  2812.021  3700.385  1569.060     0.000  1684.724  2359.795
   356.770   636.667   871.115   953.117   838.217   921.143  1419.461  2389.540  2264.585   703.938     0.000  2163.410
   626.138   356.942   973.811   838.255   954.564   830.928  2579.010  3088.837  3709.305  1677.038     0.000  1840.459
   331.594   586.160   817.168   896.589   791.053   879.540  1314.231  2213.626  2320.508  2152.962  1026.653  1366.421
   566.423   334.954   913.721   786.329   870.549   769.650  2309.629  2809.690  3013.037  3467.686  2033.759  1091.999
   260.391   545.574   761.687   836.314   745.777   816.530  1084.096  1860.312  1953.022  2019.293  1928.002   415.924
   553.983   314.753   847.182   735.660   827.187   727.058  2261.299  2927.067  3159.741  3431.922  3839.247   883.895
   340.803   379.305   745.252   796.941   715.949   789.989  1273.882  2181.203  2299.802  2448.430  2575.702  2726.258
   428.007   376.751   802.867   720.989   782.995   702.400  1745.257  2856.088  3052.119  3214.943  3438.054   932.646
   326.181   340.078   716.417   754.383   703.791   749.866  1274.742  2306.739  2251.412  2301.477  2485.703  2035.857
   347.103   362.994   774.230   690.156   751.883   689.189  1545.165  2932.637  2413.032  2529.912  2648.882  2452.437
   305.470   316.789   687.657   739.207   684.813   734.935  1215.053  2304.837  2272.256  2130.447  2285.700  1859.253
   323.751   328.721   748.153   681.240   731.216   670.057  1438.865  2493.117  2397.018  2307.238  2469.370  1990.793
   314.565   328.593   695.645   743.006   695.952   737.402  1185.459  2150.936  2300.002  2108.019  2139.376  1705.831
   322.733   327.160   735.944   672.634   731.201   677.414  1364.940  2362.954  2464.280  2249.236  2281.039  1845.121
   310.168   312.177   691.354   725.326   664.027   743.146  1164.373  2023.693  2112.715  2148.802  2113.927  1584.060
   313.401   319.760   736.736   683.505   728.305   653.177  1303.135  2242.780  2325.981  2308.202  2232.677  1714.684
   281.308   290.210   843.523     0.000     0.000     0.000  1130.681  1877.915  1983.422  2008.205  2093.071  1532.763
   303.438   308.084   850.632     0.000     0.000     0.000  1240.441  2145.708  2199.293  2219.338  2249.604  1626.371
   282.851   290.276   822.488     0.000     0.000     0.000  1121.123  1787.632  1857.212  1882.745  1957.986  1520.258
   290.815   302.125   825.243     0.000     0.000     0.000  1203.402  2069.474  2134.224  2126.803  2144.945  1604.004
   293.849   294.678   811.842     0.000     0.000     0.000  1206.803  1683.059  1788.724  1840.074  1887.715  1482.696
   293.637   309.606   831.430     0.000     0.000     0.000  1195.094  2053.825  2088.924  2096.578  2106.903  1606.269
   292.953   299.392   803.615     0.000     0.000     0.000  1099.076  1711.008  1640.197  1726.175  1762.048  1374.544
   289.825   290.157   796.447     0.000     0.000     0.000  1169.483  1993.875  2023.148  2023.722  2032.604  1544.661
   271.649   292.160   785.917     0.000     0.000     0.000  1084.286  1676.505  1708.223  1656.837  1699.690  1324.552
   291.384   299.307   804.645     0.000     0.000     0.000  1164.159  1972.820  1997.434  1996.031  2013.107  1535.420
   267.380   276.138   779.196     0.000     0.000     0.000  1080.635  1662.793  1647.086  1641.370  1595.306  1237.728
   269.731   287.353   778.704     0.000     0.000     0.000  1114.076  1853.430  1857.011  1944.579  1925.956  1456.891
   308.275   323.853   900.788  1273.911     0.000     0.000     0.000  2277.809  2384.503  2493.289  2542.408  2059.596
   311.570   311.677   893.143  1264.877     0.000     0.000     0.000  2175.061  2208.183  2365.856  2419.245  1934.416
   277.582   283.998   794.225  1143.816     0.000     0.000     0.000  2012.831  2069.339  2206.224  2295.154  1805.163
     0.000     0.000     0.000     0.000     0.000     0.000     0.000  1733.546  1754.600  1844.424  1906.497  1461.256
     0.000     0.000     0.000     0.000     0.000     0.000     0.000     0.000     0.000  1733.394  1736.267  1336.533
   501.720  1336.823   557.914  1298.274   644.876  1046.704   695.497  1158.016   403.133   803.719   438.594   738.303
     0.000     0.000     0.000     0.000     0.000     0.000     0.000     0.000     0.000     0.000     0.000     0.000
   877.823  1072.077   903.376  1146.468   528.055   762.658   566.311   584.208   590.826   517.269     0.000     0.000
     0.000     0.000     0.000     0.000     0.000     0.000  3603.323  4215.349  3821.590   950.655  3115.347  3764.214
     0.000     0.000     0.000     0.000     0.000     0.000  3983.810  4584.062  4753.821  1377.433  2578.581  3561.525
     0.000     0.000     0.000   959.257  1065.821  2653.153  2872.555  3229.542  3889.201  4479.253   803.295  3373.998
     0.000     0.000     0.000  1082.330   970.292  1538.836  3231.285  3642.683  4196.062  5168.367  1074.440  2947.655
   474.032   622.632  1156.966  1398.979  1090.881  1305.933  4144.415  2325.143  2692.804  2974.344  3413.529  3638.472
   287.422   915.873  1368.652  1246.145  1267.892  1123.425  2243.128  2609.117  2942.090  3440.593  3798.461  3799.911
   889.267   455.629  1036.702  1235.710   986.252  1170.495  3557.265  1520.788  2090.838  2514.070  2749.323  3648.498
   452.390   873.247  1204.990  1076.256  1135.855  1024.071  1942.925  1884.731  2438.250  2803.005  3104.997  4338.429
   722.827   394.986   933.952  1110.582   930.393  1049.271  3128.719  2422.766  1118.621  2286.157  2282.834  2941.908
   419.997   777.190  1087.292   991.838  1053.681   944.316  1730.361  2392.786  1417.696  2825.447  2547.524  3267.119
   655.046   359.345   970.367   982.842   844.395   973.149  2819.374  3786.175  2124.778     0.000  1644.305  2316.582
   374.209   684.368  1034.669   883.917  1003.485   869.055  1579.709  3675.120  2042.633     0.000  2051.760  2700.134
   605.351   340.065   819.060   951.907   803.994   921.023  2537.372  3323.480  3785.933  2446.830     0.000  1801.960
   366.538   637.700   969.983   872.880   950.240   851.826  1462.784  3124.257  3640.257  2339.151     0.000  2162.007
   553.884   322.025   774.807   900.475   757.835   875.317  2315.766  3194.869  3347.943  3573.962  2797.123  1082.801
   331.456   577.897   894.247   807.141   867.471   779.758  1321.474  2836.412  3066.618  3355.348  2676.565  1362.669
   526.180   294.773   732.853   843.293   727.436   819.060  2275.282  2971.358  3104.849  3259.526  3444.840   877.325
   268.114   555.074   841.274   756.970   812.064   731.351  1096.299  2459.078  2718.627  2899.706  3175.128   845.649
   412.669   366.729   711.383   805.999   700.482   781.147  1752.954  2189.964  2264.489  2323.764  2461.140  2149.089
   354.544   376.685   798.607   729.756   778.203   716.722  1293.503  2247.946  2446.504  2698.857  2817.487  2364.361
   338.800   347.158   687.544   756.402   686.276   749.940  1541.029  2754.760  2202.060  2215.407  2323.803  1826.142
   323.737   345.335   767.229   717.243   762.973   689.439  1277.541  2370.386  2324.418  2416.847  2664.133  2223.432
   343.532   328.927   670.406   742.974   670.764   728.700  1427.111  2260.827  2196.978  2090.652  2177.296  1691.344
   343.379   332.963   750.370   682.544   740.378   683.396  1216.721  2380.428  2303.091  2202.163  2360.294  1982.751
   340.317   326.607   687.506   734.123   675.070   728.202  1373.947  2144.304  2285.102  2079.610  2089.647  1638.558
   303.576   320.523   739.587   695.165   733.040   694.483  1187.622  2226.600  2356.767  2160.970  2167.522  1771.952
   319.690   317.281   682.077   735.841   660.454   730.047  1323.913  2050.319  2178.904  2166.423  2133.264  1530.014
   307.383   302.506   730.560   690.500   712.590   651.985  1151.540  2076.976  2215.097  2250.844  2120.315  1611.103
   296.998   301.695   846.017     0.000     0.000     0.000  1244.615  1915.734  2023.995  2033.437  2093.358  1491.285
   306.338   311.351   846.537     0.000     0.000     0.000  1129.477  1968.909  2080.850  2112.773  2160.455  1533.942
   292.488   298.138   824.068     0.000     0.000     0.000  1203.737  1852.143  1915.465  1889.245  1971.750  1492.772
   281.469   297.031   837.397     0.000     0.000     0.000  1125.461  1881.553  1976.320  2012.335  2033.222  1516.907
   293.274   299.859   813.019     0.000     0.000     0.000  1281.062  1810.457  1882.266  1855.044  1915.738  1464.496
   287.264   300.509   816.380     0.000     0.000     0.000  1116.912  1850.556  1912.786  1942.341  1950.381  1486.387
   293.097   297.427   815.213     0.000     0.000     0.000  1160.352  1781.411  1776.557  1764.421  1787.912  1365.874
   293.169   288.275   793.428     0.000     0.000     0.000  1110.888  1802.556  1844.711  1868.324  1870.965  1431.916
   289.788   287.223   802.001     0.000     0.000     0.000  1131.644  1721.040  1772.857  1734.642  1751.173  1325.287
   296.191   299.519   797.065     0.000     0.000     0.000  1112.713  1802.061  1828.859  1848.075  1831.010  1395.961
   268.574   277.868   781.799     0.000     0.000     0.000  1110.297  1648.144  1650.312  1677.465  1697.000  1253.541
   282.886   280.390   774.095     0.000     0.000     0.000  1078.345  1728.033  1742.492  1771.395  1727.954  1295.807
   325.101   316.158   896.953  1287.353     0.000     0.000     0.000  2251.220  2342.977  2508.151  2577.588  2030.484
   309.931   314.687   894.652  1271.634     0.000     0.000     0.000  2134.162  2183.801  2347.284  2414.660  1894.034
   276.951   297.495   804.340  1144.267     0.000     0.000     0.000  2041.225  2073.110  2236.082  2281.564  1751.080
     0.000     0.000     0.000     0.000     0.000     0.000     0.000  1660.986  1703.318  1918.717  2003.068  1457.135
     0.000     0.000     0.000     0.000     0.000     0.000     0.000     0.000     0.000  1603.361  1630.227  1248.261
   483.969  1312.583   447.883  1340.586   690.621  1162.167   659.945  1037.396   484.440   742.626   412.865   792.678
     0.000     0.000     0.000     0.000     0.000     0.000     0.000     0.000     0.000     0.000     0.000     0.000
   927.964  1154.792   869.630  1067.864   574.048   593.251   522.631   755.725   518.165   586.491     0.000     0.000
     0.000     0.000     0.000     0.000     0.000     0.000  3994.450  4564.889  4761.226  1374.913  2517.204  3522.797
     0.000     0.000     0.000     0.000     0.000     0.000  3632.294  4248.520  3827.716   927.803  3023.700  3774.264
     0.000     0.000     0.000   963.098  1060.636  1537.725  3250.104  3680.913  4217.991  5174.983  1065.769  2902.700
     0.000     0.000     0.000  1038.872   927.048  2608.390  2848.187  3208.304  3861.250  4475.535   781.207  3285.720
   270.293   905.906  1237.598  1346.077  1132.724  1255.073  2238.447  2631.418  2975.583  3455.139  3805.897  3851.661
   465.546   629.085  1374.768  1148.688  1274.494  1065.668  4105.461  2314.021  2655.790  2931.072  3368.122  3581.536
   447.567   870.577  1080.553  1184.129  1030.201  1149.886  1953.543  1898.638  2420.427  2766.049  3098.988  4297.199
   866.371   440.896  1212.224  1007.848  1148.316   973.385  3541.957  1512.519  2085.960  2513.971  2710.782  3634.486
   399.574   762.770   981.305  1072.483   926.920  1042.185  1785.855  1823.979  1416.902  2835.496  2548.647  3260.229
   719.954   395.426  1106.465   926.943  1040.947   917.880  3149.471  2307.958  1103.448  2283.107  2244.681  2906.397
   362.153   674.689   899.282  1035.858   868.331   995.320  1556.480  3770.544  1633.915     0.000  2016.729  2682.229
   638.554   346.983   953.271   926.516   964.295   843.358  2825.613  3667.096  2126.551     0.000  1666.176  2342.120
   347.903   616.936   862.098   957.989   829.310   920.749  1419.206  3276.497  3718.053  1740.810     0.000  2141.453
   605.316   334.546   950.461   822.735   927.822   807.684  2577.342  3311.566  3711.213  2377.703     0.000  1809.275
   321.506   569.456   807.693   890.254   777.087   878.583  1316.186  2918.980  3221.196  3362.289  2045.957  1347.746
   543.608   307.797   882.193   769.767   861.174   761.981  2314.472  2977.272  3196.229  3329.152  2672.493  1066.232
   250.020   534.479   747.544   831.230   730.819   801.679  1097.809  2488.367  2744.366  2854.612  3037.215   599.366
   529.561   293.761   839.682   732.358   800.252   709.857  2255.826  2651.296  2790.343  2934.178  3085.070   801.781
   323.629   373.568   728.097   789.837   710.800   786.204  1293.801  2200.883  2335.822  2426.552  2595.562  1739.146
   416.541   355.255   795.913   697.369   769.741   693.081  1752.459  2297.948  2400.908  2562.802  2702.183  2181.319
   322.369   337.003   713.032   760.249   692.620   759.523  1285.666  2257.496  2249.308  2259.948  2443.062  1988.913
   345.546   344.641   768.511   685.553   755.589   684.361  1547.406  2318.862  2327.179  2357.348  2513.644  2050.823
   308.118   319.349   674.156   747.612   681.880   742.115  1221.617  2316.365  2242.357  2072.772  2228.667  1805.213
   318.813   325.811   745.394   675.582   729.958   673.031  1442.681  2323.017  2284.635  2195.806  2312.369  1859.436
   304.816   319.116   686.951   744.152   690.232   739.715  1197.930  2162.574  2349.764  2083.168  2073.294  1672.145
   325.201   321.394   733.701   677.903   721.704   667.921  1368.508  2190.659  2319.396  2146.418  2158.488  1731.144
   301.619   310.408   689.116   732.680   661.841   742.884  1181.520  2031.341  2164.459  2170.186  2078.233  1551.896
   311.107   306.341   725.624   673.334   716.941   649.716  1315.323  2078.874  2180.598  2183.779  2111.971  1616.750
   281.402   296.084   729.458     0.000     0.000     0.000  1149.836  1928.453  2032.194  2048.555  2122.440  1490.828
   299.845   294.046   842.519     0.000     0.000     0.000  1249.352  1970.363  2052.902  2061.704  2071.804  1531.860
   284.901   292.890   821.866     0.000     0.000     0.000  1130.147  1840.369  1924.267  1926.347  1984.878  1493.893
   290.307   286.198   812.293     0.000     0.000     0.000  1204.449  1889.793  1961.149  1965.800  1986.452  1510.379
   281.059   290.044   812.899     0.000     0.000     0.000  1218.997  1801.756  1859.987  1855.076  1907.021  1471.213
   286.725   291.658   813.940     0.000     0.000     0.000  1213.632  1858.620  1901.656  1898.675  1920.351  1462.708
   282.043   288.271   803.480     0.000     0.000     0.000  1120.289  1761.097  1772.662  1763.810  1787.356  1369.535
   280.008   292.081   796.202     0.000     0.000     0.000  1180.070  1803.862  1824.370  1807.602  1824.105  1388.280
   268.040   286.750   783.259     0.000     0.000     0.000  1099.310  1709.504  1766.010  1745.433  1749.667  1325.496
   288.046   302.378   807.489     0.000     0.000     0.000  1176.093  1802.178  1815.208  1788.696  1794.235  1356.493
   260.487   285.354   777.309     0.000     0.000     0.000  1086.661  1685.906  1703.306  1667.124  1678.606  1254.464
   263.411   281.895   776.741     0.000     0.000     0.000  1128.232  1695.941  1681.999  1706.917  1716.766  1275.499
   303.017   314.977   900.953  1297.934     0.000     0.000     0.000  2223.111  2310.774  2396.218  2501.133  2024.040
   309.150   307.662   887.774  1277.822     0.000     0.000     0.000  2121.140  2184.694  2306.750  2375.155  1890.654
   273.613   285.520   793.879  1156.605     0.000     0.000     0.000  2034.849  2067.432  2161.193  2265.214  1760.904
     0.000     0.000     0.000     0.000     0.000     0.000     0.000  1663.618  1699.693  1847.874  1934.550  1437.574
     0.000     0.000     0.000     0.000     0.000     0.000     0.000     0.000     0.000  1618.344  1635.031  1241.840
   484.241  1357.979   539.619  1316.695   609.617  1061.117   661.957  1170.122   398.169   790.643   431.917   726.681
     0.000     0.000     0.000     0.000     0.000     0.000     0.000     0.000     0.000     0.000     0.000     0.000
   827.796  1086.224   868.771  1142.422   524.264   753.730   539.358   587.893   590.268   512.625     0.000     0.000
     0.000     0.000     0.000     0.000     0.000     0.000  3654.490  4271.139  3899.193   959.767  2993.873  3761.148
     0.000     0.000     0.000     0.000     0.000     0.000  4003.989  4577.532  4806.832  1376.513  2502.436  3487.522
     0.000     0.000     0.000   934.146  1021.264  2589.466  2875.453  3240.370  3884.485  4475.086   800.292  3274.926
     0.000     0.000     0.000  1025.042   929.569  1491.377  3250.197  3698.635  4211.447  5185.970  1056.366  2886.925
   461.253   626.645  1148.996  1400.550  1087.356  1235.424  4116.179  2349.790  2697.583  2971.885  3406.087  3616.165
   270.880   901.226  1404.329  1212.045  1410.970  1143.094  2244.820  2626.196  3023.225  3452.429  3811.280  3824.254
   892.614   453.013  1022.059  1217.125   977.500  1163.972  3544.465  1509.316  2126.484  2531.187  2740.281  3671.488
   440.668   862.411  1215.863  1081.758  1118.233   997.718  1937.263  1889.573  2487.299  2811.969  3112.316  4362.882
   715.005   396.920   927.233  1097.087   885.831  1039.950  3112.760  2472.414  1102.831  2283.092  2262.232  2963.513
   394.166   771.743  1075.608   966.286  1042.968   932.717  1704.609  1420.935  1426.647  2847.893  2540.773  3296.458
   637.563   354.580   857.650  1011.119   832.405   971.180  2793.782  3767.396  2110.477     0.000  1647.829  2347.235
   360.769   677.218   983.600   886.925   965.558   868.512  1550.083  3100.708  1293.279     0.000  2052.791  2727.712
   593.000   342.560   817.603   948.843   794.995   905.668  2514.498  3210.337  3681.755  2359.615     0.000  1848.838
   344.576   637.275   942.663   862.487   920.080   843.380  1440.099  2844.950  3119.770  1435.722     0.000  2202.435
   544.239   312.726   771.905   883.809   754.018   864.143  2285.463  2981.548  3169.408  3331.100  2668.326  1096.671
   306.824   569.809   868.375   797.621   845.681   779.926  1304.849  2541.431  2770.666  3042.457  1623.258  1375.115
   519.450   286.268   724.338   828.766   711.459   798.807  2254.438  2601.155  2815.124  2953.321  3105.343   837.138
   237.620   529.485   816.264   744.792   798.896   716.898  1064.510  2311.650  2485.644  2703.956  2704.278   543.571
   405.722   352.730   724.900   785.286   693.041   771.137  1752.097  2259.483  2380.086  2520.179  2646.595  2199.173
   330.092   375.552   780.233   722.120   765.116   705.372  1273.304  2181.592  2292.431  2473.100  2525.727  1693.399
   337.363   338.210   690.548   765.707   680.929   754.743  1553.769  2314.025  2331.305  2327.185  2498.055  2068.379
   322.503   339.253   757.699   708.498   754.033   689.622  1272.977  2236.332  2202.886  2301.986  2329.302  1927.784
   317.290   319.185   669.237   739.199   669.494   731.027  1444.463  2291.639  2289.147  2165.237  2278.666  1887.633
   307.103   320.849   743.858   690.590   726.623   677.660  1223.020  2290.724  2203.662  2103.813  2157.628  1751.065
   318.077   329.550   682.796   740.464   680.246   736.472  1221.943  2180.500  2288.863  2128.886  2141.145  1709.482
   300.258   316.887   725.962   682.585   725.996   683.655  1184.826  2149.478  2283.049  2074.562  2035.566  1621.633
   313.244   313.935   671.886   734.807   653.681   720.002  1325.790  2075.965  2175.604  2165.276  2133.480  1592.977
   295.102   309.551   720.836   675.578   716.004   639.942  1155.675  2004.507  2147.401  2184.446  2039.347  1505.211
   288.882   300.348   845.269     0.000     0.000     0.000  1257.229  1942.248  2063.821  2061.296  2093.313  1553.784
   289.147   299.887   835.364     0.000     0.000     0.000  1128.358  1895.577  2009.980  2052.406  2094.236  1461.943
   286.270   284.200   824.360     0.000     0.000     0.000  1207.493  1873.255  1951.309  1935.954  1969.358  1509.144
   273.471   295.041   801.448     0.000     0.000     0.000  1123.944  1807.583  1897.943  1943.785  1969.681  1483.153
   286.306   288.044   815.323     0.000     0.000     0.000  1287.699  1821.701  1893.895  1874.602  1908.087  1457.435
   276.893   294.210   808.401     0.000     0.000     0.000  1120.193  1764.610  1859.040  1865.331  1875.296  1444.776
   278.459   290.504   804.035     0.000     0.000     0.000  1167.220  1784.510  1802.796  1785.371  1797.612  1374.767
   272.128   280.918   782.325     0.000     0.000     0.000  1111.171  1749.400  1751.385  1775.758  1787.720  1368.444
   267.157   285.201   790.882     0.000     0.000     0.000  1146.706  1754.066  1793.577  1759.963  1765.263  1333.311
   277.974   291.143   786.752     0.000     0.000     0.000  1118.500  1749.640  1768.047  1731.489  1743.550  1334.671
   258.315   269.437   770.833     0.000     0.000     0.000  1114.767  1674.866  1679.282  1706.362  1705.899  1257.725
   257.377   282.813   766.601     0.000     0.000     0.000  1085.198  1698.590  1710.840  1687.539  1643.057  1249.762
   311.322   310.919   893.087  1291.519     0.000     0.000     0.000  2179.021  2274.069  2402.048  2514.270  1955.326
   295.542   317.972   883.454  1281.841     0.000     0.000     0.000  2093.945  2164.202  2286.497  2358.828  1853.182
   266.333   277.162   789.358  1149.980     0.000     0.000     0.000  2024.439  2059.404  2151.378  2238.978  1721.618
     0.000     0.000     0.000     0.000     0.000     0.000     0.000  1687.598  1705.112  1875.561  1915.491  1420.372
     0.000     0.000     0.000     0.000     0.000     0.000     0.000     0.000     0.000  1652.685  1670.115  1262.860
   482.425  1308.313   436.513  1349.512   668.393  1159.942   633.061  1056.763   472.147   731.643   408.115   776.659
     0.000     0.000     0.000     0.000     0.000     0.000     0.000     0.000     0.000     0.000     0.000     0.000
   914.198  1144.546   839.974  1079.158   559.640   581.230   517.865   737.954   509.638   590.429     0.000     0.000
     0.000     0.000     0.000     0.000     0.000     0.000  4014.411  4646.504  4786.809  1382.968  2565.032  3520.208
     0.000     0.000     0.000     0.000     0.000     0.000  3653.858  4271.080  3848.126   953.780  3081.033  3757.246
     0.000     0.000     0.000   953.229  1055.952  1526.484  3294.189  3729.721  4268.234  5271.552  8668.616  2928.680
     0.000     0.000     0.000  1041.906   936.430  2602.957  2875.077  3229.463  3897.146  4494.976  8711.768  3302.757
   286.472   921.950  1236.827  1439.726  1172.930  1440.322  2268.510  2633.006  3032.330  3502.071  3850.065  3903.663
   495.626   654.361  1415.560  1163.548  1246.988  1100.860  4110.232  2338.905  2704.607  2964.956  3445.340  3631.170
   468.150   895.958  1113.859  1238.974  1025.076  1166.819  1963.538  1900.689  2490.282  2827.912  3129.372  4347.963
   894.342   463.392  1250.074  1041.224  1175.175   990.202  3545.979  1529.381  2126.908  2552.005  2731.191  3719.601
   405.545   786.557   981.968  1104.182   948.787  1048.376  1751.261  1419.537  1435.032  2861.342  2545.141  3321.438
   735.855   417.669  1123.793   950.781  1055.462   913.964  3143.312  2480.094  1127.370  2294.480  2246.870  2965.901
   368.289   711.329   929.940  1010.216   875.510   975.261  1543.908  3082.460  1288.606     0.000  2037.380  2720.318
   639.253   593.365  1004.472   864.741   981.014   848.897  2809.402  3727.038  2139.658     0.000  1671.284  2370.981
   350.787   652.789   878.192   955.534   850.633   929.457  1413.367  2780.022  3081.138  1443.026     0.000  2191.282
   610.305   360.404   973.028   861.981   949.385   838.426  2568.308  3243.711  3721.577  2395.593     0.000  1842.944
   318.698   593.920   819.453   890.382   793.289   873.580  1316.786  2545.322  2781.429  3032.072  1645.651  1374.685
   543.550   324.835   895.348   782.206   875.570   772.322  2306.937  2968.330  3203.665  3347.837  2695.414  1110.372
   238.212   549.386   765.154   836.246   743.840   819.203  1078.173  2326.325  2528.649  2721.063  2767.784   574.566
   530.392   306.258   834.614   759.089   803.156   725.507  2237.178  2596.559  2806.363  2946.281  3079.256   829.236
   340.221   384.845   744.583   795.542   718.106   788.194  1293.174  2179.838  2296.902  2484.348  2543.974  1700.977
   411.607   375.997   797.039   723.142   787.193   706.928  1757.713  2290.269  2396.248  2555.927  2648.312  2197.720
   320.693   347.680   716.309   758.598   705.608   755.506  1263.656  2235.524  2214.220  2320.822  2356.908  1926.539
   332.102  2007.052   780.775   700.269   752.502   694.373  1539.420  2335.679  2315.124  2400.822  2474.222  2048.390
   295.839   324.286   686.085   743.465   681.215   738.358  1207.128  2294.247  2213.911  2003.209  2176.499  1777.670
   328.799   335.312   749.934   684.780   735.331   673.285  1445.519  2315.177  2300.324  2233.565  2257.237  1859.615
   307.538   323.343   699.077   746.239   703.169   740.927  1191.155  2167.734  2277.082  2084.784  2055.464  1613.523
   314.512   321.885   734.836   673.934   735.189   684.199  1361.483  2196.959  2297.646  2155.853  2146.551  1700.741
   310.264   315.222   693.192   734.207   668.063   745.521  1167.126  2025.280  2139.455  2202.330  2051.386  1511.516
   312.569   312.391   745.386   678.667   712.006   655.944  1295.230  2061.625  2166.221  2177.255  2101.663  1589.301
   269.432   286.596   848.882     0.000     0.000     0.000  1128.083  1909.019  2030.023  2073.599  2120.811  1478.832
   294.804   300.438   860.177     0.000     0.000     0.000  1231.485  1963.623  2052.417  2048.625  2066.425  1538.904
   275.753   294.970   820.182     0.000     0.000     0.000  1113.383  1814.612  1893.532  1911.438  1978.782  1473.787
   286.338   291.201   826.322     0.000     0.000     0.000  1208.024  1880.552  1957.789  1962.934  1976.456  1496.567
   281.644   304.724   809.923     0.000     0.000     0.000  1203.859  1769.302  1857.521  1894.035  1888.588  1455.971
   291.237   305.670   829.054     0.000     0.000     0.000  1193.493  1862.600  1904.106  1891.666  1895.827  1452.138
   280.761   299.417   809.516     0.000     0.000     0.000  1098.432  1755.708  1737.391  1781.366  1802.850  1366.020
   282.396   291.475   795.024     0.000     0.000     0.000  1156.828  1821.156  1833.266  1843.213  1824.370  1398.456
   265.482   279.942   782.971     0.000     0.000     0.000  1091.828  1701.977  1757.462  1716.272  1740.406  1327.856
   285.369   303.815   810.815     0.000     0.000     0.000  1167.896  1801.697  1813.175  1796.166  1784.695  1361.178
   266.440   272.590   778.995     0.000     0.000     0.000  1081.077  1692.159  1682.209  1685.788  1658.878  1238.052
   271.969   276.950   775.807     0.000     0.000     0.000  1115.313  1699.404  1695.123  1743.155  1718.958  1274.514
   298.980   317.405   901.984  1279.873     0.000     0.000     0.000  2184.941  2296.518  2402.582  2502.621  1966.602
   301.181   310.016   896.567  1263.283     0.000     0.000     0.000  2111.987  2164.475  2156.272  2362.537  1852.385
   256.691   277.258   796.285  1135.612     0.000     0.000     0.000  2038.387  2045.292  2189.965  2246.870  1727.224
     0.000     0.000     0.000     0.000     0.000     0.000     0.000  1687.963  1703.208  1882.916  1917.341  1413.654
     0.000     0.000     0.000     0.000     0.000     0.000     0.000     0.000     0.000  1658.539  1663.103  1256.814
   494.671  1339.709   561.002  1315.613   631.280  1067.943   695.415  1162.332   407.441   812.010   450.794   736.481
     0.000     0.000     0.000     0.000     0.000     0.000     0.000     0.000     0.000     0.000     0.000     0.000
   858.273  1078.906   908.937  1143.215   537.543   756.196   565.068   581.926   594.184   517.824     0.000     0.000
     0.000     0.000     0.000     0.000     0.000     0.000  3660.392  4259.685  3800.698   924.531  3080.968  3741.749
     0.000     0.000     0.000     0.000     0.000     0.000  4051.857  4636.462  4711.740  1367.729  2539.612  3490.956
     0.000     0.000     0.000   947.610  1059.199  2650.047  2867.144  3247.160  3823.472  4461.659   815.308  3300.857
     0.000     0.000     0.000  1064.178   970.977  1522.397  3259.829  3693.625  4179.693  5143.042  1066.085  2896.166
   468.660   625.837  1155.920  1402.621  1095.974  1309.971  4134.310  2353.162  2709.146  2933.337  3429.142  3639.341
   290.113   957.278  1360.935  1267.664  1274.382  1146.241  2243.566  2615.395  3146.589  3408.456  3793.385  3889.404
   894.431   459.767  1044.759  1243.699   987.307  1172.866  3558.094  1536.505  2086.106  2470.047  2720.170  3708.524
   446.757   865.616  1202.098  1086.503  1145.870  1037.626  1942.946  1894.939  2607.251  2771.115  3092.473  4394.819
   715.562   402.114   936.822  1107.007   933.183  1052.888  3141.608  2270.339  1121.529  2279.559  2264.544  2978.760
   404.488   780.303  1103.519  1002.164  1069.279   948.402  1731.801  1821.400  1434.654  2798.614  2559.653  3267.133
   640.170   580.537  1078.575  1083.055   850.212   973.541  2809.355  3643.016  2086.784     0.000  1645.211  2345.622
   374.655   675.516  1037.046   892.999  1003.180   878.300  1551.150  3780.599  1664.343     0.000  2082.804  2728.925
   597.390   348.109   824.760   957.081   805.080   930.267  2532.877  3236.299  3702.302  2369.558     0.000  1850.858
   364.310   656.113   968.679   883.831   955.404   858.059  1453.869  3342.126  3751.361  1747.152     0.000  2231.946
   547.975   336.705   773.960   900.291   778.643   873.873  2304.523  2956.098  3213.161  3368.346  2676.683  1089.242
   317.721   582.793   886.676   812.818   872.508   788.543  1313.243  2892.078  3247.455  3418.206  2042.304  1409.338
   514.348   303.679   744.329   842.700   731.978   816.623  2281.471  2676.531  2840.384  2986.670  3120.828   814.906
   246.401   551.406   836.860   757.977   811.376   740.226  1097.153  2481.374  2735.471  2857.552  3008.431   606.002
   414.263   375.478   721.778   792.756   697.626   777.156  1746.453  2278.966  2386.317  2547.028  2713.455  2142.525
   326.837   376.348   794.478   729.898   781.573   719.269  1291.523  2217.851  2367.191  2467.235  2595.250  1750.614
   334.069  1784.017   694.799   756.520   681.277   747.856  1539.177  2299.851  2339.807  2373.486  2542.655  2032.815
   315.934   335.537   768.242   716.850   762.620   687.038  1270.197  2267.423  2258.640  2264.540  2422.139  1974.914
   305.805   314.108   666.611   742.895   670.641   728.327  1431.328  2292.708  2270.233  2209.179  2324.645  1833.684
   311.364   323.727   747.524   676.498   736.161   678.730  1208.738  2331.986  2249.181  2096.896  2213.170  1778.897
   316.912   316.206   697.694   735.023   691.742   748.804  1370.363  2203.312  2317.426  2169.888  2175.529  1707.794
   299.169   313.190   740.246   694.709   736.161   695.777  1187.881  2163.562  2352.595  2081.720  2047.174  1661.768
   325.514   319.299   680.289   738.310   663.612   728.518  1319.879  2087.959  2165.309  2203.216  2142.652  1591.446
   294.155   306.115   731.941   687.969   710.681   651.036  1154.122  2015.667  2163.864  2188.856  2049.222  1529.917
   288.276   282.847   845.122     0.000     0.000     0.000  1248.136  1977.999  2077.756  2080.275  2101.800  1542.683
   276.862   294.084   845.462     0.000     0.000     0.000  1125.664  1914.561  2022.902  2052.732  2097.771  1480.131
   284.969   290.041   826.446     0.000     0.000     0.000  1200.691  1881.397  1932.889  1936.800  1981.247  1491.299
   271.406   288.866   827.594     0.000     0.000     0.000  1120.512  1831.037  1911.770  1934.622  1962.581  1496.413
   280.798   291.150   812.081     0.000     0.000     0.000  1278.839  1849.584  1924.597  1926.294  1950.986  1458.750
   280.220   288.035   818.560     0.000     0.000     0.000  1115.108  1807.768  1867.023  1859.472  1893.286  1458.257
   282.567   288.801   812.765     0.000     0.000     0.000  1160.716  1802.917  1794.953  1801.178  1815.690  1378.936
   273.635   286.099   795.842     0.000     0.000     0.000  1109.752  1776.958  1816.124  1805.183  2503.518  1389.549
   267.707   276.436   796.160     0.000     0.000     0.000  1137.868  1749.594  1788.164  1765.554  1783.675  1341.386
   279.011   287.478   790.070     0.000     0.000     0.000  1113.338  1768.593  1790.796  1766.529  2312.991  1350.176
   260.597   275.000   769.609     0.000     0.000     0.000  1103.470  1669.853  1673.677  1705.865  1711.472  1251.424
   265.693   269.584   773.038     0.000     0.000     0.000  1074.013  1700.796  1714.322  1693.785  1677.508  1257.844
   301.723   309.449   893.270  1275.607     0.000     0.000     0.000  2198.296  2299.073  2391.748  2492.103  2003.686
   291.820   299.731   884.452  1265.332     0.000     0.000     0.000  2123.219  2173.689  2296.789  2383.571  1867.220
   261.876   272.716   795.591  1138.303     0.000     0.000     0.000  2045.326  2078.960  2167.108  2273.296  1753.748
     0.000     0.000     0.000     0.000     0.000     0.000     0.000  1651.486  1692.856  1854.848  1934.382  1433.520
     0.000     0.000     0.000     0.000     0.000     0.000     0.000     0.000     0.000  1612.022  1619.045  1236.946
   486.873  1304.573   455.809  1326.648   681.615  1185.691   646.978  1057.230   486.337   747.272   410.190   819.242
     0.000     0.000     0.000     0.000     0.000     0.000     0.000     0.000     0.000     0.000     0.000     0.000
   939.943  1163.036   870.140  1081.149   573.549   590.254   515.029   755.428   520.348   605.367     0.000     0.000
     0.000     0.000     0.000     0.000     0.000     0.000  4024.353  4657.354  4754.087  1379.590  2630.150  3584.917
     0.000     0.000     0.000     0.000     0.000     0.000  3618.211  4239.443  3770.916   948.991  3154.664  3713.946
     0.000     0.000     0.000   987.581  1075.430  1578.934  3252.857  3719.833  4250.458  5119.484  1097.227  2996.453
     0.000     0.000     0.000  1050.726   937.619  2625.341  2850.164  3252.790  3863.051  4459.930   804.749  3382.772
   290.893   927.888  1365.615  1366.885  1172.523  1289.415  2386.531  2634.505  3034.010  3461.446  3788.530  3926.786
   489.862   641.776  1410.078  1188.237  1323.754  1091.184  4120.979  2334.726  2673.880  2946.215  3431.962  3663.673
   466.288   887.024  1113.104  1211.349  1059.697  1172.723  1966.376  1907.149  2454.735  2769.292  3095.386  4421.366
   877.869   452.158  1251.397  1027.243  1181.612  1006.603  3567.452  1539.945  2132.616  2530.422  2765.055  3725.290
   405.172   767.450   998.449  1097.829   941.552  1057.294  1751.094  2365.972  1453.754  2827.155  2574.731  3301.782
   732.501   407.518  1136.605   951.907  1072.804   938.327  3169.506  2444.930  1138.450  2286.126  2273.293  2959.970
   357.792   687.828   911.609  1058.529   872.506  1012.220  1564.209  3656.522  2005.661     0.000  2045.146  2729.225
   638.420   359.309   977.885   940.898   988.534   860.246  2836.978  3785.136  2146.764     0.000  1686.297  2392.272
   364.881   650.447   879.138   980.918   852.479   943.307  1430.007  3054.364  3632.948  2346.112     0.000  2219.005
   632.841   374.144   984.213   855.260   963.225   833.310  2585.202  3425.426  3836.618  2482.189     0.000  1877.686
   321.462   595.494   825.702   911.407   795.771   903.119  1329.401  2829.410  3069.092  3374.681  2675.129  1414.148
   561.580   338.032   903.569   797.426   887.621   790.663  2325.679  3143.449  3356.948  3635.577  2823.377  1122.043
   247.107   544.906   765.242   841.419   741.527   818.372  1097.237  2470.339  2762.917  2951.337  3237.013   864.421
   519.428   297.260   855.017   748.126   802.961   718.036  2253.898  2881.281  3075.393  3221.006  3432.512   861.060
   319.756   391.615   738.201   794.825   710.801   792.794  1296.728  2250.396  2418.104  2710.503  2874.604  2361.813
   407.945   361.333   797.000   698.110   777.424   702.799  1744.496  2198.044  2308.452  2324.221  2472.462  2150.204
   321.895   326.964   715.120   753.989   693.879   744.992  1275.454  2333.272  2316.464  2427.995  2696.624  2204.325
   333.737   338.785   760.534   694.577   757.637   688.329  1528.984  2239.677  2193.561  2195.949  2284.685  1799.224
   302.197   312.302   667.734   734.569   675.119   734.478  1205.122  2367.561  2293.126  2192.484  2380.575  1976.548
   315.793   325.101   738.630   681.406   729.165   668.565  1432.608  2281.871  2207.498  2084.205  2153.356  1680.436
   307.018   319.079   697.508   752.489   698.906   735.350  1201.240  2217.304  2362.099  2151.211  2203.344  1770.156
   313.103   315.251   758.962   677.456   736.657   677.422  1367.325  2131.189  2298.807  2095.286  2079.433  1598.823
   317.299   318.578   692.681   756.711   670.652   748.558  1180.635  2095.717  2212.141  2276.257  2176.512  1607.357
   324.951   317.259   732.263   693.355   705.961   652.910  1298.750  1999.890  2134.698  2154.544  2077.246  1535.260
   296.046   284.800   834.600     0.000     0.000     0.000  1135.244  1970.438  2092.736  2143.274  2189.090  1540.287
   300.352   295.337   854.427     0.000     0.000     0.000  1240.179  1929.065  2008.713  2048.697  2097.454  1484.722
   295.746   292.514   818.644     0.000     0.000     0.000  1122.803  1901.353  1952.083  1991.512  2045.418  1504.901
   290.606   292.763   829.081     0.000     0.000     0.000  1207.142  1834.484  1902.556  1913.384  1952.292  1472.705
   290.985   289.289   812.163     0.000     0.000     0.000  1204.313  1829.171  1896.494  1942.222  1954.086  1495.692
   296.131   291.302   820.125     0.000     0.000     0.000  1189.627  1835.407  1885.383  1864.085  1901.068  1463.025
   296.834   283.065   814.383     0.000     0.000     0.000  1107.297  1790.928  1810.424  1849.334  1835.657  1392.763
   277.366   285.558   782.770     0.000     0.000     0.000  1167.296  1780.991  1813.513  1779.689  1796.386  1392.009
   277.419   273.348   779.523     0.000     0.000     0.000  1085.695  1749.600  1798.076  1829.636  1813.764  1373.828
   304.714   295.368   817.375     0.000     0.000     0.000  1167.530  1772.648  1804.056  1767.325  1756.841  1340.240
   273.593   273.354   778.340     0.000     0.000     0.000  1080.986  1718.838  1734.813  1736.068  1735.080  1261.040
   290.922   275.482   777.688     0.000     0.000     0.000  1114.984  1665.164  1655.286  1707.161  1712.381  1270.453
   293.968   307.273   895.094  1275.011     0.000     0.000     0.000  2219.474  2296.329  2502.060  2526.530  2011.808
   301.099   313.788   888.452  1269.668     0.000     0.000     0.000  2121.554  2184.508  2340.283  2405.675  1877.948
   273.375   269.038   788.619  1141.651     0.000     0.000     0.000  2018.033  2079.604  2222.714  2275.425  1778.193
     0.000     0.000     0.000     0.000     0.000     0.000     0.000  1653.208  1702.834  1918.906  2011.019  1449.175
     0.000     0.000     0.000     0.000     0.000     0.000     0.000     0.000     0.000  1628.953  1630.039  1239.797
   502.317  1267.585   567.556  1059.552   658.041  1021.103   707.212  1125.075   423.520   823.208   451.706   743.153
     0.000     0.000     0.000     0.000     0.000     0.000     0.000     0.000     0.000     0.000     0.000     0.000
   870.176  1030.382   890.534  1101.650   545.210   768.754   572.479   586.179   598.120   521.470     0.000     0.000
     0.000     0.000     0.000     0.000     0.000     0.000  3607.019  4237.778  3816.721   930.981  3129.672  3034.313
     0.000     0.000     0.000     0.000     0.000     0.000  3995.703  4548.364  4706.603  1380.164  2642.652  3554.138
     0.000     0.000     0.000   950.450  1045.010  2614.936  2833.557  3207.078  3870.384  4481.579   804.352  3379.106
     0.000     0.000     0.000  1029.897   921.079  1507.287  3206.742  3611.358  4214.540  5108.371  1034.118  2945.569
   469.299   630.062  1162.969  1431.319  1102.457  1254.315  4154.768  2307.302  2662.855  2937.189  3398.534  3619.758
   288.318   930.918  1454.731  1245.449  1440.655  1163.951  2250.503  2574.116  2954.239  3409.556  3762.434  3872.910
   898.835   471.397   901.651  1249.560   991.872  1182.602  3536.032  1500.967  2082.037  2485.650  2712.420  3655.143
   459.604   870.641  1237.469  1094.746  1166.417  1025.317  1954.253  1888.108  2430.426  2774.022  3085.441  4308.350
   714.614   404.057   935.806  1103.059   901.199  1049.890  3129.718  1699.809  1114.979  2291.390  2257.062  2945.421
   404.005   780.387  1103.861   987.979  1054.085   951.268  1713.761   725.051  1423.348  2775.472  2542.146  3290.569
   644.691   361.361   884.606  1020.498   851.807   984.410  2815.174  3691.227  1537.695     0.000  1641.967  2334.269
   388.982   718.656   998.190   901.699   981.447   893.211  1552.636  2242.345   653.763     0.000  2052.354  2749.892
   612.666   362.722   826.135   962.580   809.782   939.243  2529.165  3060.603  3690.979  1635.082     0.000  1836.712
   364.623   661.380   976.031   886.510   953.781   861.784  1453.636  2393.893  2245.577   700.935     0.000  2208.448
   560.600   342.157   778.095   900.722   784.023   877.464  2308.241  2811.903  3029.700  3465.358  2024.398  1084.574
   325.061   596.017   889.256   819.080   872.639   810.270  1318.504  2139.626  2289.799  2123.129  1006.850  1392.788
   518.565   287.846   625.855   822.842   714.787   805.417  2253.853  2933.282  3180.277  3491.773  3843.616   875.266
   237.222   532.855   828.937   757.083   796.583   724.492  1094.157  1803.085  1886.486  1947.710  1854.811   382.857
   401.827   369.678   731.510   787.962   705.235   770.981  1741.990  2812.339  3002.477  3216.986  3477.249   923.162
   335.836   384.553   799.173   738.247   775.432   712.194  1287.712  2117.032  2230.773  2403.368  2497.039  2685.524
   355.879   353.899   705.741   773.878   693.219   764.496  1564.896  2446.959  2430.646  2537.184  2684.040  2432.369
   326.538   355.139   773.298   725.613   772.430   702.607  1286.805  2280.320  2206.320  2248.505  2410.015  1973.844
   330.337   334.087   683.864   762.524   688.764   743.976  1445.903  2490.617  2371.904  2305.047  2501.635  1982.760
   322.052   323.186   747.774   691.007   750.505   698.163  1222.690  2307.968  2239.986  2104.228  2240.440  1831.380
   330.938   326.524   696.234   767.770  8835.573   745.570  1388.123  2383.398  2442.921  2253.962  2304.240  1829.794
   308.148   320.023   741.594   703.922   733.779   700.805  1187.532  2116.203  2249.352  2087.860  2078.978  1699.865
   323.326   323.030   682.698   745.998   662.193   731.063  1331.074  2254.506  2309.270  2325.830  2258.982  1710.537
   299.701   315.026   165.967   685.702   151.643   657.368  1160.082  1965.150  2066.655  2121.925  2045.690  1547.522
   307.320   300.632   852.968     0.000     0.000     0.000  1270.591  2171.889  2220.780  2240.391  2291.926  1629.521
   289.609   318.342   843.111     0.000     0.000     0.000  1145.349  1858.316  1932.965  1972.458  2036.309  1496.602
   294.998   300.951   834.415     0.000     0.000     0.000  1225.024  2060.767  2099.052  2105.863  2163.081  1584.413
   282.325   293.359   836.761     0.000     0.000     0.000  1122.916  1741.154  1825.769  1884.557  1918.147  1509.408
   294.675   309.910   829.550     0.000     0.000     0.000  1279.379  2028.908  2082.716  2107.122  2128.203  1614.399
   298.194   306.893   823.108     0.000     0.000     0.000  1134.310  1668.448  1757.515  1808.500  1852.972  1448.346
   299.212   307.084   700.324     0.000     0.000     0.000  1182.150  2001.231  1984.203  2011.107  2036.933  1544.340
   289.976   295.295   795.346     0.000     0.000     0.000  1119.334  1701.176  1647.216  1733.582  1768.662  1384.919
   284.309     4.837   793.148     0.000     0.000     0.000  1139.168  1928.146  1971.613  1976.724  2012.514  1504.339
   301.629   304.126   802.710     0.000     0.000     0.000  1111.974  1705.002  1691.174  1641.341  1707.478  1334.364
   266.457  8653.151   777.391     0.000     0.000     0.000  1124.838  1839.332  1860.943  1930.620  1924.152  1433.645
   275.389   287.462   779.831     0.000     0.000     0.000  1078.525  1654.389  1640.664  1643.368  1591.198  1238.761
   305.256   322.548   897.729  1294.603     0.000     0.000     0.000  2244.175  2339.377  2466.872  2518.128  2025.784
   308.630   310.910   885.225  1280.203     0.000     0.000     0.000  2142.542  2187.494  2338.575  2380.922  1897.803
   264.448   275.737   795.442  1151.017     0.000     0.000     0.000  1977.608  2009.564  2188.976  2261.620  1765.252
     0.000     0.000     0.000     0.000     0.000     0.000     0.000  1714.643  1729.568  1827.308  1887.098  1441.949
     0.000     0.000     0.000     0.000     0.000     0.000     0.000     0.000     0.000  1713.186  1738.248  1320.011
   478.499   296.318   458.279  1080.060   692.062  1143.205   654.593  1012.421   502.421   741.172   418.604   784.175
     0.000     0.000     0.000     0.000     0.000     0.000     0.000     0.000     0.000     0.000     0.000     0.000
   910.140  1102.998   869.232  1053.031   584.467  8587.128   524.654   762.083   513.086   595.818     0.000     0.000
