   382.807   399.353   406.463   448.982   382.179   440.398  1421.088  3527.330  3870.986  3900.904  4495.282     0.000
   427.377   420.216   495.461   448.347   481.660   419.187  1455.725  3504.686  3793.885  3868.420  4460.839     0.000
   400.831   392.593   408.065   463.958   386.303   455.158  1398.924  3638.113  3826.933  3928.836  4425.173     0.000
   405.091   408.128   473.993   423.912   478.141   419.776  1407.269  3619.576  3851.133  3988.725  4479.231     0.000
   367.945   374.098   395.673   438.969   367.310   427.984  1404.217  3733.684  3993.664  3973.199  4479.731     0.000
   372.194   384.980   443.104   394.031   427.910   375.192  1402.620  3656.631  3911.565  3948.431  4460.672     0.000
   395.409   367.758   397.909   451.357   376.180   434.534  1405.236  3722.748  3968.733  4061.814  4541.554     0.000
   371.054   375.073   442.877   380.404   432.099   376.707  1402.654  3711.256  3945.604  4114.570  4512.870     0.000
   420.013   372.449   437.781   484.830   418.489   485.885  1528.071  3999.067  4226.410  4241.740  4769.395     0.000
   395.199   399.541   466.201   412.582   446.776   395.873  1510.951  3928.269  4150.464  4244.097  4733.220     0.000
   408.999   410.276   411.769   458.610   386.385   458.057  1571.833  4108.546  4387.655  4426.137  3671.682     0.000
   391.212   413.410   460.680   395.747   439.401   370.006  1512.271  4027.823  4344.249  4426.774  3610.023     0.000
   363.006   381.890   374.460   435.473   365.997   425.443  1567.071  4247.677  4507.178  4557.241     0.000     0.000
   370.073   372.466   449.271   386.375   425.973   365.037  1587.458  4217.223  4458.455  4589.651     0.000     0.000
   356.803   380.647   352.719   415.407   334.000   411.005  1639.056  4440.647  4648.308  2258.926  2451.966     0.000
   363.794   363.630   426.280   348.313   439.029   367.022  1613.741  4425.112  4663.487  2269.816  2395.671     0.000
   338.828   360.173   361.638   418.340   344.998   410.214  1720.708  4691.452  1172.266  4174.380   725.551     0.000
   344.281   357.787   425.911   359.093   408.105   342.467  1732.253  4664.888  1157.451  4343.727   698.685     0.000
   348.995   354.681   331.931   404.538   318.358   401.007  1815.911  2084.243  3740.596  3476.144     0.000     0.000
   361.374   378.448   427.604   342.800   423.333   345.212  1823.607  2096.930  3979.668  3453.642     0.000     0.000
   339.099   368.140   358.992   421.035   341.497   416.176  1649.135  1342.693  2851.725  4050.195  2137.106     0.000
   336.387   372.555   421.434   346.641   419.306   350.130  1594.992   908.230  3241.513  4268.740  2047.775     0.000
   400.358   350.993   343.511   446.936  5333.273  3382.347  1208.742  3330.127  4035.352     0.000     0.000     0.000
   336.993   339.391   431.435   336.405  4570.972  2360.274  1417.612  3678.630  4154.509     0.000     0.000     0.000
   388.548   381.967   384.933   452.801   396.722   431.550  1398.317  4000.992  4273.588  4302.751  4104.439     0.000
   436.458   435.310   512.477   433.828   490.933   443.838  1465.805  4061.453  4238.443  4296.287  4094.842     0.000
   375.368   395.198   376.580   464.195   375.541   444.067  1414.155  4155.857  4178.531  4268.981  4086.197     0.000
   398.206   419.657   484.036   420.241   482.145   409.533  1443.922  4154.979  4259.612  4345.095  4172.244     0.000
   353.105   362.195   372.911   437.717   364.161   421.965  1433.356  3992.707  4258.887  4346.360  4129.463     0.000
   357.715   377.054   448.737   385.486   430.078   366.791  1425.327  4008.304  4240.737  4340.914  4171.718     0.000
   354.372   378.133   376.034   441.647   355.166   432.727  1442.180  4206.925  4291.975  4341.887  4185.250     0.000
   354.301   370.221   441.307   372.641   428.301   357.930  1427.223  4205.549  4349.905  4414.100  4235.896     0.000
   376.320   417.149   417.885   479.649   388.576   471.760  1560.621  4315.199  4598.489  4635.800  4447.278     0.000
   380.052   400.997   470.560   405.553   443.158   381.858  1518.273  4291.882  4560.159  4615.684  4350.234     0.000
   388.299   402.447   391.949   458.794   379.513   453.691  1550.249  4618.627  4710.570  4771.352  3296.282     0.000
   386.858   405.848   472.820   387.934   440.995   363.895  1529.350  4561.186  4696.133  4760.428  3269.368     0.000
   349.456   362.691   362.716   434.880   357.720   426.154  1592.540  4613.424  4852.474  4905.978     0.000     0.000
   356.798   380.625   450.916   381.074   428.013   354.207  1584.573  4587.195  4817.792  4862.413     0.000     0.000
   359.294   361.879   344.135   419.735   347.040   411.636  1625.961  4866.999  4974.563  2550.292  2365.155     0.000
   341.064   376.465   440.160   348.389   444.476   346.933  1657.729  4928.031  5047.390  2603.699  2389.830     0.000
   315.327   347.519   347.018   421.718   322.867   408.984  1717.658  5138.078  1450.515  4248.820   676.383     0.000
   349.993   360.992   435.613   360.507   414.007   350.734  1720.444  5149.097  1445.781  4067.429   698.171     0.000
   351.188   349.742   324.256   407.619   337.573   399.296  1805.676  2479.249  3859.745  3402.815     0.000     0.000
   385.207   372.799   434.851   349.225   430.763   376.275  1826.842  2503.567  3653.486  3410.762     0.000     0.000
   352.589   359.415   351.207   422.464   359.985   412.307  1595.593   894.522  3175.793  4276.414  1998.920     0.000
   350.433   359.383   428.089   352.681   422.447   350.587  1592.287  1272.695  2788.614  3998.426  2063.660     0.000
   391.349   351.603   340.727   440.307  4501.511  2336.705  1377.077  3643.224  4117.779     0.000     0.000     0.000
   349.787   343.837   427.967   319.395  5244.239  3308.362  1136.812  3319.018  3948.951     0.000     0.000     0.000
   396.457   394.764   413.975   475.998   414.253   459.116  1409.342  3516.864  3786.284  3938.709  4501.749     0.000
   432.147   423.688   498.063   448.243   508.238   444.861  1439.667  3484.020  3781.803  3873.682  4469.850     0.000
   385.498   392.642   389.751   459.225   389.608   436.573  1386.347  3613.709  3780.414  3956.968  4456.039     0.000
   429.986   397.812   477.618   418.420   476.134   420.243  1411.559  3588.335  3853.252  3957.599  4502.893     0.000
   347.652   363.403   368.566   434.149   368.742   430.074  1432.432  3718.988  3938.999  4016.914  4539.294     0.000
   377.595   377.672   452.989   390.206   441.421   390.613  1427.696  3683.486  3933.324  3947.112  4514.708     0.000
   369.026   371.414   374.060   445.364   380.289   428.070  1428.796  3717.020  3924.233  4096.494  4557.419     0.000
   373.952   363.305   435.997   368.367   436.677   372.334  1424.088  3701.736  3927.556  4095.105  4539.286     0.000
   393.485   387.212   404.936   459.557   406.507   445.041  1525.287  3976.807  4162.898  4297.990  4709.271     0.000
   389.735   400.620   453.036   396.440   446.364   387.725  1509.146  3902.613  4128.155  4229.413  4662.170     0.000
   397.768   409.646   392.642   459.518   392.953   445.374  1544.838  4089.060  4363.899  4446.311  3589.334     0.000
   390.427   395.165   449.518   383.548   423.703   364.330  1505.844  3993.919  4329.798  4421.994  3577.640     0.000
   346.479   365.724   364.833   420.263   363.285   422.483  1574.306  4247.720  4457.706  4598.743     0.000     0.000
   403.677   383.832   467.910   402.854   424.593   392.396  1559.548  4215.422  4449.033  4547.767     0.000     0.000
   356.223   370.263   353.907   420.390   347.382   420.073  1632.537  4366.043  4591.160  2292.142  2380.932     0.000
   340.753   366.625   406.953   324.053   422.956   349.284  1626.337  4392.215  4665.801  2271.962  2372.005     0.000
   366.923   353.514   378.720   445.765   372.162   402.693  1724.315  4661.553  1146.883  4103.185   690.543     0.000
   368.319   361.528   437.357   371.907   432.002   361.901  1733.380  4637.273  1084.408  4260.378   649.592     0.000
   349.201   363.975   334.840   416.625   337.440   419.730  1834.123  2085.273  3707.876  3378.957     0.000     0.000
   364.465   366.926   425.290   339.883   450.090   352.127  1849.253  2089.466  3925.474  3361.566     0.000     0.000
   340.109   350.579   358.344   413.692   353.423   434.004  1617.700  1291.154  2838.108  3997.508  2158.108     0.000
   324.939   335.438   408.517   337.362   431.086   339.441  1600.223   873.380  3211.298  4259.031  2037.733     0.000
   397.140   346.628   341.992   434.770  5296.859  3326.688  1174.446  3305.849  4103.304     0.000     0.000     0.000
   324.449   360.148   432.466   339.225  4488.613  2302.532  1375.803  3645.872  4286.667     0.000     0.000     0.000
   393.196   399.343   408.359   469.220   397.396   441.754  1399.827  3984.100  4273.875  4254.207  4101.523     0.000
   444.403   436.777   521.048   443.520   475.298   433.143  1430.128  4037.874  4244.150  4259.152  4094.180     0.000
   376.948   385.633   382.782   453.809   382.457   446.536  1384.510  4119.139  4166.087  4254.549  4099.918     0.000
   401.624   396.779   474.869   432.593   466.981   427.127  1381.427  4107.520  4239.658  4300.018  4179.820     0.000
   359.037   372.137   369.799   450.970   361.813   429.830  1402.978  4019.734  4286.017  4354.073  4189.110     0.000
   375.604   381.193   453.894   392.501   446.600   378.169  1404.063  4017.309  4275.251  4309.699  4148.563     0.000
   373.758   382.263   377.954   440.210   376.000   411.909  1395.293  4244.140  4296.506  4337.673  4216.402     0.000
   372.230   377.413   435.020   374.564   431.238   373.899  1400.410  4197.982  4336.728  4381.418  4198.174     0.000
   386.668   393.006   398.867   458.491   391.598   449.442  1506.788  4287.550  4596.634  4628.102  4368.374     0.000
   398.102   402.516   465.461   400.599   446.637   393.154  1500.812  4285.726  4567.171  4625.386  4329.988     0.000
   385.067   402.529   390.449   452.728   387.067   445.459  1527.006  4591.217  4697.095  4736.902  3295.007     0.000
   381.010   389.876   449.240   369.527   424.844   360.421  1480.263  4534.916  4684.400  4717.642  3260.033     0.000
   350.318   361.928   355.606   426.084   354.358   411.777  1573.414  4614.377  4896.805  4883.976     0.000     0.000
   363.363   368.252   437.475   404.121   414.831   390.847  1556.052  4588.021  4851.971  4872.217     0.000     0.000
   355.871   369.324   345.245   424.691   344.125   407.717  1602.554  4860.699  4967.199  2562.685  2358.072     0.000
   353.695   353.850   412.891   327.740   420.558   349.115  1601.662  4899.021  5041.791  2577.068  2390.673     0.000
   331.172   347.528   372.683   418.329   366.843   404.115  1699.890  5115.930  1458.097  4263.375   639.997     0.000
   355.032   373.441   448.452   371.630   412.918   360.171  1706.570  5127.851  1394.283  4105.163   671.959     0.000
   344.731   369.428   335.495   432.784   337.561   415.937  1784.758  2459.611  3941.335  3358.146     0.000     0.000
   390.813   394.877   459.709   339.063   416.731   348.206  1801.866  2476.026  3746.494  3393.726     0.000     0.000
   344.764   360.027   342.828   434.910   340.910   413.842  1577.448   896.453  3242.389  4236.618  2055.423     0.000
   342.653   357.243   429.799   330.339   418.308   334.673  1585.321  1286.043  2858.923  4009.061  2160.105     0.000
   399.021   350.399   336.143   432.513  4561.066  2320.409  1387.416  3648.656  4259.035     0.000     0.000     0.000
   342.782   351.707   440.436   330.615  5237.458  3247.804  1150.267  3296.382  4051.425     0.000     0.000     0.000
   403.014   429.216   412.907   481.593   409.371   475.234  1441.038  3477.356  3799.498  3916.741  4490.369     0.000
   431.411   442.985   501.969   433.904   508.945   438.838  1477.996  3511.900  3832.826  3903.221  4457.239     0.000
   399.600   420.396   400.133   476.363   389.931   457.673  1416.692  3601.621  3807.701  3928.422  4495.479     0.000
   414.303   454.876   496.549   414.636   490.970   410.418  1455.572  3648.561  3918.199  4004.376  4556.273     0.000
   382.695   385.515   383.179   448.446   387.366   448.074  1434.431  3694.643  3961.762  3992.632  4537.029     0.000
   393.039   411.030   473.900   398.369   452.103   391.566  1452.598  3725.169  3984.277  4004.204  4478.755     0.000
   381.606   396.245   372.827   451.516   371.260   429.820  1437.703  3699.834  3918.578  4066.370  4477.113     0.000
   379.188   393.218   443.929   366.062   449.234   372.358  1439.424  3749.647  4001.519  4166.178  4462.388     0.000
   395.229   414.642   411.717   473.009   402.749   462.648  1533.568  3949.089  4162.371  4275.478  4659.975     0.000
   400.282   416.044   474.201   413.891   461.259   394.971  1528.473  3954.583  4189.770  4273.491  4625.860     0.000
   401.792   418.982   400.551   466.989   392.583   460.902  1567.131  4078.970  4363.764  4421.902  3576.392     0.000
   396.108   408.578   462.649   381.335   447.217   368.415  1533.066  4048.664  4381.456  4475.727  3591.213     0.000
   363.066   369.091   367.339   428.639   364.022   427.488  1588.023  4264.589  4467.232  4550.027     0.000     0.000
   367.052   409.998   469.005   381.051   436.013   367.994  1609.314  4244.663  4504.920  4620.455     0.000     0.000
   367.462   369.153   351.904   422.678   352.984   423.892  1633.864  4365.056  4604.737  2249.589  2416.281     0.000
   347.986   355.234   407.527   331.442   422.762   351.429  1644.307  4452.161  4736.245  2317.830  2424.503     0.000
   334.909   380.428   352.681   448.478   341.874   411.174  1754.736  4611.128  1144.176  4078.878   677.407     0.000
   358.736   370.429   441.181   361.271   434.049   356.971  1737.457  4686.653  1106.678  4238.470   638.505     0.000
   364.181   368.907   335.023   427.541   353.671   432.478  1825.226  2070.197  3675.747  3389.023     0.000     0.000
   394.388   379.136   434.937   336.766   460.330   378.956  1837.046  2110.334  3914.990  3397.314     0.000     0.000
   379.815   374.320   378.263   441.795   384.342   459.849  1601.061  1291.242  2769.389  3996.072  2081.209     0.000
   363.703   361.206   426.463   347.498   447.752   369.868  1588.326   888.459  3154.498  4265.421  2033.505     0.000
   413.344   356.927   336.761   445.358  5296.786  3265.979  1136.070  3300.232  3950.519     0.000     0.000     0.000
   358.435   343.248   438.474   341.990  4519.856  2274.378  1347.572  3637.185  4102.865     0.000     0.000     0.000
   370.069   387.694   388.028   454.693   374.018   399.271  1418.010  4025.770  4324.310  4291.432  4162.826     0.000
   404.176   406.453   474.321   402.896   422.233   400.585  1444.026  4094.093  4298.104  4263.345  4055.449     0.000
   375.204   388.828   380.694   450.982   366.272   391.868  1398.068  4164.141  4255.481  4258.745  4111.234     0.000
   380.604   394.919   454.638   387.924   419.341   383.483  1417.820  4184.466  4321.880  4268.121  4136.707     0.000
   357.732   361.375   369.523   429.853   352.719   380.079  1417.994  4064.248  4325.677  4382.625  4154.932     0.000
   368.960   377.871   442.379   378.634   393.469   370.932  1433.032  4092.335  4326.602  4342.009  4212.306     0.000
   370.390   366.573   363.676   427.480   347.628   385.813  1419.799  4266.782  4366.397  4375.993  4150.403     0.000
   352.976   362.659   424.881   350.757   386.830   354.628  1416.404  4281.982  4401.678  4390.010  4303.884     0.000
   373.481   378.336   388.006   447.775   374.517   408.372  1526.464  4339.504  4616.815  4667.946  4339.856     0.000
   376.373   391.214   454.845   390.391   408.282   377.245  1517.209  4341.580  4598.586  4614.053  4388.120     0.000
   385.756   398.490   391.317   456.860   376.120   419.171  1556.239  4629.131  4764.115  4776.087  3288.265     0.000
   365.193   382.348   441.389   369.282   393.786   355.512  1522.036  4594.892  4747.384  4729.468  3276.214     0.000
   360.945   361.159   359.841   421.979   346.359   390.904  1584.402  4666.851  4970.900  4929.259     0.000     0.000
   361.182   369.526   432.752   364.896   398.657   357.901  1578.080  4637.258  4901.236  4863.858     0.000     0.000
   352.880   362.459   343.064   417.160   330.100   388.383  1630.298  4945.486  5033.154  2550.518  2422.951     0.000
   334.211   353.964   406.912   324.683   398.352   346.391  1633.706  4959.376  5118.324  2574.247  2385.359     0.000
   347.016   339.821   343.144   415.592   336.148   393.949  1733.631  5162.059  1470.863  4213.283   636.812     0.000
   341.480   352.722   424.245   353.837   395.151   339.467  1718.208  5202.142  1414.215  4046.128   667.424     0.000
   354.702   349.104   335.172   417.104   321.534   400.420  1826.116  2483.911  3910.338  3369.031     0.000     0.000
   362.895   354.046   416.158   330.213   407.415   334.077  1829.653  2498.420  3663.943  3370.510     0.000     0.000
   367.055   371.663   373.113   442.066   362.488   434.325  1610.281   883.590  3187.206  4257.920  2026.102     0.000
   349.921   348.480   422.658   349.188   418.592   346.707  1588.460  1294.022  2800.141  3993.565  2083.441     0.000
   406.058   338.466   330.225   435.244  4594.396  2298.557  1386.129  3660.429  4128.028     0.000     0.000     0.000
   351.168   340.352   443.542   337.185  5277.827  3213.399  1128.226  3306.274  3962.110     0.000     0.000     0.000
   386.445   380.231   402.538   451.742   389.005   440.480  1402.936  3556.702  3840.904  3918.203  4399.763     0.000
   405.078   396.001   484.598   415.556   466.395   407.479  1438.895  3546.728  3809.126  3900.721  4401.118     0.000
   382.990   381.982   386.137   456.691   380.934   440.431  1399.232  3632.833  3830.002  3933.186  4364.322     0.000
   383.955   381.729   454.400   391.641   450.257   387.103  1409.157  3631.130  3829.139  3964.527  4412.144     0.000
   381.334   378.266   392.115   453.552   379.774   431.234  1434.152  3737.534  4020.965  4026.002  4540.670     0.000
   381.096   381.425   451.553   390.118   430.838   379.963  1437.894  3726.793  3968.032  3980.353  4486.667     0.000
   358.439   356.310   351.738   420.242   348.346   404.485  1406.706  3742.813  3972.048  4120.143  4586.022     0.000
   354.887   357.209   427.828   357.632   417.948   358.084  1424.451  3729.280  3944.053  4133.493  4522.379     0.000
   371.969   379.310   383.120   444.262   378.078   430.604  1513.018  3994.229  4209.134  4289.474  4783.978     0.000
   372.666   377.000   451.164   387.841   431.698   376.220  1508.939  3954.276  4170.619  4235.045  4708.979     0.000
   391.653   400.009   390.853   458.883   389.032   447.547  1541.122  4099.541  4395.058  4457.758  3591.836     0.000
   391.707   395.241   451.775   378.867   433.152   374.266  1519.093  4058.632  4344.328  4432.845  3576.569     0.000
   347.202   355.061   361.073   421.285   352.765   410.762  1560.837  4265.490  4515.394  4610.623     0.000     0.000
   367.963   376.136   446.284   380.843   433.261   375.516  1590.088  4229.724  4478.089  4596.606     0.000     0.000
   338.834   350.447   337.216   409.225   329.743   398.209  1604.403  4407.517  4659.407  2264.536  2380.691     0.000
   336.869   359.987   414.971   334.876   423.219   357.599  1633.434  4435.204  4696.658  2273.905  2358.168     0.000
   351.924   359.539   360.164   426.516   351.824   413.913  1716.764  4687.364  1172.552  4042.644   693.107     0.000
   356.802   371.570   438.693   367.813   421.299   353.940  1719.961  4701.280  1131.546  4241.919   672.713     0.000
   351.204   360.575   341.883   422.164   337.911   416.738  1838.315  2076.385  3639.188  3414.315     0.000     0.000
   344.058   358.139   414.609   332.472   408.500   329.622  1827.845  2131.484  3907.497  3417.099     0.000     0.000
   370.590   382.391   385.251   447.833   374.005   439.303  1623.015  1291.835  2774.569  3983.330  2079.265     0.000
   330.097   345.508   415.678   340.833   413.107   338.744  1580.351   878.326  3173.872  4253.181  1969.901     0.000
   392.684   340.165   338.313   431.707  5268.670  3209.617  1127.005  3283.331  4000.098     0.000     0.000     0.000
   349.660   358.915   453.578   357.562  4512.438  2269.271  1348.217  3614.888  4159.830     0.000     0.000     0.000
   373.651   394.583   396.702   443.718   379.615   440.163  1412.923  4047.960  4291.192  4262.647  4071.360     0.000
   403.254   414.355   468.415   413.511   465.150   394.818  1445.682  4072.248  4277.985  4257.301  4073.534     0.000
   367.496   391.147   374.185   435.985   360.689   420.478  1390.868  4162.971  4197.229  4215.493  4087.073     0.000
   377.698   404.084   445.126   393.356   452.992   377.752  1410.616  4139.719  4254.789  4266.240  4145.841     0.000
   362.196   383.992   376.443   431.144   362.472   418.378  1433.696  4099.130  4348.437  4357.599  4194.669     0.000
   380.287   403.213   448.874   398.572   439.271   377.253  1447.929  4071.321  4310.678  4339.384  4197.813     0.000
   350.813   369.156   348.570   410.072   344.676   400.516  1416.435  4273.764  4345.384  4383.188  4229.745     0.000
   351.245   367.141   412.487   350.519   415.276   343.072  1421.311  4231.112  4364.954  4405.539  4288.269     0.000
   362.845   372.814   376.948   431.052   368.001   422.634  1511.805  4345.055  4599.044  4623.763  4412.813     0.000
   370.872   388.968   439.539   385.532   430.619   369.141  1501.674  4304.385  4586.248  4591.758  4393.684     0.000
   369.967   391.871   374.568   434.371   364.086   428.031  1541.853  4643.444  4725.722  4737.444  3272.736     0.000
   379.778   395.567   443.139   375.910   425.183   355.288  1521.387  4553.431  4715.141  4706.754  3299.070     0.000
   349.994   371.201   362.849   416.738   358.172   412.987  1586.554  4660.454  4907.916  4912.335     0.000     0.000
   354.855   371.036   422.056   363.281   416.360   352.109  1575.461  4618.672  4889.936  4855.131     0.000     0.000
   334.555   352.364   328.519   393.900   319.534   388.431  1615.152  4925.254  5042.735  2556.737  2341.807     0.000
   332.510   346.810   394.238   315.731   405.538   331.985  1624.502  4958.201  5103.353  2565.529  2367.131     0.000
   341.048   353.706   351.662   413.895   341.295   406.603  1737.807  5225.685  1495.984  4232.258   653.885     0.000
   348.592   371.563   425.173   364.704   418.361   343.941  1730.856  5221.364  1435.018  4062.895   679.151     0.000
   362.430   377.971   352.279   431.438   349.522   420.303  1843.324  2534.129  3903.060  3389.053     0.000     0.000
   369.664   380.794   431.524   348.061   428.932   348.611  1825.570  2536.178  3670.671  3400.322     0.000     0.000
   378.351   390.088   394.591   450.267   380.187   450.840  1634.794   883.509  3178.565  4244.966  1969.872     0.000
   365.115   372.872   441.600   371.761   437.814   364.082  1601.254  1286.986  2779.006  3973.775  2070.911     0.000
   398.587   349.675   337.149   432.742  4547.320  2267.050  1362.238  3600.969  4164.648     0.000     0.000     0.000
   343.189   339.772   431.421   329.635  5283.135  3188.959  1111.334  3262.557  4012.941     0.000     0.000     0.000
   386.103   393.111   404.709   469.022   390.958   440.212  1393.093  3512.219  3815.458  3921.432  4440.320     0.000
   406.817   406.136   489.358   415.904   458.467   409.726  1414.818  3552.890  3808.893  3899.822  4413.959     0.000
   408.133   408.329   412.488   479.104   397.922   449.141  1402.119  3634.524  3807.402  3940.857  4385.363     0.000
   413.091   408.755   485.296   413.393   464.315   410.766  1403.466  3673.699  3880.475  3983.560  4457.994     0.000
   359.259   357.684   378.732   441.176   364.332   411.637  1414.997  3725.521  3985.341  3992.851  4523.729     0.000
   378.399   372.218   454.176   389.058   425.471   381.588  1412.390  3728.269  3972.932  3953.783  4497.634     0.000
   359.941   363.874   369.623   435.575   358.816   413.190  1410.336  3746.499  3945.440  4096.587  4597.829     0.000
   370.942   370.190   444.242   368.923   423.562   373.627  1409.969  3755.984  3965.711  4123.414  4596.288     0.000
   375.741   384.526   400.089   455.626   386.574   436.886  1511.734  3974.255  4187.375  4280.171  4726.209     0.000
   386.090   389.171   464.891   402.373   437.422   391.154  1498.703  3971.014  4164.267  4245.555  4686.946     0.000
   387.345   394.200   390.559   457.307   379.860   439.523  1539.543  4085.771  4343.533  4427.276  3611.651     0.000
   397.790   399.849   465.342   386.805   434.575   376.465  1516.883  4083.482  4354.409  4454.440  3590.486     0.000
   363.531   373.900   385.723   445.349   373.697   427.498  1590.895  4266.787  4496.661  4615.401     0.000     0.000
   364.979   365.320   442.721   373.498   418.699   365.459  1562.289  4270.078  4499.737  4604.262     0.000     0.000
   352.696   362.340   354.540   422.237   341.111   404.630  1622.930  4432.481  4632.817  2244.461  2328.359     0.000
   352.422   358.367   419.530   336.570   416.132   353.608  1636.394  4488.234  4707.994  2278.719  2291.093     0.000
   333.968   342.083   350.427   420.009   341.686   405.315  1718.129  4708.810  1171.979  4055.858   681.987     0.000
   346.142   348.547   431.888   361.711   411.070   351.044  1717.416  4728.661  1133.394  4238.809   667.887     0.000
   371.235   371.717   364.024   441.240   352.091   423.229  1846.869  2114.201  3628.444  3354.263     0.000     0.000
   377.855   364.466   436.918   349.455   424.297   350.356  1830.538  2138.704  3921.127  3395.731     0.000     0.000
   369.057   400.108   383.505   443.571   371.507   432.984  1618.599  1315.406  2792.193  3965.596  2127.234     0.000
   357.019   390.075   430.490   361.753   427.136   358.328  1596.613   902.875  3193.374  4257.324  2039.788     0.000
   403.218   362.756   343.578   437.001  5351.457  3263.231  1151.194  3299.708  4048.247     0.000     0.000     0.000
   359.710   350.335   422.643   327.036  4549.252  2274.463  1397.614  3595.932  4235.859     0.000     0.000     0.000
   400.860   370.004   387.989   453.820   385.180   414.507  1413.083  4181.035  4318.460  4216.823  4124.739     0.000
   436.291   481.509   527.975   440.943   503.223   449.038  1462.815  4201.919  4390.355  4357.272  4161.535     0.000
   397.058   328.068   357.619   442.121   384.948   319.246  1397.527  4224.991  4249.560  4234.888  4095.642     0.000
   422.070   413.340   462.904   436.134   484.307   437.539  1435.023  4324.785  4379.438  4359.589  4216.993     0.000
   360.663   298.554   377.681   425.337   364.486   396.981  1432.282  4167.836  4372.242  4349.742  4214.162     0.000
   426.844   390.084   473.318   403.243   428.944   402.719  1445.625  4185.110  4418.048  4349.729  4214.438     0.000
   365.740   356.721   353.839   423.696   354.919   358.707  1437.033  4409.312  4387.583  4344.890  4262.292     0.000
   396.071   370.749   446.098   388.604   424.216   380.898  1464.378  4379.662  4492.815  4433.688  4382.463     0.000
   375.667   406.345   369.893   424.042   378.020   422.138  1530.198  4388.672  4655.093  4624.756  4360.757     0.000
   418.842   405.780   447.491   414.414   522.049   416.918  1537.923  4477.095  4637.682  4625.208  4492.452     0.000
   371.573   405.746   359.550   411.344   363.893   432.668  1543.911  4739.324  4743.624  4707.013  3295.367     0.000
   410.516   321.018   461.547   396.870   390.206   390.855  1557.927  4653.996  4797.713  4763.608  3310.831     0.000
   340.079   295.658   337.604   396.442   340.558   384.247  1570.449  4681.786  4933.617  4897.113     0.000     0.000
   379.404   432.421   445.380   394.559   457.787   379.440  1617.705  4815.816  4965.872  4861.356     0.000     0.000
   333.926   292.367   333.908   385.826   314.141   432.990  1631.543  5038.473  5049.038  2452.460  2309.841     0.000
   364.335   398.327   418.636   354.606   386.383   368.830  1675.731  5044.286  5102.272  2580.217  2355.929     0.000
   311.102   319.898   318.098   391.669   324.384   356.227  1714.217  5248.219  1487.904  4246.872   667.435     0.000
   368.251   312.427   427.970   367.707   346.935   370.097  1750.031  5287.783  1437.414  4085.450   682.889     0.000
   323.827   311.852   303.981   397.710   319.747   416.595  1828.992  2551.742  3907.306  3368.362     0.000     0.000
   399.905   326.416   435.915   355.972   435.835   332.493  1861.322  2567.711  3705.011  3409.196     0.000     0.000
   330.896   362.520   330.486   404.378   331.652   350.427  1597.387   888.055  3198.574  4205.166  2056.464     0.000
   364.493   304.081   447.109   350.482   359.875   372.729  1616.866  1294.873  2836.781  4011.469  2126.913     0.000
   358.201   289.629   301.244   390.958  4588.271  2304.300  1416.815  3603.040  4245.663     0.000     0.000     0.000
   414.265   388.387   439.484   346.847  5269.395  3254.042  1159.809  3338.784  4049.096     0.000     0.000     0.000
   377.604   400.789   383.764   453.810   378.175   438.361  1400.250  3520.023  3830.419  3946.626  4490.858     0.000
   385.527   414.486   477.174   411.055   475.107   415.636  1413.799  3520.248  3811.169  3903.017  4485.007     0.000
   395.368   420.226   371.498   449.614   390.076   438.590  1407.732  3650.005  3830.315  3949.712  4499.814     0.000
   391.934   418.561   447.895   395.561   474.388   409.744  1402.884  3634.815  3866.749  3978.487  4523.795     0.000
   369.387   387.798   369.053   440.160   370.540   423.940  1421.748  3735.917  3995.805  3992.128  4557.881     0.000
   368.040   394.458   446.678   390.848   438.211   380.545  1419.976  3697.072  3967.241  3964.005  4522.912     0.000
   352.880   371.845   346.058   422.670   347.054   407.102  1400.796  3734.764  3960.893  4092.673  4662.710     0.000
   348.793   371.310   414.828   356.056   423.981   359.399  1402.121  3726.115  3950.387  4122.634  4629.466     0.000
   356.582   369.623   366.106   426.086   361.146   420.750  1485.210  3975.864  4186.282  4290.104  4819.111     0.000
   360.383   382.854   436.066   379.493   431.064   375.071  1480.108  3941.778  4149.826  4251.885  4735.679     0.000
   381.022   393.662   359.969   433.252   367.578   434.452  1521.686  4094.467  4362.186  4436.271  3573.142     0.000
   355.245   381.767   420.828   369.955   410.224   342.874  1484.192  4043.929  4341.933  4421.367  3567.366     0.000
   344.858   353.069   355.235   418.652   346.745   401.278  1561.512  4296.890  4516.289  4589.938     0.000     0.000
   337.643   355.471   422.710   354.689   409.688   350.084  1550.974  4250.058  4477.580  4575.715     0.000     0.000
   346.905   358.831   334.288   407.028   331.492   399.955  1601.596  4432.272  4645.104  2256.865  2348.958     0.000
   336.379   349.734   396.437   323.881   410.355   340.655  1604.978  4450.766  4700.988  2283.418  2316.521     0.000
   351.121   355.814   354.136   429.789   351.826   417.178  1715.271  4727.296  1171.380  4031.108   652.069     0.000
   346.250   349.458   423.773   356.468   411.342   346.427  1695.794  4676.336  1103.680  4182.979   623.656     0.000
   363.666   363.596   341.186   418.441   338.271   415.964  1831.953  2106.803  3619.687  3346.533     0.000     0.000
   359.293   361.986   421.499   334.564   414.531   338.095  1827.529  2091.666  3896.945  3358.719     0.000     0.000
   369.061   386.370   386.844   445.980   368.518   435.489  1621.600  1281.617  2770.161  3961.374  2111.313     0.000
   342.037   362.314   422.850   357.508   418.405   349.228  1591.361   866.127  3196.082  4215.105  2025.900     0.000
   401.318   364.041   333.971   434.835  5272.896  3283.843  1153.299  3298.305  4074.082     0.000     0.000     0.000
   336.087   327.020   429.477   323.409  4539.459  2304.741  1392.664  3636.414  4244.940     0.000     0.000     0.000
   382.567   395.207   394.648   460.497   393.530   457.012  1413.364  4039.728  4320.315  4309.733  4159.521     0.000
   413.731   414.650   484.302   423.965   481.829   416.340  1446.359  4071.136  4324.613  4310.731  4207.688     0.000
   374.816   389.149   375.134   449.891   376.776   444.269  1375.532  4163.711  4208.588  4257.274  4155.212     0.000
   385.210   385.707   446.949   390.245   452.855   382.171  1395.683  4148.985  4302.096  4311.321  4231.006     0.000
   363.618   372.907   376.459   441.488   375.133   431.448  1412.000  4074.965  4340.652  4342.603  4217.464     0.000
   380.433   383.737   449.523   399.903   436.954   379.668  1419.231  4058.589  4339.792  4325.297  4274.856     0.000
   355.157   369.146   358.002   425.017   356.672   425.087  1404.310  4268.670  4324.270  4367.979  4313.325     0.000
   354.270   357.628   419.300   354.837   417.953   349.490  1393.874  4241.279  4394.953  4423.230  4334.994     0.000
   357.272   371.039   372.001   432.983   370.932   432.937  1495.030  4314.766  4615.316  4663.108  4452.634     0.000
   365.379   375.171   441.938   383.091   428.925   370.462  1487.540  4291.734  4590.393  4626.325  4427.063     0.000
   372.957   387.297   369.464   439.939   366.829   438.611  1523.058  4639.095  4725.057  4775.607  3296.923     0.000
   356.216   363.819   423.239   353.965   401.594   333.517  1472.690  4553.510  4714.807  4748.593  3297.757     0.000
   353.957   356.242   363.869   426.146   361.087   424.210  1569.928  4637.007  4927.500  4911.585     0.000     0.000
   364.598   360.761   433.446   371.506   424.847   362.147  1561.007  4616.826  4914.951  4866.908     0.000     0.000
   348.170   355.129   341.519   416.392   336.326   414.612  1614.760  4924.236  5039.412  2565.993  2313.032     0.000
   337.069   337.572   402.144   324.662   414.804   339.637  1619.593  4938.597  5106.765  2631.485  2334.902     0.000
   346.079   359.595   364.080   433.981   357.521   424.395  1738.367  5158.934  1482.814  4158.309   617.447     0.000
   352.065   359.872   432.061   364.384   418.544   350.132  1726.208  5159.653  1421.774  4005.684   649.514     0.000
   350.402   354.994   336.435   420.250   334.680   416.110  1824.529  2493.325  3872.903  3318.994     0.000     0.000
   358.328   359.775   428.256   342.661   424.618   345.443  1831.341  2495.746  3635.263  3351.384     0.000     0.000
   363.670   383.057   388.145   449.864   373.886   440.512  1619.257   866.141  3166.268  4165.810  2013.426     0.000
   350.150   355.895   434.236   362.377   430.693   356.492  1595.741  1254.176  2781.911  3941.291  2065.108     0.000
   392.753   344.471   339.993   436.680  4511.228  2261.614  1377.575  3594.526  4204.087     0.000     0.000     0.000
   344.984   341.903   437.793   335.955  5214.365  3197.023  1097.381  3269.362  3986.429     0.000     0.000     0.000
   383.642   387.602   395.122   453.894   385.310   453.230  1397.337  3508.829  3849.575  3919.337  4607.650     0.000
   403.762   416.013   484.127   405.738   470.883   406.140  1425.933  3506.754  3739.316  3883.004  4602.024     0.000
   378.161   388.151   377.309   445.090   386.170   441.506  1397.089  3623.578  3839.704  3924.398  4557.785     0.000
   399.293   403.012   468.153   394.939   466.976   391.925  1399.336  3602.226  3804.926  3942.637  4576.313     0.000
   365.327   379.653   379.889   434.370   386.758   434.311  1421.229  3722.793  4018.467  3986.335  4635.602     0.000
   385.712   389.701   458.979   392.249   446.346   378.370  1413.105  3689.127  3915.012  3945.577  4592.054     0.000
   358.572   364.707   360.554   425.225   357.462   427.748  1414.799  3733.951  3986.886  4084.488  4661.610     0.000
   364.816   382.640   442.182   363.378   434.508   368.838  1420.032  3707.078  3927.755  4104.584  4623.546     0.000
   373.078   376.649   385.019   439.305   385.208   443.643  1516.520  3958.492  4217.306  4282.123  4832.573     0.000
   383.387   382.234   456.292   386.862   440.934   373.300  1496.810  3927.762  4106.988  4195.132  4786.842     0.000
   390.010   400.570   377.506   441.348   386.299   444.626  1525.851  4097.201  4387.719  4421.032  3648.632     0.000
   390.576   389.530   456.992   378.040   443.152   372.791  1522.347  4056.604  4324.133  4370.841  3652.805     0.000
   351.568   367.048   367.880   424.476   354.941   423.103  1558.268  4275.761  4508.631  4568.131     0.000     0.000
   346.399   388.844   424.955   354.874   412.090   364.804  1562.698  4220.796  4424.711  4507.190     0.000     0.000
   346.346   362.078   337.827   403.636   335.879   400.072  1628.631  4424.342  4660.205  2260.349  2328.529     0.000
   333.493   369.848   401.383   316.101   406.847   349.293  1634.803  4423.249  4647.477  2240.470  2305.473     0.000
   329.801   343.935   344.236   403.699   341.523   398.099  1711.859  4663.336  1173.500  4077.773   692.401     0.000
   336.662   357.294   415.875   345.044   402.008   346.327  1712.014  4655.697  1072.902  4248.459   665.446     0.000
   353.209   355.960   340.689   418.127   332.362   411.023  1790.989  2080.758  3658.489  3360.653     0.000     0.000
   350.726   351.643   415.917   328.112   410.524   324.401  1775.520  2091.934  3972.371  3363.124     0.000     0.000
   374.379   388.047   388.489   443.754   369.724   437.334  1593.641  1296.676  2820.199  3939.639  2097.423     0.000
   348.549   348.694   426.859   353.820   419.997   332.462  1547.869   896.946  3226.578  4156.453  2042.479     0.000
   380.230   326.487   322.682   416.461  5324.626  3264.891  1163.481  3308.188  4026.128     0.000     0.000     0.000
   321.736   342.711   411.289   314.893  4549.193  2269.075  1412.428  3583.152  4161.914     0.000     0.000     0.000
   397.156   409.570   404.222   455.353   390.673   449.427  1398.249  4021.841  4229.922  4264.287  4298.368     0.000
   415.369   432.609   471.678   415.183   474.202   411.691  1412.268  4042.102  4233.920  4247.667  4147.588     0.000
   384.995   394.383   386.234   455.888   383.897   445.554  1399.081  4150.926  4158.481  4219.801  4219.659     0.000
   410.910   431.776   452.081   420.382   457.900   388.655  1387.126  4132.239  4227.432  4249.011  4172.055     0.000
   367.833   377.856   379.067   447.973   373.663   428.920  1434.170  4047.647  4279.823  4329.160  4329.599     0.000
   389.477   406.444   450.032   397.329   437.320   382.446  1411.610  4036.267  4261.987  4294.039  4124.669     0.000
   379.065   379.759   374.452   427.835   362.543   425.472  1401.755  4254.659  4307.353  4329.886  4327.879     0.000
   367.445   386.652   431.073   359.753   419.690   355.501  1395.395  4228.095  4338.849  4321.781  4242.406     0.000
   371.544   392.120   386.180   441.953   379.760   433.820  1489.271  4317.163  4568.494  4585.619  4544.122     0.000
   374.381   401.108   438.789   382.782   436.002   379.095  1462.305  4299.503  4540.733  4513.081  4394.225     0.000
   389.304   400.746   383.672   452.097   383.311   444.736  1537.168  4631.041  4677.570  4724.796  3367.787     0.000
   374.074   398.311   460.997   363.634   424.817   359.609  1506.506  4565.921  4673.231  4674.212  3270.500     0.000
   356.257   363.788   360.029   417.875   354.740   412.637  1561.114  4652.334  4872.902  4815.980     0.000     0.000
   379.187   398.776   436.768   380.075   418.470   359.467  1554.760  4597.990  4826.696  4774.572     0.000     0.000
   353.919   355.640   340.081   411.609   336.267   406.714  1607.455  4920.411  4989.763  2487.592  2306.921     0.000
   328.834   341.494   403.701   305.395   413.592   345.198  1606.077  4931.401  5048.222  2512.955  2316.250     0.000
   356.911   366.826   369.326   417.072   341.529   405.063  1705.684  5160.658  1455.207  4250.990   647.987     0.000
   352.228   368.432   428.295   359.201   412.415   339.474  1700.111  5175.289  1372.092  4069.793   676.847     0.000
   345.907   358.077   331.888   407.834   322.715   401.541  1792.245  2476.715  3888.472  3322.525     0.000     0.000
   357.037   369.802   408.542   334.014   412.037   334.014  1779.725  2509.070  3684.162  3384.482     0.000     0.000
   367.739   370.631   372.024   440.802   366.747   428.558  1586.805   878.593  3210.013  4124.848  2033.860     0.000
   348.452   360.208   424.256   349.705   420.877   349.159  1559.726  1288.344  2819.774  3962.704  2094.131     0.000
   401.154   342.988   329.556   424.532  4530.821  2301.759  1410.009  3584.617  4171.498     0.000     0.000     0.000
   337.889   339.910   443.025   323.548  5203.395  3244.650  1149.127  3269.307  3989.733     0.000     0.000     0.000
   381.803   390.843   387.734   482.901   381.699   467.229  1403.276  3483.892  3761.863  3868.833  4523.727     0.000
   429.418   411.086   530.413   419.114   493.328   418.982  1416.701  3514.570  3792.656  3877.111  4512.705     0.000
   392.326   383.917   388.555   478.966   370.215   455.175  1395.748  3610.468  3773.154  3901.619  4471.729     0.000
   401.656   377.129   510.549   396.719   463.316   424.606  1413.590  3618.380  3848.073  3958.899  4505.391     0.000
   388.713   377.110   396.399   458.653   360.847   450.037  1420.250  3721.532  3953.208  3954.638  4417.305     0.000
   382.570   382.819   478.944   390.802   450.992   381.452  1409.842  3683.750  3936.010  3933.539  4414.359     0.000
   380.990   375.808   377.657   455.784   358.918   442.787  1422.703  3711.823  3932.738  4028.167  4512.752     0.000
   369.765   354.932   450.686   365.153   428.869   361.177  1398.320  3728.472  3943.535  4066.504  4569.573     0.000
   418.130   392.547   426.149   480.532   382.515   459.510  1525.397  3967.719  4152.901  4170.457  4746.633     0.000
   394.219   398.668   481.137   394.823   452.536   386.886  1497.197  3964.452  4159.916  4158.901  4747.275     0.000
   407.259   407.103   395.970   472.747   384.917   467.036  1549.528  4082.081  4339.126  4352.130  3604.675     0.000
   396.025   381.594   474.556   380.340   436.132   373.988  1508.977  4065.569  4381.707  4397.145  3623.754     0.000
   376.329   375.328   379.659   448.394   361.136   449.437  1567.878  4251.541  4467.226  4506.674     0.000     0.000
   380.309   374.164   482.170   379.656   443.254   390.686  1585.099  4242.833  4473.570  4552.428     0.000     0.000
   365.564   360.495   347.901   433.606   335.784   419.177  1637.850  4427.268  4580.621  2215.859  2352.274     0.000
   367.019   340.953   418.815   342.745   423.425   344.608  1628.608  4429.550  4688.365  2269.909  2297.510     0.000
   348.696   367.903   350.968   455.871   367.864   430.986  1772.276  4679.289  1154.488  4078.941   673.241     0.000
   356.002   365.923   454.780   362.372   422.605   353.152  1736.211  4696.717  1052.111  4219.402   645.133     0.000
   377.887   393.332   353.654   450.195   348.766   440.565  1835.321  2089.453  3651.524  3388.488     0.000     0.000
   368.821   383.388   446.534   346.221   446.324   354.310  1828.922  2104.156  3903.647  3337.750     0.000     0.000
   350.941   365.486   367.692   442.082   354.830   438.027  1595.760  1273.173  2766.179  3967.537  2126.354     0.000
   349.725   350.350   432.861   351.638   430.956   344.406  1577.107   861.006  3177.855  4233.856  1974.704     0.000
   415.619   354.691   351.405   453.765  5204.191  3285.082  1145.810  3312.747  3977.649     0.000     0.000     0.000
   328.343   347.839   450.885   335.926  4503.604  2275.491  1371.310  3614.891  4064.507     0.000     0.000     0.000
   391.859   404.794   403.279   478.757   396.778   459.429  1407.417  4030.647  4293.595  4287.126  4154.954     0.000
   425.280   431.504   516.204   430.377   493.116   433.604  1446.745  4055.526  4306.351  4287.748  3964.301     0.000
   380.411   385.671   376.040   460.568   370.036   438.989  1383.130  4150.436  4178.185  4253.045  4128.733     0.000
   388.550   405.246   472.913   404.150   466.024   400.473  1405.909  4145.352  4266.345  4293.887  4041.731     0.000
   373.303   378.114   380.522   456.137   374.411   432.237  1414.281  4051.718  4290.594  4329.646  4146.440     0.000
   389.110   392.371   466.264   403.007   448.137   398.835  1427.024  4052.031  4291.021  4324.691  4058.255     0.000
   373.773   365.456   359.738   440.387   353.262   419.146  1399.081  4244.929  4317.134  4313.358  4248.020     0.000
   360.998   358.143   434.867   363.136   420.119   356.297  1394.157  4234.177  4371.262  4316.782  4160.542     0.000
   383.332   390.547   395.866   462.838   386.910   444.484  1507.758  4358.936  4614.992  4592.366  4463.866     0.000
   394.275   392.927   466.931   399.405   442.221   387.985  1489.896  4335.261  4599.377  4573.073  4369.424     0.000
   403.593   398.761   382.439   464.294   381.927   450.884  1524.248  4656.696  4750.655  4733.500  3325.631     0.000
   376.166   396.558   461.042   385.884   442.559   372.370  1505.443  4580.792  4739.981  4712.164  3300.015     0.000
   365.793   368.817   372.177   443.068   363.151   422.804  1564.629  4668.175  4929.780  4890.542     0.000     0.000
   379.773   378.863   450.082   385.515   428.824   365.429  1555.164  4629.587  4901.370  4817.088     0.000     0.000
   359.108   370.209   350.216   432.454   345.973   416.626  1613.691  4947.498  5043.769  2514.928  2125.978     0.000
   349.991   350.670   415.357   334.583   418.647   348.839  1606.122  4953.012  5105.789  2550.770  1998.207     0.000
   347.678   345.810   353.069   428.095   349.225   413.814  1693.241  5206.307  1467.979  4147.501   573.602     0.000
   344.738   368.910   451.044   375.248   432.633   362.729  1711.263  5195.632  1362.163  3861.960   547.077     0.000
   363.592   379.583   358.097   446.449   357.039   433.258  1805.906  2491.028  3884.531  3127.043     0.000     0.000
   373.708   403.260   467.309   379.593   458.001   373.513  1835.766  2499.700  3698.052  3048.995     0.000     0.000
   357.356   381.480   384.850   455.544   376.458   444.507  1603.356   882.467  3137.212  4196.252  1789.133     0.000
   346.985   364.854   443.349   367.422   433.772   357.024  1586.539  1286.477  2795.523  3990.325  1713.330     0.000
   397.619   347.351   346.158   448.436  4597.224  2323.238  1391.137  3657.316  3988.190     0.000     0.000     0.000
   325.961   353.676   445.668   349.006  5253.473  3260.399  1136.587  3300.769  3748.208     0.000     0.000     0.000
