     0.000     0.000     0.000     0.000     0.000     0.000  4013.219  4574.544  4727.679  1402.267  2575.990  3561.713
     0.000     0.000     0.000     0.000     0.000     0.000  3626.803  4251.217  3788.663   925.904  3052.856  3746.251
     0.000     0.000     0.000   937.341  1036.287  1491.047  3264.867  3706.258  4159.104  5078.257  1026.363  2938.795
     0.000     0.000     0.000  1035.258   951.188  2600.401  2856.770  3226.770  3855.802  4468.302   779.774  3332.515
   299.413   917.921  1259.881  1471.835  1191.604  1473.460  2315.140  2670.598  3061.633  3476.932  3879.263  3922.057
   489.110   643.192  1461.157  1186.918  1277.745  1127.875  4149.201  2350.501  2702.406  2971.008  3459.143  3072.597
   476.508   895.986  1132.396  1268.728  1068.522  1208.019  1992.717  1933.082  2499.020  2830.364  3160.377  4355.235
   906.190   470.083  1284.666  1059.556  1192.312   995.588  3544.394  1519.057  2131.281  2552.648  2739.917  3608.309
   389.482   761.563   982.089  1092.219   944.968  1055.588  1643.385   716.959  1409.247  2792.649  2520.969  3227.274
   712.947   397.619  1121.871   940.584  1057.459   882.845  3111.575  1685.539  1100.448  2240.365  2226.673  2862.931
   345.557   671.805   911.998  1001.689   867.948   971.526  1528.610  2299.130   657.206     0.000  2023.785  2628.342
   637.784   354.962  1032.121   847.382   987.166   835.939  2789.402  3717.204  1527.293     0.000  1653.807  2286.259
   331.367   615.782   867.682   943.010   831.884   910.311  1417.840  2407.712  2231.882   691.465     0.000  2079.287
   581.479   335.653   956.852   816.750   922.215   792.110  2524.858  3039.894  3595.360  1589.801     0.000  1739.401
   295.453   561.711   801.909   888.093   786.782   870.426  1304.872  2205.254  2291.804  2175.488  1021.168  1350.675
   535.435   316.335   911.699   776.292   867.998   761.546  2294.096  2811.668  2985.889  3456.073  1982.163  1057.347
   253.811   544.864   768.139   844.797   754.106   818.193  1092.856  1882.257  1948.589  2038.516  1964.688   420.344
   544.295   308.550   849.364   736.805   833.006   733.766  2279.366  2950.456  3181.533  3497.072  3826.566   900.805
   357.854   380.732   754.838   812.953   730.935   803.635  1293.804  2219.844  2306.355  2508.449  2597.945  2754.848
   421.664   382.997   815.972   728.331   788.978   692.541  1761.997  2852.456  3036.711  3234.213  3466.454   949.333
   321.737   344.788   729.322   766.826   716.381   759.985  1371.427  2341.576  2271.681  2334.387  2492.815  2092.280
   350.172   362.944   795.221   706.585   765.063   698.674  1558.643  2457.925  2428.914  2543.143  2688.497  2507.906
   309.968   331.973   706.032   764.808   704.729   758.258  1233.576  2380.929  2266.570  2157.534  2270.092  1905.798
   331.472   324.634   757.421   688.044   753.610   678.783  1462.725  2528.900  2414.190  2349.385  2504.578  2042.957
   297.484   325.431   687.141   748.451   694.458   740.902  1193.903  2172.555  2313.386  2155.606  2123.928  1749.286
   322.498   333.246   747.104   679.824   727.983   671.127  1364.600  2342.797  2430.955  2237.171  2248.803  1862.274
   305.273   313.462   691.948   730.315   666.832   748.396  1153.584  2017.479  2099.385  2179.118  2099.907  1598.925
   309.581   322.425   746.045   673.912   728.000   659.979  1320.099  2257.389  2333.289  2333.311  2228.837  1745.234
   295.364   313.322   872.420     0.000     0.000     0.000  1098.500  1944.104  2014.261  2088.442  2108.250  1597.170
   319.884   331.925   892.545     0.000     0.000     0.000  1274.606  2177.254  2234.669  2260.426  2287.251  1669.554
   303.251   324.155   855.106     0.000     0.000     0.000  1147.157  1851.102  1906.179  1977.167  1990.951  1598.437
   310.891   321.808   869.375     0.000     0.000     0.000  1233.711  2101.511  2126.567  2161.226  2182.894  1641.307
   276.999   282.570   809.539     0.000     0.000     0.000  1111.843  1691.319  1751.783  1843.000  1840.597  1488.163
   280.857   295.136   821.007     0.000     0.000     0.000  1178.204  2016.084  2056.693  2055.071  2063.554  1592.068
   269.600   287.848   800.409     0.000     0.000     0.000  1089.980  1692.076  1623.027  1726.001  1733.568  1374.400
   275.834   280.142   796.062     0.000     0.000     0.000  1162.101  1993.763  1981.956  1999.848  1991.393  1553.263
   259.999   278.865   771.239     0.000     0.000     0.000  1094.481  1666.636  1649.991  1618.569  1654.043  1320.606
   269.415   285.968   797.183     0.000     0.000     0.000  1127.969  1942.660  1946.292  1952.277  1950.179  1500.241
   256.043   267.082   775.391     0.000     0.000     0.000  1073.237  1643.190  1624.355  1642.146  1565.550  1241.807
   266.056   275.548   784.139     0.000     0.000     0.000  1114.996  1849.737  1851.325  1912.199  1899.651  1449.991
   312.575   321.253   930.326  1308.507     0.000     0.000     0.000  2325.922  2396.386  2539.582  2554.021  2113.630
   311.902   323.108   918.501  1309.848     0.000     0.000     0.000  2250.432  2267.273  2459.200  2481.241  2007.027
   281.404   302.408   824.682  1196.116     0.000     0.000     0.000  2070.445  2094.399  2282.681  2324.275  1858.277
     0.000     0.000     0.000     0.000     0.000     0.000     0.000  1777.874  1789.505  1912.359  1929.900  1509.292
     0.000     0.000     0.000     0.000     0.000     0.000     0.000     0.000     0.000  1766.223  1760.153  1372.250
   483.484  1363.736   450.525  1339.161   683.467  1072.402   647.895  1186.866   478.967   828.534   408.179   774.157
     0.000     0.000     0.000     0.000     0.000     0.000     0.000     0.000     0.000     0.000     0.000     0.000
   923.488  1117.937   852.799  1183.151   573.507   772.485   535.535   609.380   613.604   539.682     0.000     0.000
     0.000     0.000     0.000     0.000     0.000     0.000  3662.330  4256.711  3789.056   947.405  3057.344  3806.880
     0.000     0.000     0.000     0.000     0.000     0.000  4003.994  4614.762  4724.587  1367.770  2567.393  3545.773
     0.000     0.000     0.000   955.249  1054.261  2631.721  2872.011  3252.856  3792.582  4464.565   807.868  3345.535
     0.000     0.000     0.000  1056.208   970.847  1511.149  3231.010  3690.698  5019.087  5195.715  1043.953  2924.576
   485.910   635.851  1193.439  1427.375  1125.629  1328.005  4205.531  2375.642  2753.708  3017.185  3511.946  3768.951
   298.379   911.641  1383.769  1265.260  1289.786  1157.490  2289.848  2655.425  3056.668  4395.745  3823.828  3951.106
   919.444   472.003  1082.685  1275.778  1018.952  1203.529  3650.132  1564.570  2143.142  2542.021  2807.448  3805.390
   467.296   883.782  1235.246  1101.300  1162.978  1046.159  1960.111  1922.579  2491.898  2816.142  3149.599  4361.966
   707.922   381.629   937.395  1103.437   932.861  1053.344  3096.410  2427.423  1118.417  2231.716  2263.996  2980.866
   397.393   757.411  1080.397   981.549  1043.816   929.832  1701.850  2344.269  1405.681  2770.212  2518.979  3238.207
   626.545   337.952   950.103   956.048   837.526   953.944  2791.522  3834.491  2078.607     0.000  1654.851  2359.200
   352.497   671.305  1038.842   879.299   993.422   868.298  1539.917  3698.399  2004.377     0.000  2054.828  2699.785
   573.921   322.884   812.445   942.615   796.517   910.148  2525.720  3327.619  3718.244  2372.195     0.000  1807.305
   328.415   611.856   949.553   859.502   920.301   837.766  1403.532  3060.174  3531.460  2245.724     0.000  2165.993
   525.377   296.670   761.715   886.398   759.731   863.052  2291.042  3080.918  3265.020  3560.045  2723.332  1070.793
   303.081   561.026   883.560   800.644   859.123   770.228  1309.027  2802.780  3034.505  3349.739  2595.424  1369.558
   523.972   300.411   739.453   849.323   737.679   823.353  2286.000  2946.944  3067.697  3285.310  3447.944   887.516
   255.818   546.018   836.035   761.222   820.712   749.989  1090.915  2483.923  2744.304  2927.066  3223.728   860.989
   413.050   370.845   715.905   803.037   715.731   785.093  1761.239  2241.349  2298.725  2382.538  2468.549  2177.799
   352.244   377.744   808.945   753.220   783.751   710.320  1286.086  2256.795  2431.423  2685.631  2825.676  2399.615
   358.215   364.234   723.489   795.603   714.002   778.636  1577.995  2328.530  2243.832  2291.980  2368.453  1888.693
   336.540   354.233   802.027   746.974   782.944   705.206  1289.458  2402.912  2354.610  2451.653  2704.298  2267.500
   367.954   361.557   718.503   783.090   709.920   774.568  1481.626  2379.683  2247.748  2174.774  2214.440  1752.273
   350.978   339.219   786.727   707.708   761.006   698.695  1237.746  2425.562  2348.247  2229.338  2395.674  2028.693
   315.275   319.057   681.014   734.970   666.834   725.519  1364.969  2153.078  2276.579  2131.775  2089.845  1677.370
   298.002   310.789   743.433   695.187   731.313   688.253  1184.521  2220.726  2354.852  2147.904  2151.537  1803.363
   293.355   307.159   669.489   720.182   649.042   715.716  1309.351  2048.075  2149.432  2220.357  2094.513  1567.378
   295.594   302.663   730.677   678.403   733.165   648.489  1158.907  2079.645  2216.011  2263.693  2113.534  1640.210
   288.584   290.386   850.365     0.000     0.000     0.000  1181.487  1923.886  2017.391  2059.918  2084.980  1515.794
   277.732   296.839   853.522     0.000     0.000     0.000  1133.954  1969.001  2069.811  2132.944  2154.052  1553.924
   275.090   292.068   816.159     0.000     0.000     0.000  1196.888  1855.396  1896.489  1922.813  1946.447  1503.148
   275.013   281.705   814.842     0.000     0.000     0.000  1125.072  1892.073  1969.329  2014.294  2023.112  1550.545
   282.563   291.874   824.607     0.000     0.000     0.000  1184.773  1835.757  1833.392  1871.156  1849.359  1470.484
   263.724   278.355   807.784     0.000     0.000     0.000  1109.819  1833.932  1882.115  1924.993  1912.071  1493.856
   276.163   288.754   803.677     0.000     0.000     0.000  1153.274  1782.444  1782.938  1777.572  1760.812  1376.457
   262.787   269.227   800.717     0.000     0.000     0.000  1095.166  1777.313  1806.580  1839.126  1811.381  1415.771
   284.189   285.816   793.045     0.000     0.000     0.000  1258.278  1735.567  1770.068  1744.663  1722.277  1331.962
   289.103   298.355   805.873     0.000     0.000     0.000  1103.584  1777.990  1801.869  1823.526  1780.339  1376.252
   269.088   284.741   794.556     0.000     0.000     0.000  1121.931  1672.983  1632.256  1693.863  1664.723  1260.167
   275.599   278.641   781.843     0.000     0.000     0.000  1098.786  1754.137  1758.952  1779.485  1719.241  1321.863
   324.155   328.042   922.781  1313.227     0.000     0.000     0.000  2306.118  2345.896  2557.042  2568.828  2088.463
   308.230   318.356   899.959  1290.330     0.000     0.000     0.000  2185.407  2227.781  2412.833  2426.277  1950.455
   281.972   290.127   812.086  1173.520     0.000     0.000     0.000  2088.696  2110.396  2292.112  2300.240  1811.722
     0.000     0.000     0.000     0.000     0.000     0.000     0.000  1705.591  1741.480  1975.452  2019.273  1507.711
     0.000     0.000     0.000     0.000     0.000     0.000     0.000     0.000     0.000  1648.739  1635.932  1288.482
   453.966  1335.109   627.638  1346.797   512.496  1183.695   670.929  1076.707   395.383   781.266   496.794   836.906
     0.000     0.000     0.000     0.000     0.000     0.000     0.000     0.000     0.000     0.000     0.000     0.000
   888.944  1170.800   907.872  1115.792   536.094   600.510   599.725   785.703   537.769   615.170     0.000     0.000
     0.000     0.000     0.000     0.000     0.000     0.000  4002.806  4615.233  4747.476  1375.536  2566.781  3578.603
     0.000     0.000     0.000     0.000     0.000     0.000  3602.550  4269.885  3755.017   912.618  3071.033  3789.512
     0.000     0.000     0.000   960.705  1052.902  1515.618  3234.549  3708.082  4157.728  5130.483  1057.760  2961.945
     0.000     0.000     0.000  1038.175   935.289  2598.032  2845.050  3240.539  3859.194  4471.999   806.621  3367.491
   280.908   890.959  1247.993  1362.109  1152.190  1287.413  2285.977  2668.038  3076.995  3486.284  3842.735  4019.180
   477.474   621.792  1411.079  1170.294  1302.605  1098.481  4141.851  2349.522  2713.720  2967.276  3426.006  3751.449
   469.130   873.651  1112.519  1222.647  1058.315  1180.292  1981.109  1947.401  2519.775  2826.252  3145.308  4399.637
   892.623   448.556  1251.302  1038.031  1164.994   980.599  3567.917  1529.378  2122.021  2532.609  2756.217  3784.358
   376.303   736.770   977.941  1074.308   925.038  1038.680  1714.152  1835.810  1417.299  2789.247  2539.198  3301.801
   700.781   379.785  1104.791   930.576  1037.824   906.426  3111.371  2293.948  1093.600  2240.038  2243.330  2963.489
   331.522   648.545   878.565  1015.988   844.586   974.365  1519.187  3782.978  1645.896     0.000  2032.248  2712.535
   629.524   342.798   966.180   931.208   949.919   826.368  2770.713  3675.981  2104.924     0.000  1635.460  2366.692
   311.856   597.063   850.967   945.632   816.324   914.063  1391.866  3284.191  3669.695  1713.484     0.000  2170.231
   572.872   317.183   927.763   801.259   900.978   780.857  2494.543  3213.188  3605.629  2330.132     0.000  1806.164
   292.893   550.644   798.140   883.968   771.119   870.200  1293.823  2894.275  3177.273  3396.735  2032.444  1357.071
   519.964   295.672   883.032   751.948   855.419   747.053  2279.073  2990.021  3170.052  3366.153  2672.614  1069.826
   241.964   533.416   762.736   834.158   737.608   809.842  1092.080  2535.421  2739.251  2884.150  3041.899   614.170
   512.972   286.716   836.952   726.346   815.028   722.251  2252.748  2682.369  2804.233  2972.640  3134.635   811.839
   320.656   369.600   735.741   794.918   714.216   786.497  1304.427  2266.514  2347.220  2479.153  2608.049  1773.946
   401.587   350.673   795.642   713.168   762.089   680.924  1715.816  2293.937  2403.063  2540.790  2698.481  2203.054
   340.322   355.902   741.891   793.330   717.779   786.571  1304.422  2341.372  2294.248  2344.042  2475.634  2074.513
   352.395   353.585   796.163   719.900   764.540   700.344  1546.269  2366.850  2365.448  2399.435  2552.968  2084.826
   346.139   347.459   709.796   783.671   717.702   773.785  1255.709  2432.436  2266.978  2156.189  2256.921  1872.272
   345.327   334.329   769.951   696.450   746.060   681.279  1451.933  2367.128  2326.172  2223.335  2338.079  1906.524
   290.767   308.655   688.953   739.074   682.088   734.903  1186.480  2184.999  2341.620  2112.512  2062.556  1708.182
   311.434   309.322   732.824   674.850   714.688   670.269  1357.200  2202.903  2317.736  2155.425  2141.180  1748.196
   286.063   295.951   673.941   720.420   645.637   731.758  1161.391  2043.900  2152.275  2217.389  2052.300  1581.396
   298.845   312.581   728.468   661.125   708.075   647.780  1297.491  2075.826  2162.983  2184.815  2105.268  1621.872
   272.467   294.210   851.617     0.000     0.000     0.000  1144.976  1944.197  2038.710  2089.706  2120.036  1524.980
   281.361   291.875   847.832     0.000     0.000     0.000  1234.391  1975.815  2056.241  2061.037  2063.697  1541.842
   259.215   274.073   810.250     0.000     0.000     0.000  1113.667  1845.861  1905.028  1944.626  1968.117  1510.084
   274.026   277.717   818.340     0.000     0.000     0.000  1202.227  1914.581  1970.536  1976.037  1983.322  1527.158
   274.762   283.725   815.110     0.000     0.000     0.000  1115.258  1817.444  1836.339  1859.273  1864.109  1467.727
   286.667   274.565   806.827     0.000     0.000     0.000  1179.022  1842.823  1878.195  1880.358  1879.539  1462.102
   267.159   277.503   799.206     0.000     0.000     0.000  1099.934  1765.666  1768.924  1780.230  1774.852  1388.926
   276.779   280.077   788.661     0.000     0.000     0.000  1140.376  1785.725  1799.499  1790.380  1780.283  1377.473
   270.574   286.718   784.463     0.000     0.000     0.000  1203.359  1732.065  1751.930  1649.568  1723.860  1337.293
   275.251   292.123   800.477     0.000     0.000     0.000  1145.558  1788.794  1790.853  1766.619  1748.903  1342.668
   266.001   279.893   780.869     0.000     0.000     0.000  1089.642  1713.974  1673.266  1682.629  1654.888  1260.235
   272.563   290.983   770.899     0.000     0.000     0.000  1125.335  1700.767  1684.729  1719.103  1696.303  1286.030
   312.832   322.317   922.598  1307.005     0.000     0.000     0.000  2286.014  2319.555  2441.351  2518.410  2063.647
   311.357   310.388   902.499  1279.482     0.000     0.000     0.000  2177.629  2208.760  2338.237  2402.782  1940.320
   280.039   283.516   802.372  1169.716     0.000     0.000     0.000  2084.394  2097.089  2213.178  2287.153  1805.684
     0.000     0.000     0.000     0.000     0.000     0.000     0.000  1705.744  1731.049  1905.116  1947.193  1476.599
     0.000     0.000     0.000     0.000     0.000     0.000     0.000     0.000     0.000  1660.934  1636.974  1283.720
   475.163  1348.776   442.339  1327.107   674.932  1075.706   636.135  1194.191   482.019   819.478   408.938   761.497
     0.000     0.000     0.000     0.000     0.000     0.000     0.000     0.000     0.000     0.000     0.000     0.000
   925.959  1092.872   856.213  1164.965   582.116   759.253   532.656   603.409   604.283   525.873     0.000     0.000
     0.000     0.000     0.000     0.000     0.000     0.000  3679.113  4264.717  3850.791   978.812  3095.515  3836.970
     0.000     0.000     0.000     0.000     0.000     0.000  4012.291  4570.244  4706.770  1368.225  2552.085  3551.313
     0.000     0.000     0.000   969.820  1065.746  2643.936  2919.047  3287.207  3905.494  4534.380   816.981  3405.285
     0.000     0.000     0.000  1047.590   933.142  1500.075  3261.755  3661.302  4207.896  5193.083  1053.197  2970.351
   462.080   623.165  1147.707  1400.743  1092.022  1242.668  4072.821  2317.602  2687.420  2953.803  3411.479  3646.694
   271.303   872.082  1422.354  1204.097  1420.834  1131.317  2245.471  2611.406  2986.919  3412.596  3773.751  3880.996
   877.828   432.409  1022.651  1229.007   977.344  1166.873  3487.616  1493.936  2078.449  2512.968  2752.923  3625.986
   434.935   837.940  1225.447  1065.299  1139.733  1006.172  1930.900  1881.403  2429.447  2781.853  3121.516  4337.778
   713.959   380.629   927.425  1110.843   888.083  1051.387  3106.949  2489.084  1082.640  2235.870  2256.138  2908.914
   384.813   743.425  1077.792   956.665  1024.335   917.832  1673.594  1392.901  1370.867  2720.580  2484.293  3227.732
   626.221   340.556   853.850  1003.840   822.130   969.264  2755.157  3750.656  2109.901     0.000  1700.877  2265.760
   342.715   663.088   989.713   888.619   960.053   867.921  1528.001  3070.487  1285.214     0.000  2055.227  2745.622
   579.880   326.393   819.551   950.825   791.157   916.057  2496.690  3227.992  3596.787  2354.551     0.000  1813.391
   317.145   596.077   926.243   844.870   901.891   813.482  1396.165  2775.094  3036.007  1392.617     0.000  2121.819
   534.772   312.145   769.760   893.438   753.407   868.682  2274.079  2983.722  3145.949  3348.293  2715.518  1047.850
   289.826   554.277   869.146   796.262   840.958   775.093  1284.939  2515.744  2733.738  2979.362  1612.826  1360.232
   525.639   297.733   736.540   841.117   721.819   813.422  2330.612  2631.939  2826.033  3012.346  3146.754   866.435
   254.860   538.284   833.712   763.754   817.618   747.028  1085.837  2350.976  2530.129  2727.808  2756.787   564.883
   413.171   372.743   718.948   806.253   707.465   793.210  1764.066  2326.363  2376.961  2589.980  2673.914  2244.381
   324.002   374.632   794.852   744.179   790.375   709.835  1274.350  2217.204  2323.495  2497.588  2545.625  1731.781
   361.107   371.291   717.701   806.648   712.621   791.545  1593.828  2410.427  2384.999  2433.935  2556.105  2162.076
   340.263   363.589   791.484   742.712   774.102   716.822  1282.009  2287.697  2248.514  2343.001  2363.386  1969.475
   353.697   367.764   712.540   790.769   707.727   781.082  1497.935  2418.237  2351.306  2260.752  2334.304  1964.943
   334.043   344.823   777.010   716.109   751.008   696.615  1237.228  2370.421  2244.295  2142.235  2188.591  1794.483
   305.360   316.662   674.922   736.675   672.389   735.420  1377.078  2200.521  2299.889  2191.934  2158.511  1772.863
   297.210   309.610   734.884   685.955   721.359   681.669  1179.514  2166.584  2283.944  2079.025  2018.803  1650.066
   299.331   304.718   661.088   734.555   647.247   723.437  1314.267  2068.258  2157.319  2211.782  2107.052  1634.734
   282.237   306.070   716.784   671.989   721.344   642.156  1153.073  2019.977  2139.981  2195.364  2032.992  1539.275
   291.058   297.673   855.635     0.000     0.000     0.000  1270.087  1992.730  2082.275  2106.377  2094.395  1594.159
   284.522   292.275   844.446     0.000     0.000     0.000  1133.601  1921.164  2014.694  2069.933  2085.840  1482.368
   282.684   284.208   824.185     0.000     0.000     0.000  1210.967  1898.100  1955.542  1989.471  1976.663  1537.475
   273.356   285.098   811.534     0.000     0.000     0.000  1126.130  1852.015  1930.749  1959.793  1971.785  1510.359
   270.834   277.486   815.671     0.000     0.000     0.000  1182.166  1835.741  1857.628  1869.540  1855.884  1447.320
   258.277   269.019   787.230     0.000     0.000     0.000  1092.487  1727.313  1806.284  1832.189  1824.744  1430.619
   261.802   270.692   792.468     0.000     0.000     0.000  1148.191  1772.723  1783.212  1789.280  1768.765  1372.715
   256.991   268.268   779.980     0.000     0.000     0.000  1078.515  1711.067  1706.041  1742.362  1732.613  1351.525
   271.421   284.923   793.353     0.000     0.000     0.000  1256.929  1758.275  1781.133  1776.142  1743.653  1345.526
   278.411   284.694   786.412     0.000     0.000     0.000  1097.605  1738.691  1747.494  1710.164  1713.777  1331.049
   266.542   281.224   780.322     0.000     0.000     0.000  1129.387  1693.289  1651.740  1726.514  1689.236  1273.536
   257.854   268.977   772.410     0.000     0.000     0.000  1090.811  1710.514  1710.711  1693.966  1633.233  1267.266
   317.540   341.747   936.846  1331.085     0.000     0.000     0.000  2278.092  2336.974  2474.081  2558.229  2034.296
   310.373   333.891   919.891  1309.889     0.000     0.000     0.000  2182.699  2225.732  2363.893  2416.130  1947.526
   292.829   301.897   822.710  1193.780     0.000     0.000     0.000  2097.234  2109.954  2246.232  2290.936  1809.029
     0.000     0.000     0.000     0.000     0.000     0.000     0.000  1758.048  1770.528  1964.651  1964.593  1490.317
     0.000     0.000     0.000     0.000     0.000     0.000     0.000     0.000     0.000  1726.617  1703.686  1327.208
   497.852  1312.840   562.586  1359.558   633.160  1179.135   691.787  1073.870   410.432   741.432   443.752   794.544
     0.000     0.000     0.000     0.000     0.000     0.000     0.000     0.000     0.000     0.000     0.000     0.000
   868.804  1152.810   903.943  1080.648   546.282   575.735   572.714   742.673   522.753   603.166     0.000     0.000
     0.000     0.000     0.000     0.000     0.000     0.000  3991.963  4558.415  4717.990  1392.085  2556.680  3533.689
     0.000     0.000     0.000     0.000     0.000     0.000  3616.719  4209.506  3772.496   933.523  3015.607  3739.420
     0.000     0.000     0.000   937.053  1041.970  1501.856  3241.757  3642.894  4146.580  5145.744  1075.649  2932.464
     0.000     0.000     0.000  1040.885   956.549  2603.392  2857.644  3232.519  3842.653  4469.099   809.052  3316.201
   335.448   948.825  1269.608  1486.718  1200.595  1483.761  2316.158  2667.891  3059.253  3487.760  3847.285  3977.607
   490.818   645.068  1469.788  1208.270  1276.287  1142.131  4217.526  2373.881  2693.447  2966.852  3426.195  3672.899
   489.799   899.669  1146.303  1285.170  1074.027  1223.169  2025.560  1954.654  2466.112  2825.414  3151.767  4435.222
   915.956   469.887  1286.141  1064.816  1190.538  1005.396  3571.298  1532.597  2130.375  2545.042  2769.028  3760.124
   407.394   772.841   988.165  1095.362   944.987  1060.530  1708.644  1428.339  1395.018  2735.098  2513.343  3284.613
   712.986   382.126  1127.832   952.839  1061.177   896.745  3128.434  2516.167  1094.800  2223.207  2245.328  2955.443
   359.507   682.709   914.604  1015.228   876.994   979.262  1542.437  3075.994  1300.196     0.000  2037.141  2719.543
   635.953   361.518  1021.381   855.585   979.405   838.054  2802.377  3813.953  2156.216     0.000  1651.458  2365.856
   330.285   625.225   869.717   947.967   836.744   914.398  1424.668  2812.189  3073.219  1417.284     0.000  2156.492
   576.949   331.339   958.264   821.307   927.454   801.384  2523.179  3215.041  3593.344  2343.870     0.000  1787.688
   311.762   578.276   800.992   885.958   778.809   872.462  1317.927  2543.072  2741.407  3027.038  1621.392  1355.043
   529.927   309.188   906.841   775.155   860.872   758.558  2298.648  2976.306  3195.844  3393.297  2697.306  1092.634
   259.174   543.924   777.741   845.742   755.048   825.121  1095.399  2369.490  2524.027  2750.852  2765.535   596.369
   526.941   307.530   841.242   737.284   837.338   739.352  2278.480  2657.779  2854.764  2997.659  3155.713   877.117
   350.060   389.019   754.092   804.828   731.896   804.128  1302.111  2258.823  2339.658  2498.970  2562.139  1763.794
   410.830   378.165   827.497   729.524   781.085   695.820  1752.275  2300.604  2414.923  2564.125  2662.326  2257.792
   344.087   369.425   756.444   795.613   742.157   787.377  1316.343  2320.156  2271.330  2381.079  2398.556  2024.026
   359.937   372.611   801.488   727.773   778.523   710.585  1571.114  2381.821  2360.302  2387.942  2536.559  2116.557
   335.977   352.797   736.346   792.826   732.320   789.054  1281.463  2437.196  2277.942  2182.173  2225.284  1839.161
   353.030   360.099   790.389   712.481   757.021   689.846  1483.417  2381.276  2350.180  2225.592  2331.769  1927.850
   290.183   307.250   684.989   740.036   690.643   734.417  1197.129  2157.237  2290.668  2103.351  2042.963  1681.784
   310.494   323.633   744.377   678.427   723.737   674.221  1382.443  2196.424  2294.295  2168.239  2142.357  1749.436
   289.383   307.065   681.162   720.214   655.872   734.972  1165.786  2018.945  2135.726  2199.714  2032.021  1555.773
   301.174   320.748   734.378   666.697   738.150   654.842  1315.462  2080.906  2170.821  2188.929  2117.084  1622.998
   269.167   290.547   852.468     0.000     0.000     0.000  1148.887  1932.454  2029.589  2070.877  2102.792  1511.943
   286.617   298.272   861.629     0.000     0.000     0.000  1270.162  1975.682  2061.892  2062.471  2073.513  1554.474
   267.183   281.977   817.951     0.000     0.000     0.000  1133.930  1830.310  1902.307  1929.646  1951.754  1493.145
   281.780   291.468   824.175     0.000     0.000     0.000  1216.327  1896.763  1960.301  1969.315  1970.523  1528.337
   275.531   291.045   814.179     0.000     0.000     0.000  1123.977  1768.584  1829.343  1860.705  1864.014  1476.453
   270.676   281.127   811.399     0.000     0.000     0.000  1193.066  1832.235  1882.484  1880.569  1885.366  1465.655
   269.236   282.807   801.493     0.000     0.000     0.000  1109.318  1760.051  1743.357  1767.369  1764.669  1386.554
   275.438   291.882   805.667     0.000     0.000     0.000  1159.590  1789.475  1810.527  1814.309  1804.033  1413.102
   269.906   281.770   785.935     0.000     0.000     0.000  1216.288  1725.776  1754.204  1701.941  1713.675  1339.307
   281.548   293.500   810.807     0.000     0.000     0.000  1152.862  1777.395  1789.765  1772.879  1755.070  1349.531
   268.526   281.300   791.985     0.000     0.000     0.000  1095.634  1702.696  1673.440  1692.851  1623.893  1265.079
   267.851   283.262   781.219     0.000     0.000     0.000  1152.271  1718.157  1708.765  1747.512  1724.579  1312.464
   309.007   325.081   927.132  1329.783     0.000     0.000     0.000  2260.162  2333.266  2431.738  2523.696  2010.892
   305.286   322.148   904.463  1303.922     0.000     0.000     0.000  2159.401  2196.796  2334.939  2394.208  1924.350
   269.359   286.359   815.117  1177.149     0.000     0.000     0.000  2079.440  2088.202  2226.179  2281.166  1811.128
     0.000     0.000     0.000     0.000     0.000     0.000     0.000  1736.864  1750.738  1931.424  1934.146  1468.860
     0.000     0.000     0.000     0.000     0.000     0.000     0.000     0.000     0.000  1688.524  1670.453  1312.358
   489.519  1372.925   447.781  1359.585   676.426  1115.040   646.955  1201.486   474.609   833.933   408.824   798.962
     0.000     0.000     0.000     0.000     0.000     0.000     0.000     0.000     0.000     0.000     0.000     0.000
   931.528  1117.149   869.364  1173.588   584.890   777.135   525.023   607.229   637.482   560.495     0.000     0.000
     0.000     0.000     0.000     0.000     0.000     0.000  3633.002  4240.587  3803.958   937.405  3049.730  3773.476
     0.000     0.000     0.000     0.000     0.000     0.000  3982.779  4595.259  4712.299  1374.614  2508.204  3500.813
     0.000     0.000     0.000   954.337  1060.488  2638.678  2830.582  3238.128  3833.305  4426.119   795.603  3329.717
     0.000     0.000     0.000  1059.515   971.411  1519.689  3205.691  3690.896  4160.282  5163.538  1045.690  2917.582
   490.719   630.467  1198.779  1439.179  1127.554  1339.253  4227.949  2346.843  2734.624  3006.313  3453.225  3761.592
   309.339   941.142  1389.079  1276.908  1284.151  1159.581  2288.496  2598.576  3019.789  3443.349  3782.004  3917.005
   926.168   479.667  1083.641  1276.531  1019.211  1211.858  3617.500  1544.720  2115.631  2548.025  2755.535  3711.241
   471.910   879.686  1225.443  1102.288  1151.830  1040.037  1963.105  1899.151  2475.455  2809.630  3119.244  4324.790
   694.999   381.503   923.277  1096.629   915.142  1046.666  3118.123  2282.453  1091.954  2252.829  2234.343  2896.661
   384.717   744.548  1062.144   972.745  1039.538   921.513  1711.104  1806.814  1402.169  2770.669  2518.624  3220.405
   610.262   334.522   940.328   948.734   828.960   951.400  2772.537  3653.642  2094.042     0.000  1613.761  2314.697
   356.440   682.310  1035.389   881.525   978.780   859.218  1537.250  3784.540  1637.062     0.000  2024.755  2696.604
   580.876   329.917   810.152   944.237   791.423   915.070  2523.172  3247.761  3639.415  2338.531     0.000  1777.276
   327.398   616.416   940.364   854.113   912.416   816.574  1403.876  3255.301  3639.734  1703.335     0.000  2111.207
   532.041   315.908   763.470   892.883   748.860   869.480  2295.334  2955.671  3171.956  3381.641  2656.169  1047.328
   298.028   560.910   870.049   786.026   858.278   773.754  1306.194  2917.759  3244.291  3447.933  2029.135  1344.504
   516.731   295.190   737.843   844.993   729.634   820.775  2279.469  2704.996  2831.001  2985.267  3150.226   830.136
   239.093   534.967   831.150   756.356   818.021   745.120  1099.491  2534.809  2761.169  2881.825  3046.430   604.300
   412.072   370.962   720.511   799.550   698.037   780.890  1759.511  2332.749  2421.851  2572.939  2718.104  2217.011
   319.113   376.771   806.175   745.080   769.194   701.488  1285.082  2228.022  2334.856  2452.881  2589.351  1765.787
   358.503   362.840   726.721   794.328   710.548   782.049  1592.821  2405.890  2392.248  2436.069  2589.344  2139.742
   333.438   359.635   791.988   740.197   779.837   699.608  1283.591  2324.127  2275.501  2304.545  2449.500  2015.298
   342.061   347.860   714.132   787.952   714.279   780.146  1501.307  2431.334  2338.587  2260.890  2375.260  1929.302
   329.909   350.397   786.085   703.869   757.553   696.264  1234.905  2403.023  2271.530  2139.659  2257.055  1837.444
   296.443   306.069   676.464   732.213   673.536   732.778  1381.030  2199.721  2328.637  2178.723  2165.563  1763.528
   288.165   309.431   739.055   691.157   725.479   680.914  1176.867  2178.380  2322.817  2085.705  2051.150  1671.337
   297.632   302.547   663.300   721.755   650.462   716.000  1306.822  2079.958  2151.524  2188.663  2101.708  1641.019
   283.159   304.748   719.537   672.599   729.052   643.051  1156.531  2036.155  2156.638  2199.211  2058.097  1571.108
   281.107   284.125   843.886     0.000     0.000     0.000  1268.095  1996.284  2071.182  2079.963  2082.000  1577.801
   266.233   286.222   846.115     0.000     0.000     0.000  1134.495  1934.703  2018.143  2058.695  2097.498  1495.922
   271.980   280.422   815.568     0.000     0.000     0.000  1210.757  1892.678  1935.164  1956.651  1968.938  1525.808
   263.866   280.248   812.641     0.000     0.000     0.000  1121.892  1855.510  1913.337  1934.322  1967.525  1505.228
   274.917   286.788   818.571     0.000     0.000     0.000  1196.010  1875.781  1886.068  1893.313  1895.812  1469.189
   253.469   269.779   800.605     0.000     0.000     0.000  1111.490  1797.460  1838.872  1844.212  1866.996  1455.492
   270.267   277.493   807.084     0.000     0.000     0.000  1164.806  1806.965  1801.512  1798.716  1797.456  1408.059
   266.021   280.846   797.117     0.000     0.000     0.000  1094.379  1764.348  1778.342  1775.286  1785.569  1373.675
   264.842   275.623   675.950     0.000     0.000     0.000  1266.928  1758.492  1778.443  1760.036  1745.099  1359.275
   269.500   281.549   791.430     0.000     0.000     0.000  1100.073  1749.888  1758.645  1751.316  1732.164  1333.021
   266.854   279.753   776.847     0.000     0.000     0.000  1137.483  1704.039  1652.206  1708.495  1685.962  1276.981
   256.315   272.145   767.805     0.000     0.000     0.000  1100.669  1736.667  1713.806  1693.840  1678.180  1291.748
   306.564   323.693   913.757  1316.892     0.000     0.000     0.000  2274.768  2309.438  2422.045  2515.161  2083.872
   289.585   307.694   895.455  1287.729     0.000     0.000     0.000  2176.478  2204.437  2340.008  2407.486  1943.366
   270.053   280.371   808.877  1186.920     0.000     0.000     0.000  2108.101  2116.903  2228.937  2307.536  1827.605
     0.000     0.000     0.000     0.000     0.000     0.000     0.000  1697.852  1735.108  1898.316  1951.264  1484.787
     0.000     0.000     0.000     0.000     0.000     0.000     0.000     0.000     0.000  1647.030  1628.637  1274.757
   498.771  1319.086   557.902  1351.803   626.920  1181.699   694.207  1088.324   417.870   776.006   452.269   831.169
     0.000     0.000     0.000     0.000     0.000     0.000     0.000     0.000     0.000     0.000     0.000     0.000
   868.917  1171.003   898.674  1095.379   550.443   594.943   587.253   764.940   550.026   620.487     0.000     0.000
     0.000     0.000     0.000     0.000     0.000     0.000  3974.909  4621.014  4741.182  1387.929  2546.477  3511.275
     0.000     0.000     0.000     0.000     0.000     0.000  3577.607  4201.768  3742.990   925.010  3058.152  3670.397
     0.000     0.000     0.000   960.254  1043.981  1550.550  3175.487  3667.445  4153.894  5095.176  1071.620  2909.293
     0.000     0.000     0.000  1032.692   927.626  2615.093  2806.892  3214.127  3866.037  4434.269   789.977  3259.897
   298.939   924.391  1343.814  1375.906  1171.916  1306.363  2403.016  2628.679  3041.342  3469.908  3838.445  3995.444
   508.274   648.320  1429.986  1196.536  1320.902  1113.095  4162.638  2329.445  2702.472  2969.303  3385.841  3640.957
   491.658   906.145  1127.622  1230.075  1070.848  1197.868  2006.028  1918.308  2482.621  2822.627  3140.026  4362.378
   922.776   472.565  1260.054  1040.517  1175.648  1003.153  3569.026  1538.585  2132.103  2529.601  2749.360  3644.840
   372.029   750.188   969.352  1069.381   914.874  1035.372  1711.025  2348.996  1410.677  2756.799  2520.835  3256.682
   705.355   373.188  1099.601   921.185  1024.031   908.060  3112.291  2373.434  1092.206  2250.555  2224.217  2868.462
   314.617   646.654   864.527  1013.774   838.613   974.980  1519.332  3609.247  1966.242     0.000  2019.371  2699.671
   623.417   332.613   959.057   921.353   945.926   830.031  2771.163  3789.331  2066.867     0.000  1639.882  2297.734
   330.656   621.638   859.564   959.458   824.108   923.181  1408.180  3055.329  3545.414  2243.875     0.000  2127.689
   590.078   331.592   937.254   814.938   901.962   780.173  2492.254  3303.178  3706.881  2343.385     0.000  1759.522
   299.384   564.381   804.709   895.637   778.644   886.186  1309.448  2790.302  3025.921  3335.212  2597.250  1331.373
   517.914   290.789   875.510   757.948   864.791   766.807  2293.342  3127.636  3302.366  3576.805  2722.100  1058.497
   248.878   537.533   770.202   847.075   739.077   819.533  1106.601  2513.405  2738.760  2985.943  3214.077   883.001
   515.529   289.356   849.577   747.945   810.579   723.019  2276.129  2920.784  3054.273  3284.196  3454.856   884.551
   341.826   391.601   750.609   807.484   722.294   803.002  1319.136  2314.388  2455.718  2714.687  2875.067  2430.515
   413.460   366.507   805.859   724.149   775.405   694.594  1740.232  2190.874  2264.956  2341.515  2466.093  2176.263
   357.080   365.446   759.117   806.624   732.383   797.219  1318.703  2436.594  2377.324  2486.305  2744.059  2318.727
   360.281   366.215   795.887   731.583   773.982   715.029  1568.635  2292.310  2210.646  2246.125  2326.052  1839.419
   354.482   355.130   722.620   791.699   732.987   795.664  1269.672  2491.341  2343.306  2272.509  2436.035  2063.290
   347.202   355.987   786.555   715.203   753.002   691.136  1465.408  2334.844  2232.938  2134.351  2204.923  1728.982
   287.585   301.261   681.909   746.130   687.132   733.040  1185.444  2239.766  2360.225  2182.781  2188.531  1827.924
   309.063   313.384   739.759   678.490   714.012   674.007  1368.173  2152.621  2254.697  2095.411  2072.990  1625.307
   298.700   305.978   679.010   747.167   653.797   743.391  1166.869  2110.152  2209.490  2254.106  2134.352  1662.255
   318.878   311.642   731.489   680.308   745.683   655.810  1306.855  2028.769  2116.083  2187.324  2084.652  1540.549
   290.472   280.475   841.772     0.000     0.000     0.000  1142.348  1971.710  2085.411  2136.010  2165.123  1578.606
   289.520   291.078   852.698     0.000     0.000     0.000  1243.050  1915.472  2011.827  2045.753  2092.550  1504.808
   284.828   283.432   816.993     0.000     0.000     0.000  1121.107  1880.962  1948.845  2016.594  2016.742  1556.133
   281.839   287.671   814.474     0.000     0.000     0.000  1213.613  1844.499  1908.381  1922.008  1950.260  1501.925
   274.703   286.793   824.059     0.000     0.000     0.000  1119.972  1873.313  1871.566  1923.642  1911.844  1503.447
   268.135   271.057   801.796     0.000     0.000     0.000  1180.894  1832.980  1859.023  1844.759  1863.433  1477.989
   285.732   275.588   809.342     0.000     0.000     0.000  1104.427  1809.135  1811.529  1840.775  1843.642  1435.302
   276.456   283.577   799.788     0.000     0.000     0.000  1157.777  1775.612  1773.026  1770.931  1782.031  1374.313
   279.870   274.990   790.499     0.000     0.000     0.000  1211.818  1746.826  1791.374  1817.674  1797.256  1386.411
   295.457   288.973   807.093     0.000     0.000     0.000  1148.035  1757.760  1768.261  1735.238  1736.763  1337.579
   285.912   278.112   793.497     0.000     0.000     0.000  1096.879  1740.982  1704.358  1743.933  1693.154  1296.679
   287.816   270.117   777.747     0.000     0.000     0.000  1136.797  1685.449  1678.900  1715.098  1695.181  1299.863
   303.552   317.810   925.372  1305.645     0.000     0.000     0.000  2270.688  2331.311  2526.396  2554.326  2086.892
   300.513   319.644   900.055  1298.853     0.000     0.000     0.000  2192.635  2198.550  2405.035  2438.952  1943.150
   286.925   281.776   811.172  1175.018     0.000     0.000     0.000  2111.686  2102.841  2320.545  2325.448  1819.556
     0.000     0.000     0.000     0.000     0.000     0.000     0.000  1721.368  1755.133  1966.279  2019.788  1528.436
     0.000     0.000     0.000     0.000     0.000     0.000     0.000     0.000     0.000  1651.458  1643.862  1313.248
   481.221  1342.068   454.107  1301.786   711.454  1070.921   664.307  1172.546   501.499   827.145   420.157   765.136
     0.000     0.000     0.000     0.000     0.000     0.000     0.000     0.000     0.000     0.000     0.000     0.000
   926.573  1076.357   875.402  1132.969   593.830   760.998   531.485   601.382   604.087   537.260     0.000     0.000
     0.000     0.000     0.000     0.000     0.000     0.000  3639.223  4271.732  3876.665   940.515  3088.174  3670.863
     0.000     0.000     0.000     0.000     0.000     0.000  3976.380  4622.838  4747.777  1373.523  2536.144  3448.023
     0.000     0.000     0.000   946.653  1035.278  2602.044  2852.992  3257.487  3891.486  4483.041   806.722  3266.037
     0.000     0.000     0.000  1020.164   923.158  1486.073  3199.429  3686.801  4225.776  5155.056  1043.045  2878.221
   494.665   638.572  1197.738  1443.088  1129.408  1296.427  4175.060  2368.421  2766.824  3047.466  3515.932  3709.420
   312.461   932.411  1476.087  1260.726  1459.981  1178.036  2280.290  2629.403  3069.822  3509.416  3859.791  3885.939
   945.956   480.567  1086.906  1283.446  1021.892  1218.218  3592.573  1586.879  2164.588  2593.428  2807.542  3710.371
   473.304   880.442  1269.372  1108.417  1173.236  1034.376  1974.172  1910.265  2520.610  2842.292  3194.451  4315.064
   709.806   374.691   931.954  1119.046   892.186  1044.947  3109.458  1660.694  1104.730  2258.761  2271.641  2907.309
   385.164   752.840  1087.747   966.430  1028.551   928.157  1697.051   698.631  1430.201  2799.564  2553.352  3216.603
   617.920   329.027   854.395  1000.614   821.656   970.656  2751.569  3648.352  1500.421     0.000  1650.756  2334.722
   346.764   696.003  1001.861   894.089   955.469   876.995  1527.452  2216.423   638.503     0.000  2070.948  2675.153
   599.346   338.058   818.377   957.440   803.190   930.816  2511.891  3051.030  3602.584  1604.243     0.000  1788.068
   342.447   626.376   946.609   865.103   908.311   821.818  1401.245  2333.247  2164.955   666.903     0.000  2103.387
   537.310   312.202   790.930   900.006   759.654   873.088  2294.064  2801.904  2974.151  3436.304  1975.662  1053.195
   302.338   566.472   868.108   797.446   861.405   795.985  1307.548  2122.951  2249.125  2110.526  1007.148  1344.182
   534.792   296.869   741.096   844.502   745.620   829.706  2263.688  2986.715  3181.074  3485.887  3861.320   911.652
   246.740   539.365   839.342   769.680   816.751   748.005  1098.839  1824.967  1893.698  1988.894  1904.194   415.736
   419.129   373.686   733.203   808.647   715.810   787.896  1774.612  2898.041  3048.495  3270.637  3488.351   970.581
   325.139   384.486   805.163   758.853   769.970   713.765  1286.037  2131.370  2228.495  2406.962  2499.784  2714.250
   369.177   373.570   727.257   807.367   714.793   798.036  1592.532  2509.072  2467.721  2590.350  2723.342  2564.998
   345.567   370.985   799.595   756.592   786.101   723.074  1289.964  2333.794  2241.469  2309.468  2438.472  2042.926
   355.653   366.442   720.814   805.309   724.768   796.912  1510.811  2597.988  2443.092  2377.135  2548.138  2097.235
   342.967   345.470   779.167   733.172   760.116   707.190  1249.604  2350.109  2269.594  2134.548  2257.414  1876.479
   306.213   310.487   675.995   731.577   677.544   744.142  1385.778  2378.726  2449.301  2270.110  2295.550  1903.987
   294.483   313.651   743.839   699.186   722.449   692.755  1208.319  2119.986  2243.816  2085.923  2065.383  1693.447
   304.564   306.887   663.001   728.976   646.607   724.550  1321.047  2246.751  2293.250  2324.383  2220.004  1757.249
   294.461   315.708   723.837   675.132   713.146   648.295  1159.066  1983.546  2063.956  2124.397  2041.187  1564.761
   297.163   295.392   856.865     0.000     0.000     0.000  1293.390  2175.580  2214.601  2253.835  2273.096  1677.335
   277.981   310.937   842.054     0.000     0.000     0.000  1131.958  1853.885  1925.722  1974.891  2013.166  1509.299
   281.595   286.391   829.397     0.000     0.000     0.000  1216.922  2069.677  2086.459  2133.823  2140.701  1629.980
   263.896   283.769   833.299     0.000     0.000     0.000  1130.083  1767.933  1823.824  1884.802  1898.406  1519.002
   286.898   296.685   827.976     0.000     0.000     0.000  1201.900  2053.287  2052.028  2079.789  2078.865  1631.620
   263.445   280.192   802.225     0.000     0.000     0.000  1118.950  1661.831  1735.666  1792.356  1804.111  1449.876
   282.802   293.847   818.893     0.000     0.000     0.000  1177.604  2005.649  1988.678  2018.308  2018.308  1571.188
   278.993   290.733   793.346     0.000     0.000     0.000  1106.553  1678.605  1622.360  1701.420  1712.303  1368.356
   288.207   292.871   803.249     0.000     0.000     0.000  1271.730  1950.697  1966.407  1985.126  1970.256  1540.662
   281.347   311.475   797.339     0.000     0.000     0.000  1101.934  1693.955  1662.565  1620.181  1662.367  1326.381
   289.925   294.612   799.000     0.000     0.000     0.000  1159.454  1879.288  1828.751  1931.705  1897.464  1463.498
   277.772   284.135   781.036     0.000     0.000     0.000  1107.974  1689.422  1661.007  1646.782  1580.026  1265.114
   316.224   332.977   927.271  1325.191     0.000     0.000     0.000  2323.437  2360.638  2501.405  2526.613  2094.546
   306.898   323.095   903.683  1315.049     0.000     0.000     0.000  2203.997  1965.864  2388.938  2412.537  1988.978
   277.268   286.396   817.572  1195.479     0.000     0.000     0.000  2038.079  2057.548  2246.983  2287.149  1836.019
     0.000     0.000     0.000     0.000     0.000     0.000     0.000  1785.855  1786.503  1879.216  1905.669  1501.624
     0.000     0.000     0.000     0.000     0.000     0.000     0.000     0.000     0.000  1760.107  1743.189  1382.761
   495.706  1319.527   572.604  1328.973   638.909  1183.249   683.887  1065.773   407.317   756.691   433.669   817.358
     0.000     0.000     0.000     0.000     0.000     0.000     0.000     0.000     0.000     0.000     0.000     0.000
   863.773  1147.762   883.405  1095.019   527.844   590.900   562.997   750.887   526.809   615.014     0.000     0.000
