     0.000     0.000     0.000     0.000     0.000     0.000  3941.909  4572.417  4743.546  1383.377  2517.248  3584.309
     0.000     0.000     0.000     0.000     0.000     0.000  3596.283  4221.281  3760.221   925.243  3006.640  3772.821
     0.000     0.000     0.000   925.230  1036.376  1499.423  3191.137  3649.110  4112.048  5081.624  1047.092  2938.098
     0.000     0.000     0.000  1019.689   957.284  2603.746  2844.187  3230.865  3814.130  4447.194   804.571  3372.569
   314.942   889.125  1237.167  1442.721  1151.628  1454.650  2255.471  2581.303  2984.682  3374.107  3754.877  3910.234
   458.949   613.043  1394.426  1148.838  1252.353  1085.060  4114.412  2296.166  2685.646  2894.544  3378.145  3688.416
   442.462   859.018  1100.683  1240.043  1018.564  1158.527  1967.777  1866.791  2434.833  2734.960  3108.998  4388.223
   859.350   451.296  1241.269  1029.632  1153.966   978.744  3513.344  1493.411  2085.260  2459.387  2712.143  3690.848
   397.049   751.382   980.881  1105.920   954.270  1043.238  1619.313   702.905  1402.191  2754.889  2508.774  3321.467
   712.530   379.795  1118.145   937.596  1034.780   894.062  3105.687  1667.327  1102.998  2210.739  2228.766  2923.694
   356.552   666.331   924.160   997.512   883.961   976.114  1537.505  2305.500   656.330     0.000  2013.714  2716.981
   643.526   361.535  1013.023   852.508   986.038   834.190  2774.330  3664.427  1506.943     0.000  1638.305  2348.854
   376.800   649.327   896.620   969.048   872.764   959.937  1469.901  2431.310  2274.179   719.588     0.000  2207.214
   629.174   366.863   993.706   859.307   942.648   821.611  2544.694  3060.018  3636.557  1605.478     0.000  1832.823
   364.108   618.876   868.283   921.710   832.008   909.727  1369.749  2221.469  2323.011  2214.370  1042.655  1404.313
   577.888   343.098   934.464   790.574   896.635   776.860  2325.872  2824.921  3019.098  3482.800  2007.149  1106.876
   239.002   535.733   751.113   847.071   759.535   810.543  1096.879  1859.578  1934.543  2053.187  1945.192   412.142
   543.496   302.235   850.072   742.517   824.131   743.152  2265.137  2961.594  3149.274  3469.917  3841.070   874.336
   320.255   358.063   732.430   786.978   705.919   776.339  1268.640  2176.866  2280.260  2483.653  2534.511  2751.463
   416.934   391.167   797.834   705.495   781.166   687.402  1737.711  2822.997  3013.442  3208.856  3451.196   929.098
   344.226   349.910   744.497   783.505   728.723   773.161  1298.748  2363.606  2302.260  2395.268  2501.516  2088.561
   368.080   371.168   802.759   726.957   804.372   728.697  1612.693  2511.416  2488.930  2594.803  2720.841  2562.116
   325.924   374.696   717.963   758.654   708.971   762.040  1247.284  2391.827  2297.064  2173.020  2289.524  1896.996
   347.763   375.155   781.005   607.218   750.866   692.141  1470.198  2549.798  2421.833  2333.611  2485.284  2062.641
   317.102   338.558   700.870   756.652   719.274   746.025  1200.955  2190.463  2311.145  2132.444  2119.044  1725.299
   321.724   323.333   751.038   679.680   733.179   680.249  1390.599  2370.731  2465.802  2236.364  2284.274  1887.144
   316.055   317.183   711.040   775.418   683.782   759.725  1190.578  2048.127  2118.466  2191.158  2141.666  1612.726
   320.858   338.819   756.377   693.542   756.828   658.448  1322.799  2250.235  2326.420  2317.719  2229.219  1742.782
   314.917   320.822   871.519     0.000     0.000     0.000  1084.192  1951.960  2034.461  2092.771  2113.060  1598.904
   331.682   330.017   900.852     0.000     0.000     0.000  1278.743  2192.654  2241.598  2259.460  2297.001  1685.741
   300.042   330.893   860.833     0.000     0.000     0.000  1167.970  1849.871  1858.077  1968.598  1968.481  1569.761
   325.620   329.350   868.120     0.000     0.000     0.000  1243.998  2103.546  2148.707  2158.691  2175.012  1668.875
   290.570   290.177   814.181     0.000     0.000     0.000  1119.012  1706.111   146.197  1824.242  1851.282  1474.000
   301.902   292.273   825.797     0.000     0.000     0.000  1183.294  2020.022  2050.384  2041.467  2061.943  1602.115
   282.487   291.029   810.470     0.000     0.000     0.000  1104.905  1709.578  1611.690  1709.589  1727.859  1376.832
   275.946   287.583   806.957     0.000     0.000     0.000  1172.045  1981.089  1994.266  1975.347  1998.854  1550.032
   281.530   297.716   788.472     0.000     0.000     0.000  1200.318  1671.474  1685.685  1644.989  1668.120  1338.980
   289.343   302.680   822.491     0.000     0.000     0.000  1162.491  1956.695  1979.302  1954.002  1970.989  1511.023
   272.756   280.507   795.660     0.000     0.000     0.000  1093.943  1678.982  1632.857  1638.016  1561.680  1233.834
   275.178   301.729   789.172     0.000     0.000     0.000  1143.528  1866.943  1884.990  1929.378  1929.135  1477.207
   317.643   327.488   935.422  1311.986     0.000     0.000     0.000  2250.615  2417.876  2550.896  2584.729  2122.061
   310.205   333.877   910.698  1305.516     0.000     0.000     0.000  2212.401  2260.717  2423.738  2455.134  1984.765
   277.983   291.381   818.781  1176.075     0.000     0.000     0.000  2054.444  2075.839  2256.117  2302.043  1852.332
     0.000     0.000     0.000     0.000     0.000     0.000     0.000  1777.492  1797.249  1862.100  1909.985  1484.615
     0.000     0.000     0.000     0.000     0.000     0.000     0.000     0.000     0.000  1743.533  1735.966  1369.512
   473.250  1347.471   442.743  1336.166   678.656  1054.360   642.754  1179.486   480.560   816.445   406.061   762.772
     0.000     0.000     0.000     0.000     0.000     0.000     0.000     0.000     0.000     0.000     0.000     0.000
   907.015  1082.037   853.983  1177.794   576.190   748.637   518.792   588.431   614.250   530.995     0.000     0.000
     0.000     0.000     0.000     0.000     0.000     0.000  3637.611  4265.639  3828.874   961.011  3010.331  3778.007
     0.000     0.000     0.000     0.000     0.000     0.000  3978.627  4654.871  4749.066  1381.846  2463.510  3547.032
     0.000     0.000     0.000   960.375  1064.249  2642.828  2874.389  3257.416  3851.355  4437.099   793.318  3352.644
     0.000     0.000     0.000  1061.519   961.310  1525.053  3235.457  3701.785  4213.379  5180.992  1038.840  2940.354
   496.936   643.589  1209.833  1445.720  1135.917  1343.907  4220.601  2380.449  2747.236  3020.982  3481.698  3740.104
   323.691   929.194  1406.663  1283.043  1304.132  1165.050  2298.750  2652.837  3066.072  3473.511  3815.094  3928.472
   933.659   506.651  1097.833  1285.778  1036.951  1228.714  3640.710  1552.703  2149.072  2554.908  2789.040  3747.744
   485.677   888.047  1243.312  1114.597  1177.172  1051.868  1988.730  1924.002  2523.205  2824.040  3147.934  4426.500
   722.694   405.997   937.900  1100.249   933.386  1052.532  3035.891  2386.144  1101.823  2250.574  2252.275  2891.523
   398.968   755.877  1083.827   985.362  1030.831   922.355  1714.502  2323.226  1414.085  2766.261  2513.645  3193.659
   643.797   345.162   955.641   957.271   844.533   963.437  2786.051  3798.161  2051.682     0.000  1637.377  2298.021
   380.312   704.262  1030.634   874.073   989.705   869.805  1536.951  3677.596  1995.054     0.000  2036.459  2691.200
   596.019   337.685   820.896   936.461   799.657   920.192  2520.808  3333.438  3726.122  2356.997     0.000  1800.056
   354.928   618.227   969.418   863.390   926.249   821.665  1423.904  3044.879  3578.354  2223.135     0.000  2156.586
   550.991   318.360   764.251   895.019   778.073   868.769  2294.093  3089.880  3293.688  3556.757  2717.925  1069.512
   327.771   569.641   888.921   815.563   870.555   792.476  1317.841  2810.579  3060.772  3323.527  2591.709  1411.942
   545.280   313.731   769.889   861.684   751.758   831.516  2292.712  2927.769  3107.756  3276.708  3457.824   887.458
   273.553   554.988   865.603   817.267   829.534   756.144  1118.986  2495.562  2768.197  2968.326  3246.492   865.457
   428.202   381.174   740.498   816.469   739.026   925.288  1767.910  2226.850  2280.238  2359.197  2483.112  2184.365
   341.981   389.375   818.019   759.135   788.501   731.692  1315.554  2268.624  2456.739  2716.295  2883.786  2441.518
   354.938   355.975   718.229   783.951   705.502   772.948  1644.998  2267.306  2207.016  2254.605  2316.123  1849.671
   344.050   357.179   808.250   752.538   796.342   726.704  1308.587  2408.186  2358.719  2441.499  2703.086  2300.174
   346.255   355.032   707.422   784.007   711.952   770.054  1478.271  2325.440  2190.321  2123.548  2187.066  1711.184
   324.860   337.942   780.325   710.070   771.574   714.671  1243.453  2430.198  2355.367  2224.150  2410.283  2061.275
   325.836   329.928   704.574   762.787   695.359   764.447  1393.477  2155.673  2311.733  2163.475  2088.294  1648.035
   323.141   331.777   773.716   726.468   754.646   713.888  1203.576  2243.405  2383.475  2148.951  2172.108  1830.256
   323.224   335.206   697.319   752.463   676.766   745.864  1352.429  2043.216  2147.335  2169.267  2075.487  1550.714
   309.310   342.665   762.699   699.772   743.167   676.818  1193.487  2094.236  2237.809  2264.350  2140.206  1668.067
   331.862   340.447   892.811     0.000     0.000     0.000  1216.019  1965.337  2063.995  2110.325  2149.389  1550.965
   336.715   349.499   896.684     0.000     0.000     0.000  1201.381  2014.570  2128.075  2167.994  2197.020  1597.150
   335.882   332.090   872.563     0.000     0.000     0.000  1265.973  1900.470  1961.530  1991.218  1990.508  1546.788
   308.348   318.585   871.514     0.000     0.000     0.000  1161.261  1920.252  2006.698  2030.186  2063.771  1567.639
   296.865   303.590   826.324     0.000     0.000     0.000  1207.837  1827.677  1848.962  1851.393  1856.311  1473.706
   280.295   293.976   826.789     0.000     0.000     0.000  1128.188  1821.870  1892.166  1923.626  1903.161  1496.856
   287.617   298.731   819.534     0.000     0.000     0.000  1183.632  1775.403  1770.661  1767.290  1767.672  1366.393
   278.902   289.282   796.730     0.000     0.000     0.000  1135.870  1800.644  1837.800  1859.584  1840.959  1438.299
   282.422   296.266   799.646     0.000     0.000     0.000  1163.817  1715.437  1767.112  1745.172  1715.664  1334.945
   301.209   328.336   798.679     0.000     0.000     0.000  1115.072  1768.120  1782.622  1796.267  1767.595  1373.760
   309.958   292.567   785.299     0.000     0.000     0.000  1138.003  1658.223  1639.296  1692.573  1677.147  1271.360
   288.272   312.517   792.718     0.000     0.000     0.000  1106.333  1734.024  1747.240  1745.642  1707.181  1306.578
   332.740   340.288   937.844  1338.285     0.000     0.000     0.000  2225.883  2328.550  2504.682  2536.481  2066.368
   311.251   322.745   906.041  1295.760     0.000     0.000     0.000  2177.171  2218.737  2398.841  2425.753  1947.653
   287.777   295.716   825.785  1200.765     0.000     0.000     0.000  2092.117  2118.189  2281.675  2298.074  1811.040
     0.000     0.000     0.000     0.000     0.000     0.000     0.000  1682.052  1725.838  1934.285  1996.561  1489.622
     0.000     0.000     0.000     0.000     0.000     0.000     0.000     0.000     0.000  1645.216  1642.223  1268.507
   488.385  1329.990   554.820  1366.969   626.713  1182.367   679.213  1064.835   409.203   762.432   446.355   818.226
     0.000     0.000     0.000     0.000     0.000     0.000     0.000     0.000     0.000     0.000     0.000     0.000
   866.253  1175.901   899.485  1106.656   541.405   581.492   568.599   767.597   534.808   626.318     0.000     0.000
     0.000     0.000     0.000     0.000     0.000     0.000  4032.282  4689.378  4805.780  1397.385  2541.995  3562.220
     0.000     0.000     0.000     0.000     0.000     0.000  3663.908  4265.682  3814.064   927.300  3023.388  3762.658
     0.000     0.000     0.000   967.032  1069.319  1544.424  3262.500  3734.243  4195.866  5133.636  1046.024  2952.725
     0.000     0.000     0.000  1047.438   949.335  2647.269  2873.897  3263.654  3894.625  4451.708   810.904  3319.634
   359.315   969.280  1303.000  1398.554  1205.210  1332.444  2320.865  2676.107  3113.632  3511.285  3845.236  3943.509
   518.255   660.936  1458.418  1225.029  1348.831  1137.509  4222.072  2370.507  2751.573  2991.229  3432.750  3653.052
   506.197   919.729  1162.930  1254.953  1101.631  1230.167  2038.427  1976.076  2540.214  2832.390  3166.785  4457.535
   931.370   493.929  1294.930  1074.162  1207.640  1035.895  3608.786  1550.778  2172.452  2547.898  2779.578  3740.802
   422.353   782.773  1000.239  1094.214   944.630  1066.310  1638.705  1837.648  1442.948  2778.477  2526.753  3223.773
   740.940   402.109  1124.504   944.241  1046.695   922.110  3142.716  2288.565  1123.142  2250.191  2224.897  2897.129
   366.133   680.183   906.124  1044.905   871.778  1005.376  1551.639  3804.540  1644.892     0.000  2021.244  2657.808
   683.935   363.474   985.159   931.158   977.733   855.036  2815.248  3666.014  2122.219     0.000  1648.978  2307.570
   353.233   623.320   881.325   971.559   835.446   937.610  1420.855  3283.384  3672.009  1708.855     0.000  2159.135
   606.362   339.874   971.188   840.000   927.958   802.384  2527.311  3242.001  3627.158  2369.143     0.000  1766.075
   345.747   592.551   818.210   905.534   790.578   903.344  1307.214  2879.463  3214.906  3421.030  2022.296  1404.287
   557.313   317.677   904.731   788.927   876.808   787.958  2298.604  2974.908  3193.859  3358.375  2676.169  1065.255
   280.273   570.543   792.709   874.809   759.728   830.355  1124.291  2560.278  2775.342  2914.428  3069.861   632.166
   563.453   325.618   890.791   794.967   834.490   741.213  2295.458  2713.530  2861.301  2998.692  3165.363   836.458
   356.590   400.794   774.291   825.185   746.081   968.882  1311.084  2272.369  2376.442  2495.237  2632.189  1787.119
   458.064   365.288   838.099   727.405   799.899   723.739  1765.491  2310.970  2454.134  2585.960  2747.006  2251.067
   324.879   374.033   754.969   795.295   728.152   789.811  1381.304  2299.118  2352.206  2326.211  2451.155  2057.230
   377.401   386.986   815.714   731.379   799.159   733.973  1572.105  2368.078  2378.608  2391.940  2552.702  2126.324
   341.174   353.552   710.862   786.755   732.674   778.272  1252.350  2390.984  2311.942  2122.935  2227.057  1834.210
   339.192   332.295   783.774   713.044   786.103   710.263  1477.262  2378.072  2331.111  2213.952  2346.230  1943.668
   327.992   347.094   727.569   781.755   728.420   775.339  1207.972  2208.979  2376.239  2121.651  2082.034  1697.103
   361.724   345.340   770.395   710.822   737.630   691.706  1379.775  2218.339  2340.768  2160.962  2166.292  1767.664
   324.251   336.536   725.116   814.879   690.103   783.192  1193.549  2091.660  2180.574  2220.296  2057.103  1573.658
   333.896   331.703   762.556   717.151   744.017   691.506  1326.072  2113.417  2211.619  2205.920  2135.566  1648.246
   321.422   358.026   890.983     0.000     0.000     0.000  1071.679  1975.917  2095.790  2137.867  2153.547  1571.679
   348.079   358.198   908.618     0.000     0.000     0.000  1283.453  2025.678  2107.894  2114.646  2115.455  1603.104
   353.278   352.862   885.199     0.000     0.000     0.000  1185.221  1914.592  2004.051  2008.998  2027.225  1569.315
   343.492   340.584   888.185     0.000     0.000     0.000  1248.141  1927.458  2010.178  2004.410  2008.114  1564.202
   300.886   311.891   721.059     0.000     0.000     0.000  1141.993  1849.552  1897.798  1864.146  1888.238  1483.434
   302.879   320.559   837.495     0.000     0.000     0.000  1201.438  1861.189  1904.395  1899.346  1892.324  1479.103
   289.663   306.999   831.225     0.000     0.000     0.000  1127.817  1774.297  1779.429  1782.279  1778.609  1408.742
   286.558   313.956   830.236     0.000     0.000     0.000  1180.297  1824.651  1851.415  1815.680  1830.996  1417.138
   279.920   289.335   802.714     0.000     0.000     0.000  1091.979  1725.171  1779.594  1750.128  1731.634  1341.042
   298.424   297.624   826.877     0.000     0.000     0.000  1152.774  1769.030  1791.705  1749.538  1746.183  1371.704
   275.454   302.739   804.416     0.000     0.000     0.000  1080.016  1693.143  1687.536  1702.073  1645.578  1280.120
   296.024   278.595   803.324     0.000     0.000     0.000  1121.089  1695.311  1678.858  1716.445  1695.804  1311.614
   337.059   331.896   952.397  1328.919     0.000     0.000     0.000  2203.935  2327.111  2411.544  2491.882  2065.054
   325.794   326.138   919.692  1277.344     0.000     0.000     0.000  2186.401  2229.152  2347.723  2400.619  1944.057
   302.810   311.745   825.089  1179.288     0.000     0.000     0.000  2096.836  2137.207  2221.106  2300.069  1820.037
     0.000     0.000     0.000     0.000     0.000     0.000     0.000  1696.205  1731.395  1884.626  1937.313  1479.168
     0.000     0.000     0.000     0.000     0.000     0.000     0.000     0.000     0.000  1663.168  1627.020  1259.851
   494.245  1358.996   454.341  1342.884   677.779  1096.313   653.350  1217.352   492.941   839.016   414.648   768.473
     0.000     0.000     0.000     0.000     0.000     0.000     0.000     0.000     0.000     0.000     0.000     0.000
   931.555  1109.865   867.173  1185.126   570.474   768.323   521.161   610.583   628.421   539.982     0.000     0.000
     0.000     0.000     0.000     0.000     0.000     0.000  3632.693  4268.470  3839.127   950.922  3044.786  3745.949
     0.000     0.000     0.000     0.000     0.000     0.000  4019.563  4570.700  4724.349  1377.091  2511.240  3539.825
     0.000     0.000     0.000   973.474  1052.763  2638.013  2882.548  3254.104  3873.977  4516.695   819.854  3309.554
     0.000     0.000     0.000  1030.862   930.637  1515.425  3254.512  3667.449  4202.014  5287.150  1053.395  2918.975
   554.547   696.140  1232.837  1472.817  1158.219  1320.696  4224.512  2378.029  2771.637  3022.371  3494.915  3734.556
   335.665   935.350  1497.626  1286.126  1483.594  1184.104  2316.937  2664.149  3041.009  3475.637  3807.478  3912.478
   949.417   498.690  1101.984  1307.257  1051.216  1244.453  3623.349  1581.284  2155.822  2575.621  2788.413  3740.202
   497.250   898.519  1289.148  1122.208  1188.964  1046.278  1997.395  1934.523  2487.589  2833.441  3144.531  4392.958
   740.011   410.981   943.782  1120.736   917.029  1062.691  3043.229  2506.886  1110.577  2251.133  2259.323  2908.074
   410.241   762.289  1104.535   983.946  1051.071   937.918  1709.662  1395.154  1402.641  2760.330  2499.527  3234.857
   658.461   352.882   876.328  1022.421   839.786   986.471  2801.734  3746.099  2128.595     0.000  1638.189  2322.417
   370.963   695.049  1016.038   896.719   978.652   901.453  1567.014  3083.279  1300.324     0.000  2059.010  2726.723
   601.901   343.234   833.767   967.341   815.918   940.151  2517.094  3207.311  3641.809  2379.978     0.000  1821.978
   341.960   625.692   960.578   870.904   923.601   833.854  1425.712  2795.609  3050.125  1399.094     0.000  2157.150
   574.860   343.151   784.373   897.945   775.890   890.009  2300.414  2961.483  3151.384  3354.812  2709.332  1069.949
   319.873   584.828   889.403   823.648   873.944   807.487  1323.276  2530.732  2755.008  3015.655  1624.450  1404.962
   553.680   321.779   762.414   862.245   759.278   854.742  2283.629  2659.424  2842.609  3002.658  3143.711   867.226
   279.984   572.266   866.581   820.709   842.445   762.829  1111.614  2354.069  2536.262  2764.439  2780.557   611.525
   452.954   409.677   764.101   838.804   755.090   967.157  1779.466  2349.971  2429.284  2594.794  2704.632  2259.929
   358.073   392.638   827.508   783.900   802.572   750.961  1308.337  2268.803  2340.558  2506.139  2611.718  1803.917
   391.712   378.159   711.605   795.145   711.539   788.109  1626.468  2358.716  2380.173  2382.047  2527.106  2139.316
   344.273   361.818   812.404   754.859   791.119   747.574  1297.273  2293.467  2270.456  2367.461  2420.626  1998.795
   353.761   358.650   715.584   799.234   707.882   772.180  1485.328  2361.073  2298.003  2201.397  2282.059  1910.669
   329.772   344.903   762.608   730.736   795.867   724.721  1281.352  2363.356  2253.719  2140.549  2230.196  1841.673
   326.657   352.001   712.911   809.459   708.925   772.601  1412.509  2233.542  2345.314  2201.881  2157.321  1765.524
   331.743   344.427   776.835   734.383   772.034   718.810  1199.222  2200.723  2337.267  2093.503  2032.263  1678.528
   344.549   341.963   702.424   766.276   689.282   761.093  1365.377  2109.619  2181.070  2184.840  2118.799  1619.357
   324.964   359.772   756.953   709.944   748.942   690.798  1185.072  2042.844  2168.581  2203.975  2063.701  1574.795
   350.937   357.665   912.746     0.000     0.000     0.000  1216.103  2039.524  2136.844  2140.917  2137.769  1623.167
   332.521   347.601   902.228     0.000     0.000     0.000  1182.054  1967.388  2079.150  2114.230  2136.875  1550.583
   353.803   339.295   897.253     0.000     0.000     0.000  1298.316  1968.720  2011.638  2065.207  2014.522  1561.167
   319.493   326.353   748.118     0.000     0.000     0.000  1177.487  1875.373  1973.599  1981.826  1992.106  1534.984
   328.240   311.550   848.834     0.000     0.000     0.000  1206.279  1843.265  1900.355  1905.800  1894.047  1488.298
   298.188   309.684   832.721     0.000     0.000     0.000  1125.099  1758.812  1843.286  1847.327  1871.367  1458.705
   293.541   303.074   843.504     0.000     0.000     0.000  1183.542  1813.405  1823.451  1812.777  1774.164  1388.917
   303.268   317.568   817.605     0.000     0.000     0.000  1135.486  1765.477  1775.248  1792.478  1796.585  1399.924
   289.300   307.138   812.869     0.000     0.000     0.000  1160.001  1746.746  1788.490  1761.420  1745.533  1345.841
   298.356   319.278   804.737     0.000     0.000     0.000  1124.781  1743.362  1760.358  1702.876  1697.599  1323.558
   288.924   293.750   792.585     0.000     0.000     0.000  1132.607  1689.094  1673.386  1741.931  1687.964  1288.428
   286.240   323.177   801.578     0.000     0.000     0.000  1108.903  1710.960  1714.945  1683.945  1639.917  1288.664
   321.292   330.559   950.111  1317.271     0.000     0.000     0.000  2247.833  2307.450  2417.236  2512.305  2012.949
   312.617   326.573   915.088  1284.875     0.000     0.000     0.000  2144.119  2204.185  2331.561  2379.333  1920.073
   309.978   302.781   840.606  1188.346     0.000     0.000     0.000  2076.014  2106.890  2218.059  2275.704  1813.692
     0.000     0.000     0.000     0.000     0.000     0.000     0.000  1718.272  1731.961  1899.863  1930.516  1459.847
     0.000     0.000     0.000     0.000     0.000     0.000     0.000     0.000     0.000  1686.602  1685.909  1284.579
   506.813  1361.275   577.140  1383.364   649.093  1236.248   707.416  1117.449   416.456   788.822   452.767   840.329
     0.000     0.000     0.000     0.000     0.000     0.000     0.000     0.000     0.000     0.000     0.000     0.000
   870.171  1202.987   907.350  1136.562   551.158   605.701   561.999   782.545   551.918   626.413     0.000     0.000
     0.000     0.000     0.000     0.000     0.000     0.000  4011.799  4574.988  4719.922  1372.224  2506.731  3462.240
     0.000     0.000     0.000     0.000     0.000     0.000  3594.828  4211.673  3780.883   916.925  3013.732  3644.142
     0.000     0.000     0.000   924.017  1030.182  1530.951  3233.888  3683.746  4180.505  5227.665  1038.635  2831.665
     0.000     0.000     0.000  1032.514   960.225  2627.073  2859.902  3240.912  3887.411  4507.188   787.726  3221.961
   341.857   934.714  1235.288  1443.123  1166.042  1470.785  2293.415  2625.753  3012.954  3447.521  3799.074  3865.076
   507.921   655.610  1447.483  1174.077  1241.845  1123.660  4105.152  2305.166  2686.374  2938.563  3395.440  3566.996
   489.872   885.921  1123.266  1235.839  1034.108  1191.543  1978.075  1894.025  2432.727  2771.966  3104.929  4315.881
   911.455   479.449  1251.820  1029.726  1179.175  1013.605  3550.904  1539.434  2114.393  2525.671  2740.709  3670.624
   420.146   771.801   996.911  1109.007   960.883  1060.797  1607.420  1427.141  1419.841  2767.155  2491.712  3234.776
   727.982   396.000  1131.966   951.564  1068.849   889.060  3086.966  2455.644  1092.028  2247.155  2231.468  2868.792
   381.881   692.880   937.228   997.793   883.574   989.913  1554.295  3118.066  1311.249     0.000  2052.554  2680.656
   654.725   364.322  1033.169   866.809   998.991   830.974  2766.905  3753.184  2117.161     0.000  1644.013  2312.739
   365.233   645.619   876.030   958.389   838.230   926.177  1527.965  2838.247  3109.888  1434.817     0.000  2189.835
   612.383   349.693   978.617   836.721   942.375   831.987  2546.078  3225.079  3652.049  2364.557     0.000  1810.900
   335.682   595.911   839.734   920.441   815.334   892.092  1338.303  2578.768  2752.217  3020.265  1641.147  1358.869
   548.715   314.917   931.165   791.447   908.791   789.965  2333.772  2993.673  3225.913  3380.603  2731.410  1089.785
   287.432   586.643   802.549   849.607   772.534   837.114  1123.367  2359.997  2541.552  2780.614  2779.426   577.204
   567.213   325.630   874.952   755.685   858.224   756.947  2295.575  2649.461  2843.336  2987.834  3101.859   856.812
   362.889   415.835   776.849   822.744   745.234   825.808  1298.361  2253.249  2362.810  2537.862  2574.536  1754.340
  1094.654   390.364   855.357   755.934   823.758   629.394  1802.677  2350.168  2450.375  2600.619  2701.644  2278.697
   338.986   375.947   742.243   782.962   727.670   772.137  1388.005  2276.479  2254.800  2367.712  2385.492  2002.494
   367.400   355.932   821.530   620.099   800.985   729.379  1581.480  2406.257  2381.242  2361.128  2501.486  2128.642
   337.355   350.318   723.694   771.322   721.828   772.255  1257.251  2360.579  2210.581  2129.505  2174.929  1799.999
   350.900   342.147   783.452   603.526   785.917   709.354  1485.920  2392.860  2364.986  2212.656  2317.125  1987.479
   335.213   334.776   721.390   766.835   718.215   751.510  1196.218  2165.494  2311.153  2106.299  2048.599  1674.314
   341.874   346.491   775.598   508.491   739.953   683.798  1381.894  2199.017  2309.967  2184.516  2184.999  1759.535
   314.612   336.084   708.877   786.328   668.439   771.944  1190.477  2047.405  2145.123  2194.402  2065.471  1550.395
   319.826   341.030   760.222   711.514   741.832   577.802  1345.500  2101.548  2200.854  2218.371  2133.304  1674.180
   331.274   339.488   881.171     0.000     0.000     0.000  1075.914  1977.254  2078.110  2124.988  2155.359  1551.025
   336.711   337.565   912.271     0.000     0.000     0.000  1296.714  1981.242  2092.713  2110.147  2109.641  1581.583
   331.155   328.724   874.198     0.000     0.000     0.000  1191.885  1889.972  1947.834  2009.951  2021.373  1544.341
   327.630   342.296   903.276     0.000     0.000     0.000  1257.630  1917.992  2004.744  1999.683  1987.992  1562.663
   303.276   314.232   829.074     0.000     0.000     0.000  1127.269  1780.047  1855.420  1868.933  1872.196  1478.291
   306.942   303.160   839.046     0.000     0.000     0.000  1200.891  1849.335  1905.016  1881.311  1872.616  1485.502
   287.610   308.873   821.912     0.000     0.000     0.000  1115.633  1741.506  1718.839  1766.506  1762.713  1369.826
   295.690   311.179   821.613     0.000     0.000     0.000  1187.147  1818.607  1846.410  1828.993  1810.851  1421.051
   292.331   307.899   781.617     0.000     0.000     0.000  1089.940  1725.857  1752.870  1700.457  1706.502  1343.337
   299.000   304.507   817.491     0.000     0.000     0.000  1157.897  1744.122  1766.490  1740.744  1715.912  1329.833
   287.003   287.152   795.594     0.000     0.000     0.000  1101.771  1690.447  1698.499  1677.292  1621.210  1263.083
   292.540   288.010   801.116     0.000     0.000     0.000  1135.911  1697.357  1690.380  1711.459  1691.429  1296.016
   313.197   336.136   942.153  1314.490     0.000     0.000     0.000  2255.713  2305.112  2438.452  2519.423  2010.238
   308.487   313.486   912.382  1284.329     0.000     0.000     0.000  2160.239  2186.763  2326.504  2389.718  1917.377
   286.948   303.766   820.926  1186.560     0.000     0.000     0.000  2072.094  2086.311  2209.669  2266.489  1800.626
     0.000     0.000     0.000     0.000     0.000     0.000     0.000  1720.976  1739.075  1911.254  1932.916  1460.354
     0.000     0.000     0.000     0.000     0.000     0.000     0.000     0.000     0.000  1701.217  1695.061  1292.964
   483.506  1401.847   450.957  1380.063   685.816  1131.312   653.543  1228.841   495.283   860.780   414.191   780.564
     0.000     0.000     0.000     0.000     0.000     0.000     0.000     0.000     0.000     0.000     0.000     0.000
   920.290  1153.267   872.587  1222.164   566.032   789.973   510.615   621.988   618.087   554.868     0.000     0.000
     0.000     0.000     0.000     0.000     0.000     0.000  3663.131  4249.829  3890.406   954.222  3023.542  3645.987
     0.000     0.000     0.000     0.000     0.000     0.000  4045.772  4647.073  4802.302  1382.953  2497.874  3419.804
     0.000     0.000     0.000   944.293  1049.936  2666.416  2865.096  3260.855  3907.352  4510.065   792.692  3203.490
     0.000     0.000     0.000  1052.253   959.331  1547.574  3280.157  3724.531  4258.809  5180.591  1073.404  2795.596
   527.459   643.156  1188.605  1407.886  1116.230  1310.561  4184.930  2360.993  2708.665  3000.314  3433.460  3593.330
   324.341   933.701  1376.829  1258.686  1270.456  1136.497  2274.300  2613.259  3025.412  3463.373  3743.174  3807.752
   930.734   476.707  1068.628  1242.727   998.037  1200.977  3588.160  1524.334  2110.965  2530.008  2736.436  3639.482
   481.352   862.078  1226.671  1070.209  1155.060  1053.432  1964.185  1921.607  2490.255  2835.031  3110.079  4345.102
   749.134   411.993   963.203  1117.299   938.220  1070.875  3063.820  2304.942  1105.670  2244.190  2249.076  2921.049
   413.139   769.055  1096.160   978.039  1044.834   952.016  1726.604  1839.256  1444.403  2799.899  2509.461  3247.535
   671.949   385.154   972.964   968.016   855.451   985.041  2816.783  3700.887  2117.677     0.000  1654.277  2349.664
   373.833   703.333  1065.045   890.779   989.064   876.704  1526.582  3778.271  1635.727     0.000  2029.490  2670.592
   608.135   356.764   825.854   955.991   820.678   928.146  2541.097  3266.875  3681.220  2377.397     0.000  1827.193
   353.861   641.386   975.247   888.226   952.828   857.331  1434.107  3304.506  3720.466  1725.890     0.000  2167.910
   571.250   356.335   815.781   933.839   796.914   897.263  2342.828  2990.912  3186.213  3357.155  2684.912  1074.687
   325.535   577.987   916.282   829.627   919.334   809.414  1340.976  2937.986  3265.999  3427.229  2064.394  1371.796
   569.218   345.853   778.925   869.483   761.015   833.375  2297.415  2712.685  2860.915  3028.965  3174.198   849.232
   278.257   560.673   890.753   786.068   848.845   774.902  1134.730  2551.760  2782.763  2885.622  3050.512   633.206
   456.237   396.317   758.362   833.432   759.073   805.635  1764.426  2356.162  2458.832  2635.545  2757.884  2233.916
  1007.535   404.007   721.613   771.309   815.002   755.889  1334.197  2276.904  2404.671  2494.984  2621.844  1816.527
   375.947   366.337   718.663   786.918   614.075   783.604  1619.011  2375.446  2388.068  2459.306  2607.829  2137.824
   339.161   353.075   824.130   764.304   803.721   737.284  1318.300  2316.159  2280.994  2316.346  2481.670  2053.790
   356.055   362.106   626.845   792.548   712.915   772.963  1472.702  2382.038  2293.261  2243.028  2357.359  1910.383
   344.938   354.196   775.650   726.536   802.879   725.498  1256.352  2389.863  2264.576  2115.246  2232.229  1896.005
   337.141   358.062   715.358   832.224   704.408   778.709  1387.687  2224.583  2346.169  2204.492  2192.662  1781.482
   337.850   342.539   788.682   736.995   779.065   716.685  1208.165  2205.076  2364.138  2108.634  2060.309  1700.785
   350.127   336.027   707.868   757.356   695.255   759.003  1346.396  2123.029  2182.883  2207.690  2140.990  1656.235
   325.781   329.742   762.391   714.291   749.209   684.253  1200.041  2080.969  2205.501  2239.694  2077.564  1596.716
   339.695   353.646   908.715     0.000     0.000     0.000  1205.345  2040.334  2123.437  2147.222  2156.686  1614.351
   350.511   348.171   912.041     0.000     0.000     0.000  1185.477  1992.731  2085.098  2114.730  2153.209  1554.836
   346.736   337.755   892.133     0.000     0.000     0.000  1284.687  1979.159  2018.937  2053.718  2047.822  1591.597
   351.456   340.165   876.839     0.000     0.000     0.000  1164.067  1883.839  1959.337  1975.539  1991.174  1539.567
   310.495   322.428   838.796     0.000     0.000     0.000  1210.998  1879.314  1901.815  1906.400  1920.619  1491.796
   291.378   306.177   847.178     0.000     0.000     0.000  1134.561  1819.063  1869.803  1862.391  1872.396  1493.066
   314.087   303.068   833.891     0.000     0.000     0.000  1176.375  1815.680  1816.748  1796.022  1806.739  1400.278
   290.284   303.146   821.599     0.000     0.000     0.000  1139.682  1801.582  1817.666  1811.742  1806.187  1426.313
   288.058   314.424   818.514     0.000     0.000     0.000  1146.081  1771.358  1809.560  1767.935  1754.509  1369.371
   299.169   323.607   814.702     0.000     0.000     0.000  1119.448  1740.229  1753.831  1732.097  1721.864  1325.995
   290.590   297.088   786.054     0.000     0.000     0.000  1120.094  1689.459  1661.535  1718.658  1695.047  1283.133
   287.973   305.999   805.014     0.000     0.000     0.000  1101.380  1714.557  1719.106  1690.808  1661.961  1292.789
   361.146   344.313   952.146  1316.953     0.000     0.000     0.000  2300.082  2341.586  2445.397  2524.791  2078.245
   322.867   317.760   905.368  1284.393     0.000     0.000     0.000  2208.661  2223.716  2349.410  2411.522  1956.851
   285.967   282.332   827.093  1193.242     0.000     0.000     0.000  2102.497  2121.246  2221.457  2301.117  1814.200
     0.000     0.000     0.000     0.000     0.000     0.000     0.000  1711.747  1740.587  1902.589  1949.412  1469.637
     0.000     0.000     0.000     0.000     0.000     0.000     0.000     0.000     0.000  1672.959  1654.433  1272.204
   506.587  1362.670   562.168  1416.784   643.515  1255.381   698.888  1136.303   403.258   808.160   433.787   842.964
     0.000     0.000     0.000     0.000     0.000     0.000     0.000     0.000     0.000     0.000     0.000     0.000
   865.870  1202.396   888.668  1150.757   524.310   630.320   554.158   782.997   556.464   637.367     0.000     0.000
     0.000     0.000     0.000     0.000     0.000     0.000  4032.606  4655.385  4855.159  1384.507  2554.535  3580.750
     0.000     0.000     0.000     0.000     0.000     0.000  3641.742  4249.712  3867.852   930.854  3042.396  3763.480
     0.000     0.000     0.000   964.924  1065.391  1590.013  3262.915  3724.382  4242.686  5162.458  1053.737  2950.918
     0.000     0.000     0.000  1064.753   944.740  2653.272  2877.291  3278.100  3925.790  4466.104   775.865  3311.064
   363.518   958.887  1342.730  1372.865  1162.798  1319.709  2430.155  2649.602  3087.708  3472.718  3794.466  3882.813
   496.825   631.768  1419.046  1198.992  1301.610  1107.632  4164.057  2328.087  2696.617  2953.058  3398.357  3610.224
   493.160   874.448  1125.295  1217.140  1057.826  1185.860  1972.493  1899.513  2456.952  2804.961  3078.772  4305.850
   903.661   475.144  1246.224  1045.528  1189.669  1008.622  3609.620  1539.891  2139.797  2563.675  2751.219  3648.248
   427.782   784.459  1019.374  1103.236   954.583  1072.513  1635.043  2392.671  1442.059  2812.997  2518.499  3232.959
   729.049   398.332  1105.403   935.955  1061.139   955.954  3157.555  2381.909  1126.175  2302.886  2249.202  2899.273
   384.277   695.065   927.506  1036.879   882.892  1023.074  1574.092  3668.975  1991.565     0.000  2027.913  2703.339
   671.142   369.417   997.642   955.059   966.818   857.123  2801.722  3804.485  2079.417     0.000  1641.462  2316.927
   361.060   642.826   886.056   985.292   849.950   957.809  1515.233  3093.687  3605.925  2261.929     0.000  2154.635
   619.817   355.742   975.813   858.053   942.898   843.065  2585.277  3369.573  3757.353  2372.507     0.000  1810.442
   364.686   626.519   858.639   935.471   831.892   920.925  1346.431  2819.406  3057.217  3375.951  2610.158  1354.705
   566.513   338.931   918.649   791.613   905.027   796.723  2344.893  3147.141  3359.293  3610.476  2749.641  1105.696
   293.796   578.665   794.719   858.944   770.492   841.011  1130.001  2524.129  2763.809  3005.344  3242.155   892.930
   562.405   319.908   885.227   756.312   827.866   736.505  2292.929  2945.390  3101.115  3265.668  3453.517   879.040
   373.808   408.338   773.918   831.379   766.136   838.943  1325.618  2329.259  2473.571  2729.409  2901.106  2434.800
   438.502   382.722   823.320  1463.766   817.529   735.793  1781.425  2449.614  2312.993  2370.218  2488.303  2214.476
   351.175   377.471   731.148   784.037   711.670   787.965  1377.458  2412.234  2400.953  2496.850  2745.617  2312.574
   379.775   373.607   801.769   745.969   792.323   731.524  1577.099  2289.217  2220.890  2233.481  2307.758  1848.790
   351.649   354.416   737.167   787.139   735.375   783.409  1255.654  2439.476  2316.067  2226.786  2392.315  2019.028
   354.890   353.816   666.609   720.453   773.242   706.018  1479.093  2341.730  2242.684  2145.162  2203.759  1742.510
   333.431   341.982   739.721   782.168   713.184   765.268  1208.724  2271.359  2404.496  2198.207  2217.340  1833.421
   345.368   341.792   821.620   715.489   735.333   706.948  1383.046  2158.113  2274.547  2105.530  2063.808  1637.875
   330.586   335.941   720.846   827.692   694.113   788.299  1212.983  2129.925  2226.646  2273.522  2161.870  1655.080
   341.997   344.796   755.606   696.255   744.291   694.702  1345.147  2049.360  2155.949  2202.875  2094.465  1564.072
   348.264   361.506   900.408     0.000     0.000     0.000  1087.217  2051.880  2174.534  2227.578  2251.664  1644.451
   364.775   356.819   917.744     0.000     0.000     0.000  1296.917  1977.415  2054.899  2079.799  2118.270  1571.729
   345.079   347.801   890.216     0.000     0.000     0.000  1215.451  1982.560  2038.957  2104.079  2111.329  1621.811
   341.923   346.318   782.850     0.000     0.000     0.000  1245.423  1895.938  1969.855  1975.480  1993.410  1549.886
   318.437   328.929   847.496     0.000     0.000     0.000  1152.496  1851.458  1910.053  1955.523  1941.339  1532.726
   308.223   310.251   847.326     0.000     0.000     0.000  1209.564  1817.795  1859.911  1851.936  1850.176  1478.121
   305.922   320.407   839.686     0.000     0.000     0.000  1124.240  1821.281  1822.534  1879.794  1853.617  1431.879
   313.161   324.304   820.086     0.000     0.000     0.000  1193.355  1819.072  1833.959  1803.683  1796.756  1409.153
   305.599   313.413   795.801     0.000     0.000     0.000  1109.701  1747.661  1793.352  1811.830  1769.346  1380.193
   288.514   296.728   830.541     0.000     0.000     0.000  1172.267  1758.979  1764.468  1733.877  1717.377  1327.902
   284.757   302.112   793.069     0.000     0.000     0.000  1097.760  1715.258  1706.682  1755.091  1694.683  1304.749
   308.187   313.946   799.481     0.000     0.000     0.000  1138.209  1690.341  1665.971  1721.740  1688.211  1293.597
   322.354   336.535   961.490  1324.515     0.000     0.000     0.000  2309.918  2332.328  2527.222  2563.412  2099.053
   317.277   330.636   911.005  1289.130     0.000     0.000     0.000  2194.432  2234.202  2426.131  2441.428  1953.260
   305.899   306.265   822.162  1198.882     0.000     0.000     0.000  2111.426  2129.832  2295.684  2317.450  1822.505
     0.000     0.000     0.000     0.000     0.000     0.000     0.000  1707.552  1747.574  1978.116  2026.237  1506.314
     0.000     0.000     0.000     0.000     0.000     0.000     0.000     0.000     0.000  1671.288  1659.766  1299.847
   483.453  1426.959   456.845  1377.005   678.912  1136.706   658.711  1240.253   477.049   885.902   421.874   800.587
     0.000     0.000     0.000     0.000     0.000     0.000     0.000     0.000     0.000     0.000     0.000     0.000
   910.922  1173.943   847.440  1230.723   563.724   809.822   535.977   626.407   633.211   565.055     0.000     0.000
     0.000     0.000     0.000     0.000     0.000     0.000  3640.502  4335.903  3849.934   955.896  3070.090  3826.668
     0.000     0.000     0.000     0.000     0.000     0.000  4037.088  4761.305  4745.878  1415.281  2537.674  3554.861
     0.000     0.000     0.000   945.463  1045.684  2623.758  2845.997  3313.809  3882.377  4518.680   807.526  3333.099
     0.000     0.000     0.000  1041.204   953.544  1518.104  3246.880  3811.193  4231.765  5193.088  1052.335  2924.009
   536.567   670.114  1187.065  1430.641  1125.751  1273.853  4172.864  2364.945  2766.450  2993.793  3490.401  3634.437
   305.019   912.443  1476.231  1235.910  1437.672  1174.536  2285.072  2619.185  3086.669  3460.438  3816.452  3842.990
   911.938   460.884  1081.532  1251.585  1004.821  1223.156  3563.273  1528.138  2123.955  2530.080  2763.170  3650.515
   469.494   884.965  1259.817  1087.183  1167.835  1056.215  1993.119  1921.329  2553.347  2826.060  3163.276  4370.655
   736.712   412.518   969.461  1140.075   919.854  1091.602  3019.133  1695.464  1110.602  2257.916  2296.427  2911.648
   392.689   764.284  1094.019  1003.395  1066.630   965.010  1738.557   723.618  1479.626  2790.874  2582.024  3242.558
   669.023   365.920   902.641  1014.650   853.161  1005.674  2817.072  3703.396  1511.499     0.000  1682.883  2341.575
   372.700   686.767  1011.712   928.962   994.048   876.177  1559.627  2228.319   649.299     0.000  2093.188  2710.551
   619.163   364.578   843.110   975.810   824.003   949.749  2531.708  3079.576  3635.172  1606.580     0.000  1819.542
   364.628   649.729   982.926   904.693   927.394   874.938  1455.021  2354.766  2165.266   705.867     0.000  2158.528
   609.105   373.526   820.299   942.315   807.366   910.501  2336.479  2819.941  2996.765  3463.244  1995.313  1080.698
   338.465   593.508   932.649   838.693   904.197   839.046  1353.931  2164.367  2285.425  2112.419  1014.137  1413.085
   578.465   346.307   765.533   870.063   756.443   847.435  2298.931  2996.598  3206.483  3484.969  3889.364   933.924
   286.140   565.270   854.177   790.824   858.132   780.328  1105.525  1832.515  1887.362  1965.146  1899.574   402.284
   458.151   400.890   773.738   839.257   735.344   821.557  1593.714  2903.798  3069.446  3306.990  3518.078   981.885
   355.097   401.746   836.992  1501.838   832.544   753.379  1318.407  2199.177  3008.531  2426.876  2532.337  2778.948
   383.805   386.083   731.639   805.022   712.997   778.545  1611.818  2481.984  2473.219  2591.438  2713.020  2540.333
   339.501   356.786   816.523   756.108   804.383   748.669  1313.206  2321.712  2231.560  2273.187  2431.267  2032.738
   360.698   360.367   713.877   781.617   716.219   786.419  1490.865  2545.804  2403.774  2364.827  2499.289  2052.173
   330.276   346.651   770.209   730.868   782.484   727.646  1254.189  2368.338  2276.984  2115.830  2247.766  1886.421
   345.433   333.373   722.157   793.592   718.186   777.068  1422.598  2424.521  2494.314  2314.700  2339.550  1908.817
   342.777   347.179   779.470   728.888   778.098   706.231  1203.492  2151.758  2281.892  2101.455  2072.604  1722.458
   355.961   347.933   712.990   761.066   685.901   793.113  1356.616  2314.331  2336.193  2347.612  2275.509  1761.423
   329.530   349.630   745.666   727.077   767.323   670.714  1192.406  2017.143  2096.110  2164.474  2051.233  1595.639
   363.826   360.897   911.846     0.000     0.000     0.000  1194.726  2241.353  2286.109  2328.566  2362.596  1727.316
   328.604   338.003   897.248     0.000     0.000     0.000  1195.428  1926.361  2001.706  2046.725  2051.207  1584.450
   345.447   363.657   905.543     0.000     0.000     0.000  1288.430  2170.040  2173.176  2229.916  2229.737  1691.731
   337.814   334.786   883.616     0.000     0.000     0.000  1164.453  1789.218  1862.555  1925.386  1933.988  1546.342
   321.065   324.152   854.778     0.000     0.000     0.000  1227.247  2039.846  2058.988  2087.818  2127.367  1634.592
   301.585   292.619   828.048     0.000     0.000     0.000  1117.770  1708.781  1776.092  1822.353  1793.651  1489.991
   305.796   316.778   847.156     0.000     0.000     0.000  1191.083  1984.153  1965.597  2029.302  2020.229  1549.006
   307.007   312.941   820.346     0.000     0.000     0.000  1144.745  1716.201  1652.149  1729.621  1730.002  1398.434
   303.423   310.032   806.615     0.000     0.000     0.000  1164.494  1945.366  1945.887  1987.427  1978.441  1516.227
   296.912   322.438   806.386     0.000     0.000     0.000  1113.016  1683.519  1652.245  1603.968  1636.506  1313.608
   276.909   285.639   809.958     0.000     0.000     0.000  1130.637  1861.557  1852.080  1940.948  1903.141  1473.968
   277.351   297.567   799.778     0.000     0.000     0.000  1107.769  1677.675  1643.528  1631.184  1567.581  1259.531
   323.166   323.339   956.143  1332.105     0.000     0.000     0.000  2309.893  2340.281  2474.711  2511.963  2055.907
   321.731   331.971   905.043  1287.414     0.000     0.000     0.000  2215.781  2229.521  2392.603  2411.935  1981.252
   301.515   310.473   834.091  1201.020     0.000     0.000     0.000  2047.546  2086.587  2221.956  2279.757  1848.994
     0.000     0.000     0.000     0.000     0.000     0.000     0.000  1768.751  1766.432  1856.603  1888.242  1478.403
     0.000     0.000     0.000     0.000     0.000     0.000     0.000     0.000     0.000  1752.350  1758.722  1344.387
   510.428  1406.115   560.912  1424.930   641.782  1253.290   690.295  1134.466   411.544   816.019   433.736   849.952
     0.000     0.000     0.000     0.000     0.000     0.000     0.000     0.000     0.000     0.000     0.000     0.000
   870.090  1233.304   886.864  1177.917   541.689   638.538   559.914   797.020   554.686   635.235     0.000     0.000
