     0.000     0.000     0.000     0.000     0.000     0.000  4018.178  4622.896  4780.234  1402.585  2663.319  3635.002
     0.000     0.000     0.000     0.000     0.000     0.000  3604.318  4270.601  3828.417   932.399  3189.574  3024.682
     0.000     0.000     0.000   930.094  1033.862  1505.089  3222.375  3724.354  4158.995  5174.153  1065.710  3042.665
     0.000     0.000     0.000  1024.261   935.536  2589.619  2838.311  3248.205  3909.681  4472.001   798.499  3450.023
   289.202   879.332  1224.941  1430.290  1164.677  1446.428  2271.093  2633.151  3027.525  3453.016  3830.255  3897.451
   491.148   630.188  1406.125  1153.880  1250.037  1094.708  4116.778  2325.667  2697.808  2962.207  3405.115  3708.566
   471.172   861.872  1095.888  1230.544  1027.240  1173.917  1972.244  1896.024  2524.163  2812.323  3148.734  4288.468
   891.377   455.539  1238.720  1022.061  1163.315   983.987  3511.958  1500.455  2113.465  2514.156  2752.997  3665.898
   398.088   759.320   970.579  1081.493   928.456  1043.729  1709.351   704.327  1434.549  2786.068  2532.562  3226.564
   719.929   391.787  1116.800   859.501  1036.340   887.118  3111.956  1663.573  1105.906  2248.083  2233.293  2885.180
   347.687   670.001   907.223  1007.355   870.745   970.718  1534.436  2243.573   636.850     0.000  2055.708  2664.593
   654.552   373.569  1014.733   854.643   977.373   846.942  2790.369  3669.521  1540.959     0.000  1679.663  2314.686
   335.605   623.000   872.274   949.568   842.984   921.411  1500.484  2312.472  2195.167   674.252     0.000  2171.000
   617.479   351.818   972.953   837.211   940.465   810.924  2537.912  3039.739  3619.082  1602.417     0.000  1809.782
   335.964   597.533   822.881   904.236   803.395   891.125  1333.097  2126.320  2234.855  2097.900   992.078  1348.890
   548.881   325.628   892.354   786.680   885.598   789.195  2320.382  2837.824  3030.068  3484.734  1996.499  1072.937
   264.840   552.994   773.525   845.024   750.686   819.183  1107.879  1802.427  1917.581  2022.754  1918.407   419.540
   554.950   320.254   882.421   770.121   854.573   765.351  2334.546  3011.354  3226.134  3549.793  3934.399   922.669
   339.666   395.345   755.558   801.891   723.335   798.730  1298.752  2163.821  2264.862  2440.633  2376.603  2745.196
   409.781   383.342   826.388   718.512   794.499   709.195  1758.227  2903.968  3076.081  3259.410  3511.845   964.874
   356.204   385.810   762.596   800.526   748.511   793.428  1329.143  2355.427  2263.955  2314.726  2326.359  2079.626
   376.715   372.971   819.895   733.450   787.209   713.957  1573.776  2498.522  2448.495  2559.795  2675.317  2514.260
   353.417   372.096   744.669   791.879   747.545   793.738  1284.159  2402.240  2276.617  2133.665  2151.446  1912.829
   365.215   356.418   804.155   714.982   770.404   698.857  1475.415  2567.240  2459.740  2383.921  2526.918  2061.565
   315.371   318.737   708.577   759.181   707.737   747.047  1199.368  2132.625  2288.425  2105.896  2094.826  1714.949
   339.104   329.294   756.461   692.266   732.830   681.510  1372.213  2394.302  2444.005  2250.816  2256.694  1880.133
   300.082   309.793   706.335   777.301   680.269   764.369  1192.877  2024.236  2083.183  2136.731  2073.736  1569.147
   307.546   327.928   752.410   695.396   735.555   671.773  1329.740  2291.360  2333.809  2338.867  2238.157  1759.921
   319.831   299.317   849.715     0.000     0.000     0.000  1143.121  1884.518  1935.664  1982.423  2040.702  1527.641
   295.898   302.872   862.064     0.000     0.000     0.000  1256.731  2187.639  2211.938  2231.373  2256.456  1657.134
   291.669   281.735   824.974     0.000     0.000     0.000  1133.339  1781.999  1848.292  1899.073  1901.559  1529.020
   301.156   303.707   843.784     0.000     0.000     0.000  1211.312  2083.305  2111.635  2131.345  2133.771  1619.223
   273.602   301.609   822.322     0.000     0.000     0.000  1125.593  1680.813  1755.098  1803.579  1832.691  1459.361
   316.507   308.741   835.546     0.000     0.000     0.000  1184.948  2045.153  2060.752  2063.682  2063.253  1624.552
   291.538   293.038   817.097     0.000     0.000     0.000  1110.463  1693.616  1620.580  1711.376  1721.516  1359.747
   287.031   289.840   811.301     0.000     0.000     0.000  1182.052  2028.740  2012.023  2016.169  2011.399  1561.051
   284.782   285.557   794.394     0.000     0.000     0.000  1196.561  1678.150  1660.001  1619.333  1639.862  1317.478
   293.338   291.454   817.370     0.000     0.000     0.000  1153.523  1976.299  1949.356  1945.352  1934.450  1507.658
   276.662   271.135   794.622     0.000     0.000     0.000  1091.149  1680.251  1593.589  1608.783  1531.471  1224.104
   274.000   274.964   785.431     0.000     0.000     0.000  1133.540  1893.629  1876.830  1932.503  1903.251  1464.964
   310.230   318.193   923.238  1307.529     0.000     0.000     0.000  2304.888  2374.058  2499.781  2509.866  2084.077
   309.671   324.899   923.156  1300.648     0.000     0.000     0.000  2207.759  2210.922  2379.818  2397.292  1956.199
   271.440   283.477   801.785  1165.434     0.000     0.000     0.000  2023.469  2077.612  2148.482  2266.308  1823.173
     0.000     0.000     0.000     0.000     0.000     0.000     0.000  1737.462  1739.142  1823.120  1853.606  1440.668
     0.000     0.000     0.000     0.000     0.000     0.000     0.000     0.000     0.000  1741.384  1722.505  1320.448
   487.052  1218.359   443.827   338.512   682.628  1087.558   644.152  1180.890   483.059   830.135   403.136   768.284
     0.000     0.000     0.000     0.000     0.000     0.000     0.000     0.000     0.000     0.000     0.000     0.000
   911.281  1102.925   850.885  1130.191   566.034   777.759   512.458   605.803   609.740   540.385     0.000     0.000
     0.000     0.000     0.000     0.000     0.000     0.000  3655.159  4360.268  3874.075   954.260  3207.101  3778.224
     0.000     0.000     0.000     0.000     0.000     0.000  4012.596  4649.192  4770.085  1386.475  2652.900  3651.309
     0.000     0.000     0.000   955.709  1054.802  2614.051  2876.665  3275.731  3870.004  4554.583   820.112  3471.015
     0.000     0.000     0.000  1050.315   963.153  1530.998  3235.508  3727.140  4192.700  5202.486  1061.351  3038.180
   499.582   674.557  1200.810  1421.008  1129.019  1333.357  4186.166  2414.568  2790.180  3049.082  3525.952  3893.979
   325.188   942.019  1391.464  1351.945  1299.351  1159.102  2396.764  2673.754  3083.299  3483.803  3847.853  4060.765
   940.287   491.063  1089.720  1271.138  1025.429  1213.400  3611.644  1583.357  2170.947  2580.388  2809.864  3733.405
   476.465   890.340  1234.801  1104.605  1172.561  1047.169  1968.980  1957.968  2551.203  2860.722  3180.255  4324.170
   729.227   400.270   934.979  1104.311   933.251  1053.706  3128.433  2398.005  1121.901  2271.275  2276.971  2917.807
   400.661   765.519  1086.605   989.689  1036.725   932.868  1707.991  2357.696  1445.226  2799.114  2559.795  3251.408
   647.031   375.356   971.756   966.194   855.058   969.643  2793.164  3823.812  2071.811     0.000  1664.719  2316.061
   355.910   668.561  1031.434   885.137   996.121   876.373  1538.210  3732.528  1995.542     0.000  2083.361  2730.850
   579.089   311.182   800.049   920.889   784.075   902.785  2491.588  3331.156  3710.099  2348.850     0.000  1794.129
   338.200   600.150   956.996   787.047   913.250   802.452  1401.297  3078.636  3524.750  2204.028     0.000  2164.708
   511.641   287.016   744.697   872.009   754.195   851.481  2252.850  3073.025  3302.864  3545.427  2702.258  1071.315
   307.976   551.611   881.458   801.985   859.329   786.762  1309.388  2791.845  3026.626  3334.640  2583.895  1372.168
   524.004   304.096   754.957   839.882   746.132   814.518  2273.159  2906.105  3073.472  3262.642  3446.427   869.499
   242.139   531.692   836.913   772.616   813.705   738.521  1101.609  2503.056  2730.463  2958.660  3216.319   900.684
   420.813   368.437   736.598   804.903   725.347   783.074  1750.951  2225.966  2306.131  2373.198  2490.343  2189.473
   362.728   371.476   817.032   751.308   777.441   717.917  1284.464  2282.167  2437.523  2723.480  2866.504  2439.521
   346.707   366.182   720.107   785.364   706.441   768.461  1641.240  2273.173  2226.139  2246.988  2350.664  1880.313
   344.855   357.841   792.269   750.146   793.550   724.086  1304.143  2431.515  2363.244  2447.807  2683.959  2275.486
   372.747   352.796   706.511   782.679   704.319   774.956  1477.281  2335.048  2209.247  2126.663  2194.586  1724.745
   324.485   331.556   774.040   710.642   771.257   710.522  1236.459  2465.499  2357.302  2236.775  2408.539  2046.298
   342.023   331.288   702.153   800.902   697.359   761.134  1387.275  2171.288  2297.957  2148.741  2111.999  1650.598
   335.472   337.592   770.903   724.621   752.573   707.221  1190.162  2259.159  2368.081  2183.396  2181.075  1849.590
   333.278   329.515   700.549   752.568   687.909   748.241  1338.365  2068.110  2157.121  2156.548  2117.986  1557.199
   312.411   325.682   747.212   699.476   744.946   673.795  1176.159  2121.004  2258.807  2292.884  2154.042  1669.908
   331.457   339.429   895.849     0.000     0.000     0.000  1305.423  1974.911  2069.352  2096.383  2142.240  1567.602
   310.489   339.603   902.771     0.000     0.000     0.000  1186.831  2016.910  2125.943  2179.733  2196.642  1603.481
   351.249   325.003   875.868     0.000     0.000     0.000  1272.730  1910.082  1959.561  1980.524  2009.431  1553.469
   315.193   316.722   897.595     0.000     0.000     0.000  1150.522  1944.357  1991.298  2044.784  2038.916  1573.866
   294.219   306.327   831.641     0.000     0.000     0.000  1209.475  1838.159  1893.754  1849.624  1910.909  1476.681
   285.128   299.600   821.843     0.000     0.000     0.000  1123.997  1859.634  1908.693  1931.362  1925.366  1517.489
   286.421   296.004   822.343     0.000     0.000     0.000  1179.877  1807.675  1805.914  1781.404  1779.428  1383.831
   278.963   301.136   813.320     0.000     0.000     0.000  1121.085  1843.332  1841.426  1869.827  1835.708  1441.001
   285.041   295.238   798.586     0.000     0.000     0.000  1145.869  1736.089  1753.959  1743.153  1699.917  1341.319
   272.968   308.859   806.827     0.000     0.000     0.000  1107.100  1749.632  1763.622  1798.603  1738.905  1350.142
   268.276   289.785   778.082     0.000     0.000     0.000  1150.753  1659.485  1635.633  1696.039  1657.985  1259.536
   283.657   283.604   780.770     0.000     0.000     0.000  1096.419  1739.681  1719.817  1740.184  1678.831  1290.209
   335.721   326.659   933.286  1340.812     0.000     0.000     0.000  2305.385  2328.746  2534.122  2555.735  2120.839
   329.516   335.960   922.169  1301.801     0.000     0.000     0.000  2207.143  2250.447  2421.861  2440.116  1975.793
   308.682   311.781   835.501  1191.525     0.000     0.000     0.000  2132.659  2157.615  2257.164  2323.858  1835.003
     0.000     0.000     0.000     0.000     0.000     0.000     0.000  1715.496  1751.790  1961.733  2022.493  1498.334
     0.000     0.000     0.000     0.000     0.000     0.000     0.000     0.000     0.000  1658.285  1648.053  1280.041
   519.049  1101.676   587.295  1302.195   651.067  1166.851   698.812  1069.984   422.200   758.521   444.832   804.457
     0.000     0.000     0.000     0.000     0.000     0.000     0.000     0.000     0.000     0.000     0.000     0.000
   886.808  1147.099   917.946  1088.510   543.379   576.546   565.493   756.988   531.607   609.293     0.000     0.000
     0.000     0.000     0.000     0.000     0.000     0.000  4057.388  4688.079  4789.104  1415.300  2518.241  3478.204
     0.000     0.000     0.000     0.000     0.000     0.000  3619.999  4274.116  3809.333   939.721  2939.516  3639.192
     0.000     0.000     0.000   953.159  1051.130  1526.063  3245.927  3736.897  4139.668  5166.115  1054.274  2850.280
     0.000     0.000     0.000  1034.902   941.395  2634.842  2850.615  3264.208  3873.457  4541.427   790.077  3228.989
   307.155   936.844  1260.803  1366.612  1163.844  1293.271  2300.877  2685.312  3106.707  3499.224  3900.775  3986.015
   513.149   652.638  1423.882  1182.099  1312.811  1105.659  4183.734  2358.758  2743.297  2987.997  3476.480  3683.580
   491.519   896.862  1117.028  1217.016  1064.551  1185.352  2002.931  1961.275  2548.224  2823.874  3171.005  4334.089
   901.604   461.957  1261.131  1038.859  1164.058   981.597  3593.791  1526.355  2161.710  2550.882  2791.146  3706.642
   394.951   742.135   974.770  1058.680   921.447  1031.927  1710.915  1835.773  1433.293  2798.709  2549.088  3251.302
   716.375   385.701  1107.637   933.663  1038.952   899.440  3115.749  2289.021  1101.310  2248.848  2265.578  2907.060
   345.773   660.147   889.572  1023.989   853.088   982.644  1529.512  3763.608  1650.712     0.000  2055.001  2705.310
   630.223   349.480   966.072   920.873   960.755   827.382  2799.045  3670.882  2118.129     0.000  1675.442  2347.719
   328.257   609.744   861.633   952.087   827.957   916.770  1413.069  3308.552  3667.349  1704.649     0.000  2162.539
   583.945   336.486   940.313   816.513   918.248   793.793  2565.472  3301.645  3670.646  2336.625     0.000  1818.034
   314.372   562.823   801.794   890.922   776.625   873.877  1318.716  2901.373  3204.297  3405.361  2040.917  1367.127
   537.800   316.967   903.812   770.313   863.492   816.946  2386.809  3022.504  3247.726  3396.917  2683.991  1081.316
   257.050   544.079   778.317   848.133   754.979   823.111  1119.468  2553.641  2760.743  2883.790  3057.130   620.348
   525.022   308.300   852.870   741.933   832.583   778.283  2334.121  2698.852  2864.317  2975.065  3136.904   829.586
   328.977   378.550   749.645   799.981   722.749   789.836  1302.441  2274.738  2366.147  2471.688  2607.827  1768.666
   400.022   356.052   800.207   710.702   771.737   711.004  1761.717  2359.614  2434.013  2553.446  2715.272  2199.741
   342.304   351.510   734.145   778.337   708.367   776.238  1299.192  2312.732  2268.078  2285.904  2436.934  2034.998
   336.745   340.541   772.805   742.878   763.691   704.241  1545.705  2364.094  2351.946  2378.115  2521.893  2092.797
   336.078   352.839   703.245   778.900   718.513   890.266  1252.441  2378.153  2261.509  2115.682  2232.398  1847.965
   332.069   332.543   768.343   702.904   746.082   687.309  1442.822  2376.194  2314.168  2203.871  2320.835  1938.608
   297.336   318.651   697.350   760.781   704.458   755.867  1211.406  2206.239  2372.803  2123.130  2077.567  1716.903
   321.660   321.531   752.939   688.210   729.647   684.890  1374.031  2223.432  2325.991  2156.529  2128.923  1753.656
   308.784   328.178   700.901   744.431   677.956   762.009  1185.579  2062.777  2159.096  2209.540  2074.332  1563.876
   316.216   320.883   742.681   670.631   761.845   670.743  1324.631  2112.704  2190.460  2198.904  2108.953  1638.478
   287.874   297.105   866.891     0.000     0.000     0.000  1150.248  1957.107  2028.185  2065.657  2094.958  1518.420
   288.453   302.370   850.576     0.000     0.000     0.000  1256.793  2004.006  2072.219  2072.577  2061.368  1568.354
   287.338   290.956   828.906     0.000     0.000     0.000  1133.185  1858.449  1944.159  1949.563  1983.222  1525.807
   278.483   292.445   833.248     0.000     0.000     0.000  1203.055  1907.310  1955.370  1957.166  1973.533  1521.051
   286.977   303.157   821.802     0.000     0.000     0.000  1239.250  1804.846  1859.849  1873.546  1896.111  1488.586
   294.502   299.512   830.526     0.000     0.000     0.000  1194.147  1869.850  1892.791  1885.468  1908.195  1465.468
   284.401   299.555   822.724     0.000     0.000     0.000  1123.438  1804.396  1780.963  1791.092  1788.131  1406.430
   285.387   302.001   807.416     0.000     0.000     0.000  1180.135  1829.967  1841.644  1822.803  1814.996  1419.389
   264.519   287.935   792.347     0.000     0.000     0.000  1086.323  1719.351  1748.243  1734.640  1712.009  1335.010
   282.657   290.131   805.095     0.000     0.000     0.000  1129.738  1788.759  1778.346  1751.238  1725.955  1341.885
   280.635   291.347   798.365     0.000     0.000     0.000  1090.825  1726.716  1693.608  1672.594  1657.414  1271.371
   269.308   290.158   785.981     0.000     0.000     0.000  1117.636  1718.225  1681.430  1710.902  1681.949  1287.099
   330.633   347.014   962.211  1348.610     0.000     0.000     0.000  2269.081  2379.089  2489.346  2565.457  2112.360
   328.521   352.971   942.646  1340.733     0.000     0.000     0.000  2217.375  2245.509  2371.200  2434.420  1973.631
   301.374   320.841   851.478  1225.459     0.000     0.000     0.000  2157.282  2165.536  2282.607  2355.708  1848.807
     0.000     0.000     0.000     0.000     0.000     0.000     0.000  1721.648  1749.026  1912.799  1983.139  1485.607
     0.000     0.000     0.000     0.000     0.000     0.000     0.000     0.000     0.000  1696.453  1659.944  1287.079
   514.903  1349.624   456.035  1342.693   684.057  1067.808   654.503  1198.094   485.653   825.505   415.142   755.027
     0.000     0.000     0.000     0.000     0.000     0.000     0.000     0.000     0.000     0.000     0.000     0.000
   947.094  1085.792   877.980  1178.336   569.230   742.700   523.414   587.775   619.431   524.907     0.000     0.000
     0.000     0.000     0.000     0.000     0.000     0.000  3677.044  4389.467  3823.533   937.445  2954.801  3683.950
     0.000     0.000     0.000     0.000     0.000     0.000  4023.503  4714.734  4767.981  1395.965  2472.495  3409.685
     0.000     0.000     0.000   948.829  1043.969  2606.853  2899.149  3304.808  3842.071  4500.399   809.583  3227.554
     0.000     0.000     0.000  1022.480   934.972  1488.337  3253.073  3765.204  4193.568  5267.106  1058.247  2871.921
   494.705   640.069  1192.767  1440.834  1130.638  1286.884  4165.223  2396.478  2798.425  3035.474  3526.368  3682.410
   319.294   930.702  1464.492  1256.803  1447.869  1171.365  2288.322  2674.873  3096.366  3493.536  3851.816  3901.806
   927.573   482.395  1084.917  1271.778  1021.324  1211.057  3587.048  1576.228  2186.970  2582.402  2810.169  3713.650
   459.681   869.418  1265.656  1107.353  1164.369  1032.088  1975.881  1931.008  2574.625  2856.089  3171.758  4396.135
   656.045   389.916   931.679  1099.346   907.247  1045.206  3035.024  2520.006  1120.780  2261.575  2275.971  2895.231
   395.256   748.860  1078.150   960.509  1039.259   918.240  1694.678  1423.827  1446.038  2780.344  2562.420  3212.162
   566.570   346.375   872.077  1001.795   834.726   970.652  2762.471  3757.556  2111.032     0.000  1668.291  2310.175
   352.407   667.051  1009.490   888.142   970.153   877.504  1547.726  3141.094  1307.791     0.000  2069.876  2679.498
   575.031   326.645   812.667   949.161   792.950   914.454  2494.967  3222.491  3632.376  2346.433     0.000  1784.758
   335.532   625.623   932.392   855.630   903.414   820.761  1412.256  2810.707  3040.833  1422.796     0.000  2136.927
   527.381   314.288   650.828   885.948   752.125   857.142  2263.978  2968.837  3157.790  3327.893  2692.223  1066.873
   302.413   563.165   870.392   801.268   852.658   780.567  1321.459  2581.769  2766.330  2993.561  1646.296  1359.711
   532.914   306.744   751.170   843.365   741.036   827.807  2262.398  2655.575  2836.274  2972.060  3144.917   854.012
   257.584   544.183   835.800   758.350   823.348   751.377  1126.340  2393.673  2605.787  2788.438  2746.314   665.801
   418.347   372.420   736.823   803.245   704.007   781.571  1772.162  2321.718  2434.178  2585.244  2688.990  2244.116
   342.398   367.513   799.808   749.553   770.382   756.232  1295.580  2211.597  2306.667  2478.256  2519.756  1738.337
   355.076   357.806   714.516   780.182   701.625   774.552  1658.330  2341.883  2374.571  2364.661  2508.821  2139.636
   334.958   351.156   783.886   738.993   783.764   736.472  1302.669  2297.223  2249.436  2333.731  2382.684  1998.147
   347.494   346.031   699.869   784.728   705.282   770.981  1472.316  2387.158  2302.626  2204.767  2274.415  1918.010
   320.997   334.974   755.873   721.090   765.438   709.051  1263.367  2403.089  2243.252  2134.392  2191.171  1841.102
   325.553   330.746   702.515   755.703   698.690   759.574  1394.759  2216.297  2338.731  2185.287  2186.264  1777.379
   333.147   326.171   758.118   714.070   731.789   702.808  1182.744  2191.915  2300.909  2095.914  2048.298  1656.246
   331.896   329.130   690.203   751.283   670.996   747.953  1345.251  2115.327  2190.530  2169.649  2142.722  1613.951
   309.125   333.952   740.196   693.690   731.053   669.653  1168.837  2059.361  2159.711  2203.754  2046.883  1547.209
   232.797   338.311   892.198     0.000     0.000     0.000  1225.217  2036.733  2131.062  2140.002  2150.404  1628.506
   320.018   324.990   883.395     0.000     0.000     0.000  1160.058  1953.128  2034.349  2095.402  2116.856  1519.135
   267.564   324.578   877.307     0.000     0.000     0.000  1272.687  1954.413  2008.585  2013.401  2020.344  1581.442
   320.092   313.983   884.589     0.000     0.000     0.000  1148.380  1865.927  1940.349  1974.042  1975.125  1530.412
   301.117   298.363   833.768     0.000     0.000     0.000  1204.111  1878.767  1906.849  1900.779  1902.068  1466.124
   307.428   294.648   820.456     0.000     0.000     0.000  1105.545  1749.280  1823.339  1845.121  1835.420  1432.776
   285.047   293.442   821.445     0.000     0.000     0.000  1171.938  1814.786  1820.828  1811.401  1799.492  1381.643
   299.601   298.659   799.372     0.000     0.000     0.000  1112.174  1777.511  1762.488  1788.874  1772.135  1390.742
   266.499   291.034   799.908     0.000     0.000     0.000  1139.227  1754.125  1780.690  1764.574  1734.937  1340.406
   277.767   298.729   797.735     0.000     0.000     0.000  1085.573  1739.338  1731.083  1701.929  1686.775  1325.118
   262.876   286.672   788.026     0.000     0.000     0.000  1117.794  1696.292  1667.733  1736.717  1694.248  1286.813
   272.758   305.109   791.627     0.000     0.000     0.000  1079.245  1725.802  1713.115  1692.263  1634.220  1275.794
   317.392   328.501   941.985  1331.509     0.000     0.000     0.000  2208.195  2324.840  2446.739  2530.418  2021.516
   312.549   326.671   916.771  1304.968     0.000     0.000     0.000  2162.968  2201.652  2335.929  2383.991  1919.102
   293.565   305.596   835.993  1190.479     0.000     0.000     0.000  2085.504  2105.198  2221.366  2276.299  1804.657
     0.000     0.000     0.000     0.000     0.000     0.000     0.000  1758.904  1763.370  1933.638  1951.565  1460.457
     0.000     0.000     0.000     0.000     0.000     0.000     0.000     0.000     0.000  1706.008  1690.332  1299.067
   502.148  1340.112   553.523  1358.110   625.980  1196.895   679.135  1081.149   401.561   769.106   435.414   834.260
     0.000     0.000     0.000     0.000     0.000     0.000     0.000     0.000     0.000     0.000     0.000     0.000
   870.651  1193.021   894.635  1102.181   521.966   590.949   552.262   776.069   544.169   612.774     0.000     0.000
     0.000     0.000     0.000     0.000     0.000     0.000  4023.541  4683.772  4765.024  1400.188  2554.144  3555.552
     0.000     0.000     0.000     0.000     0.000     0.000  3624.139  4339.140  3792.100   920.767  2991.086  3724.875
     0.000     0.000     0.000   923.271  1027.718  1481.210  3247.265  3748.728  4175.110  5186.697  1047.613  2914.528
     0.000     0.000     0.000  1020.849   936.293  2583.382  2868.370  3279.095  3865.850  4533.194   788.479  3284.420
   284.890   890.008  1223.219  1445.904  1155.633  1444.539  2285.907  2676.913  3105.766  3507.695  3865.092  3905.368
   476.525   627.681  1424.124  1168.068  1245.338  1104.692  4140.152  2336.961  2736.268  2969.976  3461.781  3607.355
   467.752   868.519  1110.405  1256.725  1037.248  1181.015  1989.010  1941.855  2550.139  2842.638  3155.612  4386.745
   886.304   452.832  1247.702  1037.397  1163.568   981.452  3544.618  1526.650  2155.603  2543.925  2774.694  3622.889
   315.935   738.547   955.430  1073.255   926.743  1036.255  1636.257  1413.690  1429.094  2775.300  2566.317  3254.328
   704.208   373.492  1099.654   924.333  1034.390   874.623  3080.720  2470.231  1098.213  2229.149  2246.814  2857.735
   342.629   653.526   897.475   978.444   858.241   949.783  1522.176  3077.695  1263.121     0.000  2058.889  2657.070
   625.257   359.531   999.991   839.804   964.296   825.802  2771.251  3755.905  2137.973     0.000  1669.480  2301.548
   322.464   604.362   838.142   924.518   816.766   899.643  1402.780  2805.799  3054.261  1393.556     0.000  2143.066
   581.328   324.039   941.227   806.229   906.953   784.813  2505.970  3199.506  3625.898  2374.229     0.000  1766.864
   290.182   553.510   784.798   869.253   777.066   847.097  1291.734  2525.774  2753.561  3010.044  1599.478  1331.405
   523.400   303.177   892.503   763.503   854.482   753.347  2342.574  2976.620  3210.550  3373.594  2688.752  1068.755
   239.199   530.855   763.168   819.475   742.797   810.687  1080.023  2361.884  2508.646  2710.295  2722.951   573.993
   524.345   289.666   832.494   727.501   820.243   803.444  2252.952  2660.692  2835.394  2971.230  3123.518   850.022
   321.481   364.510   737.279   790.750   713.208   778.150  1262.839  2197.852  2317.048  2477.053  2515.172  1728.894
   397.811   352.752   798.774   709.070   846.137   725.040  1787.303  2314.749  2412.487  2574.401  2669.977  2216.914
   321.539   343.751   722.357   765.991   708.782   764.060  1369.940  2263.004  2242.537  2332.804  2343.811  1996.238
   339.214   353.991   786.523   719.659   769.066   721.656  1589.672  2379.811  2361.875  2363.948  2524.661  2089.856
   312.724   326.041   702.670   756.779   695.839   746.473  1233.276  2362.358  2196.660  2103.081  2143.446  1786.792
   319.924   319.531   759.631   685.146   752.320   684.227  1488.015  2431.890  2349.189  2216.463  2318.836  1921.427
   292.425   314.238   683.635   741.775   684.612   732.371  1187.292  2169.648  2305.513  2086.959  2010.522  1659.522
   310.292   314.565   740.631   676.491   720.051   668.467  1371.554  2189.479  2287.291  2172.532  2126.233  1731.409
   295.171   302.508   684.090   723.436   654.830   732.869  1161.910  2048.298  2126.467  2162.516  2014.343  1543.565
   302.917   314.079   730.421   665.663   739.226   651.676  1317.938  2088.394  2170.948  2215.476  2119.655  1636.546
   227.979   312.955   863.484     0.000     0.000     0.000  1111.521  1960.105  2068.997  2101.924  2120.379  1539.217
   306.260   315.532   877.003     0.000     0.000     0.000  1272.982  2012.044  2107.897  2106.530  2082.375  1594.381
   285.688   298.632   841.919     0.000     0.000     0.000  1143.912  1893.999  1951.780  1977.675  1973.347  1540.176
   300.909   300.715   852.868     0.000     0.000     0.000  1232.567  1922.440  1980.259  1987.709  1990.921  1550.981
   270.987   280.367   801.448     0.000     0.000     0.000  1109.024  1757.236  1826.893  1857.024  1841.570  1464.076
   269.316   282.514   815.188     0.000     0.000     0.000  1175.570  1840.734  1863.652  1863.957  1864.158  1435.758
   265.301   272.009   793.303     0.000     0.000     0.000  1095.919  1742.841  1725.099  1754.410  1734.972  1372.357
   269.380   275.106   792.061     0.000     0.000     0.000  1159.681  1801.515  1816.194  1792.683  1795.125  1384.803
   263.606   263.388   771.305     0.000     0.000     0.000  1072.340  1708.851  1730.509  1674.327  1693.057  1322.762
   269.152   277.572   790.835     0.000     0.000     0.000  1126.943  1743.653  1755.675  1737.613  1706.415  1314.916
   258.945   270.289   768.014     0.000     0.000     0.000  1065.597  1682.569  1688.437  1660.339  1594.414  1250.439
   263.895   265.712   776.096     0.000     0.000     0.000  1109.176  1678.049  1669.997  1713.575  1690.778  1269.731
   307.816   317.578   925.391  1315.231     0.000     0.000     0.000  2198.438  2316.758  2425.241  2514.695  2024.377
   298.541   313.835   911.386  1325.552     0.000     0.000     0.000  2159.190  2205.133  2336.774  2385.367  1912.722
   287.461   298.007   813.501  1181.689     0.000     0.000     0.000  2071.986  2094.379  2202.799  2246.012  1785.834
     0.000     0.000     0.000     0.000     0.000     0.000     0.000  1730.091  1737.253  1919.047  1936.349  1458.008
     0.000     0.000     0.000     0.000     0.000     0.000     0.000     0.000     0.000  1684.337  1671.475  1290.819
   488.007  1376.852   454.407  1322.713   680.628  1064.637   647.700  1175.567   464.026   800.883   399.533   745.559
     0.000     0.000     0.000     0.000     0.000     0.000     0.000     0.000     0.000     0.000     0.000     0.000
   933.584  1101.560   871.294  1170.103   566.980   742.406   533.527   591.189   596.958   523.278     0.000     0.000
     0.000     0.000     0.000     0.000     0.000     0.000  3626.431  4287.104  3874.776   954.942  3007.267  3748.730
     0.000     0.000     0.000     0.000     0.000     0.000  3962.792  4608.930  4761.551  1403.499  2522.387  3502.711
     0.000     0.000     0.000   941.487  1043.754  2629.996  2843.354  3282.630  3876.557  4520.232   799.846  3291.036
     0.000     0.000     0.000  1046.538   960.613  1508.062  3220.593  3718.074  4214.124  5257.974  1039.218  2899.561
   495.087   643.021  1174.265  1407.623  1108.928  1325.652  4194.534  2362.247  2771.670  3021.680  3514.207  3673.826
   294.070   894.982  1364.199  1255.944  1270.563  1144.316  2263.593  2649.985  3081.657  3478.084  3872.583  3887.994
   899.948   462.981  1066.996  1257.740  1007.551  1194.792  3626.042  1541.266  2177.508  2552.383  2797.211  3701.504
   454.740   864.795  1215.185  1091.406  1144.129  1032.966  1953.607  1896.669  2533.764  2836.171  3169.364  4357.228
   656.922   384.815   920.103  1094.163   920.581  1036.956  3061.877  2310.664  1099.497  2246.157  2287.865  2909.068
   384.918   745.184  1059.533   968.478  1027.289   915.457  1698.568  1819.519  1410.609  2782.799  2561.527  3241.266
   625.471   339.115   939.480   951.574   819.534   949.625  2785.018  3643.273  2100.463     0.000  1666.025  2318.153
   348.860   661.449  1019.513   868.047   978.295   855.308  1546.682  3789.127  1658.062     0.000  2079.697  2733.570
   576.434   321.423   803.782   932.265   785.637   904.845  2526.127  3233.351  3644.310  2345.816     0.000  1814.705
   327.235   601.250   940.454   851.382   908.857   818.506  1419.465  3280.919  3680.601  1706.488     0.000  2186.707
   536.432   310.180   755.508   882.698   747.204   856.118  2288.144  2946.922  3180.948  3349.070  2675.649  1073.294
   299.487   555.698   873.871   797.421   879.464   791.379  1316.946  2931.528  3207.260  3397.958  2024.415  1388.808
   521.700   292.307   740.642   841.626   728.329   815.590  2271.026  2690.174  2824.785  2965.291  3097.757   825.921
   252.249   539.501   831.127   759.674   819.756   747.608  1106.311  2539.587  2746.784  2933.490  3098.336   617.119
   417.560   353.701   713.296   798.810   703.774   785.119  1735.770  2324.625  2439.940  2557.473  2679.548  2220.694
   320.633   370.661   801.276   734.840   773.647   749.833  1358.034  2264.431  2363.154  2464.246  2602.328  1772.221
   338.351   338.956   699.413   773.786   690.944   763.127  1648.213  2361.066  2380.616  2403.104  2532.983  2115.492
   321.063   342.670   778.803   726.396   777.644   699.578  1290.454  2314.911  2309.416  2336.156  2437.001  2029.277
   321.925   330.308   690.450   761.220   682.153   751.138  1456.252  2369.387  2298.920  2189.272  2293.939  1908.496
   316.782   323.732   756.266   687.522   755.479   697.205  1252.717  2389.532  2268.215  2151.861  2256.138  1879.150
   310.202   310.960   679.512   740.157   668.476   736.813  1378.672  2213.344  2342.984  2167.425  2135.357  1771.721
   300.667   315.516   743.122   695.635   731.215   684.193  1191.548  2186.897  2351.261  2091.935  2074.350  1704.282
   305.495   306.667   673.625   738.659   657.647   728.081  1316.122  2118.826  2171.089  2178.000  2101.159  1649.335
   287.348   305.389   728.122   679.909   736.601   648.057  1167.662  2046.333  2168.617  2201.672  2076.106  1568.473
   249.798   315.015   869.048     0.000     0.000     0.000  1244.113  2040.353  2130.577  2110.653  2096.696  1616.952
   290.276   309.394   871.617     0.000     0.000     0.000  1157.301  1966.766  2063.914  2091.534  2132.847  1519.372
   295.422   298.854   844.671     0.000     0.000     0.000  1245.430  1980.413  2011.769  2009.489  1997.259  1581.541
   291.073   301.431   845.620     0.000     0.000     0.000  1141.109  1875.531  1940.067  1962.022  1976.016  1521.560
   277.280   282.965   814.323     0.000     0.000     0.000  1188.775  1863.390  1895.980  1883.355  1874.351  1484.151
   274.394   298.366   812.272     0.000     0.000     0.000  1111.727  1799.418  1850.527  1846.272  1857.612  1449.830
   272.145   287.619   798.987     0.000     0.000     0.000  1157.734  1810.018  1800.812  1793.708  1764.909  1402.434
   258.682   274.846   792.318     0.000     0.000     0.000  1108.592  1767.265  1799.432  1776.838  1782.677  1380.607
   266.953   277.841   785.106     0.000     0.000     0.000  1139.423  1764.829  1781.344  1746.515  1718.523  1351.039
   268.235   285.772   785.846     0.000     0.000     0.000  1093.459  1738.097  1729.309  1707.002  1700.737  1324.660
   263.317   270.530   766.413     0.000     0.000     0.000  1111.693  1698.103  1657.424  1682.102  1656.532  1277.076
   262.153   280.029   773.969     0.000     0.000     0.000  1084.865  1712.198  1692.648  1673.194  1649.408  1267.025
   311.215   321.109   927.324  1323.519     0.000     0.000     0.000  2242.895  2343.939  2438.473  2515.965  2092.925
   304.528   321.236   912.591  1318.826     0.000     0.000     0.000  2203.979  2232.404  2347.038  2404.276  1951.330
   277.883   296.375   812.032  1186.268     0.000     0.000     0.000  2114.664  2122.242  2209.354  2280.817  1823.178
     0.000     0.000     0.000     0.000     0.000     0.000     0.000  1702.209  1750.289  1889.235  1946.525  1477.727
     0.000     0.000     0.000     0.000     0.000     0.000     0.000     0.000     0.000  1645.087  1636.541  1273.913
   507.998  1319.573   548.878  1358.303   622.390  1169.254   684.313  1070.788   396.198   763.092   436.303   813.129
     0.000     0.000     0.000     0.000     0.000     0.000     0.000     0.000     0.000     0.000     0.000     0.000
   860.707  1153.861   899.580  1094.347   525.455   583.436   556.743   754.985   523.351   601.901     0.000     0.000
     0.000     0.000     0.000     0.000     0.000     0.000  4010.682  4618.432  4777.399  1432.099  2540.337  3520.094
     0.000     0.000     0.000     0.000     0.000     0.000  3611.017  4247.270  3796.682   944.172  3011.308  3696.885
     0.000     0.000     0.000   967.619  1065.594  1511.802  3230.150  3700.226  4187.396  5235.555  1043.470  2896.577
     0.000     0.000     0.000  1055.984   945.835  2610.204  2840.091  3235.383  3867.283  4519.898   788.032  3266.852
   304.974   902.007  1268.186  1378.201  1161.307  1301.505  2301.748  2661.158  3114.381  3506.440  3894.051  3939.435
   505.931   638.321  1424.677  1185.106  1315.802  1104.772  4165.342  2334.595  2732.342  2967.743  3473.071  3633.471
   485.356   884.904  1134.705  1239.507  1067.522  1187.889  1987.965  1936.838  2526.996  2845.263  3191.186  4342.283
   910.622   458.900  1259.795  1054.259  1173.623  1001.618  3555.771  1533.644  2150.217  2546.854  2786.367  3658.463
   356.753   746.326   982.225  1079.554   938.065  1051.708  1652.655  2364.616  1420.646  2805.190  2569.210  3234.775
   717.628   384.217  1104.730   930.495  1037.813   906.541  3105.564  2378.999  1095.121  2242.224  2248.868  2851.491
   330.882   657.557   903.269  1018.126   858.388   984.909  1535.954  3660.894  1968.125     0.000  2069.691  2671.302
   635.261   341.213   972.214   930.609   965.419   833.422  2794.546  3835.043  2102.340     0.000  1663.116  2316.099
   328.499   602.825   848.557   949.399   823.083   924.687  1425.413  3062.570  3569.821  2258.505     0.000  2152.782
   584.653   324.497   944.052   816.643   915.761   795.933  2520.125  3327.724  3714.133  2356.711     0.000  1779.369
   306.309   565.454   793.246   887.764   785.273   866.649  1312.401  2777.345  3052.303  3343.062  2576.249  1358.449
   535.557   307.705   883.461   769.145   872.387   753.775  2289.588  3102.430  3311.573  3573.240  2725.460  1069.591
   258.932   550.140   769.270   839.557   757.783   827.187  1114.505  2508.571  2768.404  2956.342  3173.383   872.553
   529.402   301.383   846.436   748.155   825.500   729.005  2263.118  2903.254  3079.574  3257.441  3430.958   862.433
   334.539   375.820   746.214   806.535   721.151   797.050  1297.744  2278.995  2456.677  2698.469  2839.304  2435.118
   416.655   357.474   798.627   714.169   771.860   698.739  1730.195  2188.106  2251.291  2341.342  2456.094  2181.363
   329.108   351.291   730.750   778.215   703.852   771.737  1387.456  2374.273  2368.897  2447.083  2673.754  2283.247
   341.231   339.501   776.653   701.798   766.662   705.967  1550.628  2269.718  2194.317  2228.021  2325.928  1842.391
   322.932   332.057   694.504   772.371   704.516   763.607  1238.320  2422.850  2312.379  2200.220  2349.409  2045.874
   325.491   321.081   754.250   688.782   749.302   689.473  1455.357  2317.312  2221.507  2124.895  2197.830  1721.589
   303.072   316.166   694.065   755.004   695.763   743.311  1195.880  2274.602  2395.708  2197.809  2159.228  1832.590
   331.585   316.160   744.127   690.480   721.114   674.680  1367.962  2139.688  2261.073  2089.450  2068.107  1623.829
   302.543   312.266   695.342   737.572   664.840   753.525  1182.279  2109.319  2224.770  2243.962  2114.248  1658.783
   308.688   314.070   738.617   681.226   751.782   656.915  1319.022  2018.218  2140.163  2163.020  2079.491  1553.214
   283.053   316.445   886.695     0.000     0.000     0.000  1122.308  2019.791  2143.560  2185.982  2210.370  1627.198
   325.777   315.710   882.176     0.000     0.000     0.000  1273.746  1949.777  2040.397  2064.711  2115.371  1526.268
   285.787   314.234   861.592     0.000     0.000     0.000  1169.080  1963.784  2028.668  2062.914  2048.675  1592.619
   318.673   313.853   850.144     0.000     0.000     0.000  1242.979  1873.375  1935.401  1952.583  1970.695  1522.980
   284.484   292.176   820.895     0.000     0.000     0.000  1127.015  1846.734  1902.073  1931.961  1919.762  1530.669
   301.921   280.248   817.293     0.000     0.000     0.000  1185.661  1821.064  1845.318  1838.624  1837.252  1452.489
   281.448   288.552   808.643     0.000     0.000     0.000  1107.456  1789.360  1809.947  1841.081  1807.796  1436.713
   271.922   289.412   797.231     0.000     0.000     0.000  1167.372  1794.828  1807.716  1777.349  1775.481  1394.078
   263.066   282.111   784.685     0.000     0.000     0.000  1093.706  1748.940  1792.144  1798.955  1730.853  1377.246
   272.837   290.773   799.928     0.000     0.000     0.000  1143.878  1724.244  1747.791  1698.347  1708.968  1326.185
   256.718   272.322   779.651     0.000     0.000     0.000  1081.550  1716.708  1730.041  1769.793  1676.298  1313.783
   268.541   285.402   775.144     0.000     0.000     0.000  1125.970  1672.766  1659.943  1691.002  1678.252  1285.419
   315.726   325.538   937.542  1322.243     0.000     0.000     0.000  2237.265  2358.082  2524.531  2557.263  2096.137
   326.787   317.138   916.110  1311.779     0.000     0.000     0.000  2192.062  2228.988  2406.477  2430.503  1957.218
   289.471   306.542   820.919  1189.187     0.000     0.000     0.000  2110.751  2126.988  2295.114  2293.811  1827.448
     0.000     0.000     0.000     0.000     0.000     0.000     0.000  1701.237  1749.083  1970.620  2007.471  1529.351
     0.000     0.000     0.000     0.000     0.000     0.000     0.000     0.000     0.000  1651.533  1631.741  1306.145
   487.107  1390.764   438.894  1339.963   688.637  1103.152   647.163  1217.887   479.698   822.767   411.265   758.930
     0.000     0.000     0.000     0.000     0.000     0.000     0.000     0.000     0.000     0.000     0.000     0.000
   918.893  1117.855   855.405  1182.398   576.894   764.406   520.788   600.408   604.829   536.046     0.000     0.000
     0.000     0.000     0.000     0.000     0.000     0.000  3607.863  4253.125  3780.567   934.981  3039.267  3697.338
     0.000     0.000     0.000     0.000     0.000     0.000  3939.265  4544.364  4728.292  1391.397  2507.847  3468.266
     0.000     0.000     0.000   956.931  1058.631  2699.873  2867.481  3229.737  3846.818  4475.795   829.874  3269.538
     0.000     0.000     0.000  1039.805   933.945  1504.355  3228.090  3682.789  4178.682  5143.521  1084.624  2880.296
   470.108   608.401  1166.813  1408.971  1097.206  1262.792  4091.115  2315.240  2690.781  2944.106  3406.092  3649.708
   281.805   876.136  1439.807  1209.460  1423.551  1149.671  2225.650  2565.493  2952.750  3363.326  3731.628  3864.042
   894.495   437.298  1042.139  1239.516   979.868  1173.027  3504.201  1484.749  2095.560  2474.690  2717.128  3684.378
   435.867   829.094  1229.376  1070.373  1146.887  1012.502  1935.282  1867.639  2452.604  2753.311  3094.464  4411.895
   747.020   403.505   968.149  1154.870   936.662  1081.106  3075.923  1732.197  1139.070  2278.655  2301.292  3003.730
   418.255   772.742  1128.616  1011.159  1064.209   947.593  1711.760   739.031  1430.565  2772.068  2545.393  3335.017
   672.984   370.321   901.468  1051.326   865.678  1016.764  2832.018  3753.009  1560.555     0.000  1675.778  2401.919
   380.608   692.585  1038.473   929.242   996.142   886.260  1560.011  2341.506   695.609     0.000  2057.795  2752.161
   584.101   329.358   818.281   958.018   803.334   929.413  2512.998  3049.134  3621.273  1604.533     0.000  1812.669
   335.111   614.288   938.230   864.069   906.569   821.999  1406.987  2371.279  2224.178   675.276     0.000  2161.188
   543.859   315.922   788.998   902.521   761.995   875.744  2297.959  2812.215  2992.947  3417.639  1985.374  1087.298
   307.870   565.037   890.107   806.704   910.456   784.806  1305.619  2162.960  2286.915  2172.508  1011.495  1382.067
   537.779   312.315   743.882   866.518   739.349   828.672  2290.145  2964.513  3209.920  3505.587  3887.242   911.114
   270.929   558.429   844.356   774.147   840.537   766.910  1095.326  1876.285  1951.732  2068.396  1959.143   426.426
   418.578   393.009   724.641   815.862   716.585   796.298  1754.055  2880.307  3034.871  3256.350  3456.664   942.506
   321.470   376.732   793.764   734.126   786.009   723.204  1283.879  2213.481  2300.521  2486.243  2601.179  2765.513
   351.253   356.310   706.097   792.106   698.654   779.763  1652.607  2453.242  2474.031  2564.632  2660.318  2536.017
   330.215   346.769   775.109   731.538   772.398   722.605  1281.163  2354.570  2252.908  2335.957  2483.208  2067.690
   329.003   332.893   693.592   776.133   691.143   762.961  1456.938  2539.650  2409.532  2329.391  2461.387  2049.207
   316.796   333.141   756.505   706.699   750.799   694.868  1233.317  2393.482  2318.385  2169.967  2300.872  1921.759
   314.322   321.045   691.738   753.413   678.345   753.234  1380.707  2393.664  2488.522  2280.525  2272.226  1914.965
   305.274   315.609   744.912   699.980   728.339   690.134  1179.840  2162.053  2288.571  2117.653  2099.760  1722.245
   321.374   322.734   685.359   764.747   662.768   742.983  1330.555  2279.961  2316.656  2298.608  2211.736  1749.926
   295.894   309.669   729.498   685.252   745.485   654.721  1160.696  2026.009  2117.360  2162.244  2094.058  1604.511
   311.549   320.481   888.519     0.000     0.000     0.000  1221.488  2227.494  2286.567  2298.927  2310.108  1725.089
   304.153   318.439   880.298     0.000     0.000     0.000  1156.529  1936.543  2017.450  2061.257  2095.483  1587.483
   317.522   315.154   869.050     0.000     0.000     0.000  1249.459  2156.375  2178.381  2192.827  2177.177  1682.975
   301.994   314.485   850.050     0.000     0.000     0.000  1142.965  1823.681  1897.859  1955.733  1963.850  1573.516
   286.576   298.390   834.936     0.000     0.000     0.000  1196.686  2068.040  2087.271  2091.823  2072.050  1649.478
   274.494   291.482   816.148     0.000     0.000     0.000  1109.298  1689.322  1762.199  1809.158  1826.208  1461.399
   270.112   288.881   816.944     0.000     0.000     0.000  1163.831  1993.569  1978.927  1989.005  1977.551  1551.459
   275.381   278.703   798.716     0.000     0.000     0.000  1104.055  1736.832  1675.879  1745.406  1759.338  1411.164
   264.236   284.608   797.374     0.000     0.000     0.000  1135.060  1940.741  1953.447  1945.433  1930.657  1515.558
   270.344   288.878   791.740     0.000     0.000     0.000  1084.762  1697.158  1658.971  1620.669  1666.197  1332.917
   263.538   280.301   780.511     0.000     0.000     0.000  1112.402  1850.939  1847.988  1915.010  1874.042  1460.895
   265.366   277.874   777.233     0.000     0.000     0.000  1080.516  1681.493  1660.003  1626.006  1575.688  1259.136
   320.904   324.280   935.868  1326.365     0.000     0.000     0.000  2296.087  2420.492  2539.586  2564.963  2131.804
   308.415   324.049   923.667  1306.530     0.000     0.000     0.000  2253.002  2274.268  2424.520  2453.962  2022.153
   285.359   296.303   821.271  1179.890     0.000     0.000     0.000  2096.642  2118.300  2273.389  2310.042  1884.510
     0.000     0.000     0.000     0.000     0.000     0.000     0.000  1788.590  1801.090  1878.549  1922.302  1506.816
     0.000     0.000     0.000     0.000     0.000     0.000     0.000     0.000     0.000  1746.774  1752.512  1382.107
   498.330  1339.200   543.960  1374.387   616.247  1204.485   662.050  1087.095   405.988   739.755   429.484   797.798
     0.000     0.000     0.000     0.000     0.000     0.000     0.000     0.000     0.000     0.000     0.000     0.000
   846.287  1174.983   882.109  1102.818   511.387   584.017   543.361   744.637   510.307   595.801     0.000     0.000
