   395.002   390.048   393.637   488.323   392.698   448.235  1408.828  4022.872  4302.867  4280.247  4052.128     0.000
   429.113   419.543   528.565   429.396   484.248   432.622  1461.707  4048.706  4237.287  4269.785  4112.239     0.000
   374.150   395.756   391.464   480.553   373.159   450.075  1394.069  4163.487  4195.257  4214.822  4033.552     0.000
   397.311   406.611   463.822   410.038   469.683   402.720  1432.122  4157.273  4247.532  4262.288  4129.945     0.000
   362.395   365.968   373.431   447.758   366.655   416.521  1397.348  4058.910  4297.200  4325.649  4092.551     0.000
   375.366   385.361   461.440   395.220   430.164   373.906  1430.014  4048.460  4273.470  4321.482  4152.429     0.000
   374.869   362.348   357.508   441.568   366.151   427.926  1422.448  4256.051  4354.495  4361.966  4217.253     0.000
   367.015   373.981   475.965   368.185   426.346   365.979  1420.645  4237.680  4378.850  4397.277  4273.598     0.000
   382.020   386.088   394.192   449.637   386.918   444.950  1505.448  4360.060  4636.226  4649.306  4411.106     0.000
   380.585   395.422   480.954   392.160   453.079   381.202  1496.820  4343.839  4590.667  4640.618  4404.575     0.000
   383.777   389.236   377.268   460.402   376.739   452.546  1529.623  4647.448  4737.518  4711.944  3263.802     0.000
   365.849   388.387   472.030   376.773   430.852   361.622  1519.375  4598.128  4721.020  4689.488  3320.400     0.000
   351.412   355.730   354.719   434.238   356.839   416.890  1553.562  4678.813  4929.756  4845.091     0.000     0.000
   358.658   368.150   445.507   367.895   428.116   364.330  1595.973  4661.052  4881.670  4788.101     0.000     0.000
   352.462   355.778   339.041   419.083   346.647   417.528  1607.156  4926.886  5021.392  2517.852  1822.545     0.000
   342.104   354.851   418.344   332.559   433.371   347.420  1613.988  4950.821  5093.417  2554.280  1929.534     0.000
   332.734   334.527   340.972   436.948   341.025   405.891  1720.250  5182.911  1487.603  3761.071   524.954     0.000
   354.839   361.925   460.449   359.415   426.408   358.745  1714.453  5204.986  1459.450  4052.216   523.036     0.000
   362.400   369.499   350.511   426.244   350.645   418.855  1789.903  2482.285  3713.024  2725.483     0.000     0.000
   393.978   373.836   448.467   347.951   428.405   377.861  1812.593  2495.178  4039.186  3010.683     0.000     0.000
   368.724   364.189   366.781   438.658   377.447   427.025  1595.611  1278.446  2844.342  3880.061  1654.318     0.000
   354.534   368.916   435.058   362.105   415.995   364.759  1582.722   874.845  3261.909  4199.049  1709.439     0.000
   383.339   328.839   321.161   429.899  5231.790  3209.710  1186.813  3303.939  3729.442     0.000     0.000     0.000
   388.682   357.289   422.621   353.233  4470.902  2264.531  1433.352  3611.627  4012.021     0.000     0.000     0.000
   406.795   381.815   410.006   479.061   389.569   457.451  1399.992  3508.375  3820.167  3905.863  4507.137     0.000
   427.836   411.458   509.400   432.204   484.216   412.802  1440.234  3497.912  3760.897  3864.234  4463.159     0.000
   404.036   391.868   393.439   489.599   371.998   461.251  1379.667  3620.583  3803.883  3899.001  4436.753     0.000
   393.980   394.726   483.286   417.718   476.738   414.106  1406.450  3611.249  3826.217  3935.761  4441.718     0.000
   352.251   360.955   364.246   457.281   351.417   438.267  1402.465  3714.619  3973.890  3954.827  4433.229     0.000
   364.347   370.746   470.106   382.212   446.573   375.161  1403.525  3670.277  3917.095  3915.681  4437.901     0.000
   374.179   359.304   380.577   446.772   364.075   428.866  1408.027  3724.405  3968.949  4065.551  4532.565     0.000
   377.141   362.158   453.859   370.303   439.878   363.018  1416.669  3713.729  3949.876  4089.624  4573.775     0.000
   394.097   388.867   396.365   467.300   383.550   453.416  1502.778  3977.631  4190.519  4237.753  4761.469     0.000
   391.134   386.367   466.508   390.193   446.236   381.675  1503.321  3920.904  4137.106  4158.183  4762.797     0.000
   380.547   379.628   378.666   456.273   369.004   444.425  1520.415  4084.326  4367.054  4391.407  3581.586     0.000
   380.169   375.024   455.896   375.145   443.193   359.015  1509.632  4028.123  4328.510  4346.726  3571.370     0.000
   353.831   344.564   363.435   434.613   351.286   423.295  1561.263  4274.789  4484.669  4520.934     0.000     0.000
   371.349   356.509   442.029   397.113   426.512   383.227  1571.371  4226.446  4445.538  4451.218     0.000     0.000
   363.342   341.926   347.593   425.094   340.263   414.569  1613.149  4447.812  4649.668  2238.462  2074.514     0.000
   347.399   346.844   419.440   326.794   430.094   345.447  1635.252  4430.218  4682.172  2253.418  2282.006     0.000
   359.655   323.454   368.286   428.655   362.894   412.878  1706.241  4686.871  1163.158  4230.961   566.405     0.000
   365.624   345.944   438.542   370.088   425.650   356.414  1740.938  4685.951  1154.646  4129.099   640.689     0.000
   371.466   367.943   342.084   447.136   343.076   433.571  1821.710  2082.449  3977.932  3097.666     0.000     0.000
   381.835   365.291   432.474   345.537   431.742   352.103  1862.497  2107.900  3778.317  3423.042     0.000     0.000
   351.242   367.133   371.263   443.059   360.240   432.368  1599.948   882.550  3251.942  4247.091  1886.264     0.000
   348.816   361.930   431.982   350.332   428.650   351.933  1597.888  1292.771  2898.063  4014.170  2096.570     0.000
   399.722   338.147   326.047   429.206  4542.111  2273.525  1448.133  3614.253  4158.871     0.000     0.000     0.000
   380.640   362.495   450.602   335.794  5262.578  3242.444  1186.438  3301.172  4032.702     0.000     0.000     0.000
   391.577   396.524   385.077   442.296   384.517   447.884  1392.476  4007.210  4247.149  4277.708  4160.017     0.000
   406.907   420.299   466.400   413.429   465.926   407.374  1417.968  4052.701  4219.937  4276.534  4227.815     0.000
   389.550   395.029   392.384   451.004   380.563   442.541  1377.230  4141.627  4183.406  4203.257  4132.005     0.000
   392.992   407.239   452.370   397.780   455.763   389.554  1388.595  4142.069  4262.152  4271.063  4274.466     0.000
   368.722   368.684   386.058   436.087   361.133   415.414  1381.167  4019.363  4274.326  4323.404  4198.886     0.000
   374.873   391.728   434.503   388.063   423.074   368.052  1389.645  4052.580  4241.526  4318.085  4316.687     0.000
   367.576   375.804   371.371   423.180   354.765   419.197  1397.181  4233.466  4316.146  4335.901  4306.863     0.000
   376.501   376.622   433.077   364.974   412.933   355.257  1391.468  4228.285  4348.700  4360.041  4395.218     0.000
   376.849   378.469   395.862   434.465   377.084   431.733  1481.283  4298.118  4607.382  4559.945  4493.530     0.000
   384.362   396.549   438.973   384.868   431.183   374.502  1483.017  4303.485  4563.474  4533.403  4494.158     0.000
   392.673   398.076   377.664   450.552   375.279   440.530  1510.193  4605.706  4705.282  4685.493  3302.718     0.000
   387.428   378.615   449.636   363.488   415.746   351.228  1484.042  4564.049  4707.214  4694.862  3353.106     0.000
   349.430   357.939   365.008   416.168   352.770   410.824  1544.004  4639.377  4889.035  4820.424     0.000     0.000
   376.353   375.635   447.130   370.362   419.955   360.500  1553.778  4625.822  4837.458  4823.394     0.000     0.000
   362.145   369.702   348.087   419.942   343.843   413.834  1598.348  4926.558  4982.903  2513.929  2352.173     0.000
   363.804   366.077   419.586   345.707   422.784   356.272  1617.636  4948.782  5063.553  2550.289  2348.732     0.000
   346.027   353.105   348.882   420.730   342.062   410.265  1685.918  5155.298  1453.326  4037.418   665.343     0.000
   361.940   370.224   432.668   364.778   414.240   348.310  1700.974  5182.135  1436.178  4213.097   638.821     0.000
   338.277   351.469   329.936   409.336   323.485   400.030  1769.223  2471.020  3666.562  3300.534     0.000     0.000
   349.905   366.027   408.935   342.220   413.021   335.580  1790.677  2494.199  3878.701  3353.555     0.000     0.000
   357.425   361.552   362.703   428.976   355.186   421.746  1582.243  1287.344  2834.034  3972.400  2060.700     0.000
   343.090   354.440   407.113   355.686   407.587   343.090  1567.857   865.565  3174.092  4236.679  2023.954     0.000
   407.790   340.119   340.265   425.201  5240.175  3212.961  1152.007  3275.267  4032.226     0.000     0.000     0.000
   417.464   355.345   450.374   333.458  4503.422  2253.861  1386.236  3609.504  4245.542     0.000     0.000     0.000
   368.586   381.878   389.400   449.869   381.662   447.640  1377.751  3497.932  3754.819  3923.558  4596.557     0.000
   401.823   404.899   488.926   402.451   474.543   406.428  1426.758  3505.391  3818.578  3900.754  4593.534     0.000
   399.215   380.029   378.167   443.919   380.032   451.095  1385.570  3609.315  3766.457  3929.026  4552.782     0.000
   391.267   402.832   475.719   395.863   467.795   391.005  1410.359  3613.844  3870.655  3961.185  4600.434     0.000
   367.055   347.640   362.617   418.883   371.599   432.838  1402.294  3703.592  3921.090  4015.892  4647.574     0.000
   378.134   379.322   445.726   383.704   432.591   372.834  1421.449  3686.838  3978.780  3961.413  4627.759     0.000
   370.424   362.064   361.483   425.925   365.940   426.019  1404.228  3723.855  3909.265  4112.644  4683.772     0.000
   381.277   379.408   436.652   366.583   439.605   371.730  1430.880  3717.937  3972.931  4100.162  4668.123     0.000
   372.351   366.407   378.660   439.793   379.870   439.967  1494.926  3961.443  4141.486  4256.440  4840.778     0.000
   381.551   386.942   454.704   388.887   439.839   379.376  1506.906  3939.431  4164.060  4214.228  4823.217     0.000
   385.460   371.030   368.934   428.743   376.909   446.902  1524.320  4089.003  4317.169  4401.614  3660.181     0.000
   393.815   390.308   440.303   378.371   446.224   370.784  1508.756  4038.852  4354.723  4419.685  3644.115     0.000
   346.831   356.211   357.348   407.828   348.351   412.162  1542.788  4258.667  4470.073  4544.801     0.000     0.000
   367.020   361.413   451.480   356.876   430.863   367.404  1571.268  4232.636  4480.817  4578.737     0.000     0.000
   355.083   348.792   338.022   407.216   341.820   413.589  1612.803  4415.223  4602.201  2251.741  2343.678     0.000
   360.848   352.686   398.781   326.652   436.262   364.489  1649.953  4449.222  4711.861  2303.428  2337.191     0.000
   338.627   324.405   326.709   420.964   336.719   408.016  1695.161  4662.365  1153.653  4195.971   647.412     0.000
   354.792   355.914   424.089   349.699   421.372   349.496  1717.877  4681.471  1164.899  4036.614   673.173     0.000
   335.430   347.405   333.284   403.602   319.326   398.582  1772.175  2082.692  3856.116  3303.387     0.000     0.000
   345.942   362.270   414.958   331.381   402.974   329.769  1796.008  2093.112  3644.459  3369.689     0.000     0.000
   343.107   357.927   363.123   411.257   348.373   419.753  1569.223   873.676  3193.093  4263.480  2022.618     0.000
   323.008   344.625   400.648   352.814   400.849   335.300  1553.486  1282.495  2797.924  3958.499  2061.894     0.000
   377.207   336.830   323.349   416.597  4504.256  2267.606  1380.395  3630.879  4219.563     0.000     0.000     0.000
   408.088   324.237   417.369   317.571  5271.724  3220.472  1145.849  3280.531  4004.418     0.000     0.000     0.000
   384.526   392.532   396.699   454.485   388.615   449.246  1409.981  4029.441  4321.565  4341.333  4223.260     0.000
   409.430   407.215   477.083   410.750   470.422   414.424  1437.003  4080.894  4275.925  4329.305  4093.928     0.000
   365.527   375.808   369.456   440.423   367.105   433.356  1384.434  4115.005  4250.654  4281.473  4195.560     0.000
   361.364   372.402   433.581   366.105   441.883   373.500  1394.377  4147.775  4293.762  4354.475  4168.243     0.000
   354.480   366.623   369.398   432.754   371.706   426.999  1415.325  4051.555  4350.291  4386.841  4296.204     0.000
   372.519   376.035   442.558   377.728   431.629   375.876  1428.075  4067.145  4308.312  4374.253  4180.877     0.000
   351.057   356.305   353.709   419.883   352.510   407.396  1394.686  4230.034  4353.894  4354.021  4326.336     0.000
   341.761   348.317   409.363   336.145   411.969   342.247  1405.024  4250.125  4369.922  4389.229  4288.863     0.000
   363.677   370.127   376.062   435.487   374.265   441.360  1515.475  4324.839  4620.708  4658.046  4524.481     0.000
   371.637   368.777   439.628   378.326   423.573   370.734  1502.182  4343.993  4560.647  4629.320  4429.371     0.000
   377.038   377.725   363.554   437.342   363.053   434.660  1520.300  4604.400  4732.856  4795.178  3320.288     0.000
   354.448   351.033   416.267   341.941   435.826   340.724  1522.886  4560.105  4732.579  4778.381  3283.794     0.000
   333.171   332.985   342.301   402.520   342.742   407.446  1554.350  4634.138  4914.220  4946.606     0.000     0.000
   337.493   334.493   408.172   346.131   395.248   346.495  1544.179  4628.136  4896.466  4878.502     0.000     0.000
   350.689   356.873   341.815   414.927   338.107   414.496  1622.467  4894.866  5039.207  2582.453  2331.576     0.000
   331.975   338.572   400.244   322.489   410.564   340.297  1633.588  4941.405  5114.986  2598.518  2319.172     0.000
   342.224   335.990   345.842   422.425   344.946   412.235  1700.394  5160.597  1485.152  4063.199   657.881     0.000
   335.686   333.280   414.884   347.420   413.581   340.733  1719.477  5165.129  1458.337  4235.479   633.761     0.000
   338.359   337.727   322.494   403.154   319.538   399.388  1806.355  2464.813  3647.067  3290.171     0.000     0.000
   345.398   348.500   412.295   324.752   410.882   332.075  1837.567  2471.884  3922.068  3364.833     0.000     0.000
   337.632   342.154   363.325   425.388   349.617   438.441  1615.442  1282.311  2791.150  3953.621  2103.141     0.000
   328.296   333.297   414.890   347.327   413.084   346.917  1602.385   883.845  3197.617  4207.903  2035.494     0.000
   381.097   324.486   322.935   425.704  5308.989  3251.143  1141.249  3298.160  4050.664     0.000     0.000     0.000
   381.369   334.895   427.029   328.092  4516.634  2275.051  1369.414  3581.386  4223.250     0.000     0.000     0.000
   374.482   393.737   381.747   448.654   380.209   440.340  1388.227  3511.752  3840.231  3936.366  4448.333     0.000
   384.644   412.625   467.625   404.463   471.323   408.584  1421.977  3505.878  3809.659  3895.698  4420.831     0.000
   363.098   381.016   358.761   438.205   355.784   419.317  1376.506  3628.748  3806.398  3956.112  4434.660     0.000
   357.100   388.326   439.795   376.851   448.302   376.755  1396.045  3639.355  3857.478  3984.992  4481.844     0.000
   360.162   370.114   363.428   430.688   363.523   417.590  1404.736  3725.383  3965.606  3987.227  4510.663     0.000
   366.390   392.291   436.265   381.887   427.734   379.414  1415.648  3705.765  3947.212  3987.204  4503.597     0.000
   346.011   359.672   335.157   411.343   341.511   401.942  1393.357  3753.235  3946.687  4103.220  4585.469     0.000
   337.581   361.145   409.976   348.653   413.424   352.572  1408.382  3737.666  3965.871  4144.615  4592.063     0.000
   356.166   373.537   365.537   430.193   365.305   420.607  1489.027  3993.259  4178.195  4277.012  4781.767     0.000
   359.330   383.109   439.906   385.192   425.407   375.325  1496.018  3946.656  4171.193  4245.045  4757.232     0.000
   364.095   378.046   352.529   428.341   354.928   416.240  1509.335  4089.072  4372.281  4430.369  3587.448     0.000
   343.871   369.119   420.226   357.537   413.380   345.805  1518.071  4056.597  4369.873  4423.238  3566.471     0.000
   322.527   334.060   324.894   392.008   332.157   387.718  1525.894  4252.295  4486.696  4586.380     0.000     0.000
   328.156   345.631   407.374   349.264   398.686   347.036  1556.490  4238.442  4461.388  4625.978     0.000     0.000
   344.719   357.940   337.271   410.230   334.164   401.191  1605.276  4412.230  4626.770  2290.083  2326.058     0.000
   330.172   345.757   403.555   327.208   403.161   338.597  1628.424  4473.716  4704.258  2286.374  2355.226     0.000
   332.427   340.486   327.763   401.248   335.437   390.871  1691.863  4667.248  1160.954  4232.271   631.917     0.000
   332.161   349.313   410.146   346.532   408.424   340.654  1724.277  4716.849  1147.921  4046.739   642.130     0.000
   327.413   338.479   304.664   390.598   311.340   391.666  1786.276  2053.217  3900.831  3283.187     0.000     0.000
   342.805   352.994   398.819   321.378   416.133   335.099  1817.085  2104.375  3639.659  3343.634     0.000     0.000
   344.044   349.700   347.059   410.852   337.848   412.666  1598.036   886.825  3172.311  4147.239  1980.771     0.000
   333.296   345.053   399.459   335.811   409.258   340.895  1602.439  1289.442  2783.665  3889.317  2055.004     0.000
   390.445   332.451   318.202   412.620  4565.536  2286.151  1351.557  3547.376  4173.445     0.000     0.000     0.000
   383.805   333.345   421.878   325.811  5300.511  3252.741  1112.242  3200.885  3984.838     0.000     0.000     0.000
   376.028   381.830   391.456   447.984   377.304   437.771  1392.934  4069.876  4337.050  4361.303  4131.646     0.000
   400.858   390.099   452.014   395.088   446.892   393.320  1436.286  4114.954  4300.826  4298.283  4030.338     0.000
   391.227   383.572   381.450   454.013   371.202   439.720  1406.369  4202.556  4252.295  4310.466  4136.349     0.000
   400.570   382.395   448.056   382.630   449.582   379.835  1416.659  4225.904  4322.699  4345.386  4108.699     0.000
   370.346   361.725   373.322   433.950   361.622   421.014  1425.781  4109.292  4367.316  4400.831  4206.263     0.000
   382.732   369.755   432.459   381.200   416.771   369.278  1441.375  4134.605  4332.341  4369.395  4137.212     0.000
   372.920   368.880   367.621   429.463   359.062   422.006  1407.870  4304.880  4366.417  4393.934  4300.930     0.000
   383.451   361.740   432.304   360.300   429.392   358.462  1437.220  4322.568  4394.859  4438.468  4232.032     0.000
   378.099   373.448   381.349   443.230   374.323   434.627  1516.355  4377.326  4650.933  4643.063  4484.060     0.000
   395.221   383.365   447.263   388.591   434.235   378.978  1504.236  4398.595  4612.121  4624.535  4350.112     0.000
   396.354   389.164   378.070   454.234   371.334   442.807  1542.420  4691.808  4783.979  4751.025  3295.392     0.000
   397.265   366.720   450.582   357.465   436.142   349.673  1531.100  4656.143  4764.865  4741.580  3259.040     0.000
   346.762   363.629   361.088   410.267   352.658   406.849  1575.405  4708.323  4959.766  4934.675     0.000     0.000
   368.992   361.491   425.028   359.281   416.435   352.097  1582.645  4701.393  4927.879  4878.080     0.000     0.000
   364.890   370.830   354.257   423.210   343.320   415.410  1635.646  4989.007  5085.617  2573.430  2339.849     0.000
   371.046   355.374   421.349   334.319   438.480   348.023  1649.383  5025.954  5153.405  2574.990  2317.488     0.000
   347.298   345.614   351.351   421.998   348.141   411.262  1735.411  5253.726  1488.810  4065.566   665.297     0.000
   363.832   349.252   429.979   355.261   420.749   345.539  1750.817  5292.627  1466.757  4199.920   633.221     0.000
   348.089   338.199   332.511   412.255   327.941   402.146  1834.880  2515.651  3654.808  3319.062     0.000     0.000
   355.007   351.356   411.163   339.993   407.912   344.437  1853.913  2538.068  3868.441  3344.808     0.000     0.000
   360.213   354.001   360.812   422.969   350.931   417.380  1617.844  1315.409  2782.792  4003.243  2092.944     0.000
   347.752   347.084   410.200   352.714   406.440   346.425  1605.375   871.838  3141.569  4210.501  2050.214     0.000
   392.542   334.435   324.987   417.672  5251.450  3258.369  1124.386  3330.086  4046.676     0.000     0.000     0.000
   399.360   340.737   435.409   326.309  4532.501  2275.406  1354.316  3620.428  4185.675     0.000     0.000     0.000
   363.948   374.491   382.265   450.220   372.745   425.499  1381.457  3537.417  3829.861  3945.625  4380.341     0.000
   384.168   387.368   464.987   396.912   439.425   392.231  1396.466  3505.490  3781.365  3786.247  4350.479     0.000
   370.491   370.705   371.842   450.032   366.176   421.699  1371.662  3654.718  3813.094  3987.929  4361.753     0.000
   391.461   389.075   460.272   398.017   447.466   391.231  1392.810  3630.136  3853.103  3966.909  4387.704     0.000
   351.438   354.798   366.441   435.295   358.591   403.335  1394.991  3758.289  3988.543  4026.451  4488.223     0.000
   375.429   368.542   443.677   382.913   421.342   371.373  1403.001  3691.662  3950.943  3934.084  4452.889     0.000
   367.756   367.685   366.888   440.082   363.116   415.678  1403.190  3782.914  3953.073  4137.363  4506.712     0.000
   374.311   369.796   439.967   373.923   425.233   366.656  1412.115  3732.014  3958.628  4128.448  4532.615     0.000
   375.047   374.546   385.132   454.784   381.506   431.733  1498.651  4000.899  4207.089  4301.978  4699.746     0.000
   382.548   379.959   454.856   398.108   427.172   389.908  1492.783  3938.572  4154.470  4231.177  4665.262     0.000
   386.465   384.965   379.706   455.859   374.926   438.367  1521.704  4140.593  4396.631  4466.728  3569.183     0.000
   392.599   391.257   459.692   384.448   436.694   376.434  1516.812  4039.202  4347.004  4424.104  3557.206     0.000
   344.541   341.464   354.016   425.910   351.810   407.140  1553.854  4300.805  4527.122  4640.449     0.000     0.000
   339.736   345.096   417.196   354.459   398.386   346.845  1538.101  4222.363  4447.920  4585.929     0.000     0.000
   356.053   352.056   343.105   421.329   338.376   404.477  1607.114  4455.858  4667.011  2261.974  2313.395     0.000
   347.956   352.439   413.192   336.883   416.907   347.880  1622.930  4443.696  4698.685  2299.719  2323.763     0.000
   322.700   334.722   335.010   412.211   330.626   396.698  1685.197  4730.101  1160.406  4204.104   632.411     0.000
   337.521   353.167   418.297   351.434   402.180   342.282  1703.777  4687.771  1085.641  4023.390   649.253     0.000
   346.848   351.597   332.223   424.509   331.179   410.619  1795.915  2100.283  3875.343  3256.138     0.000     0.000
   352.686   358.813   420.502   340.506   417.906   338.835  1813.658  2097.186  3614.202  3362.781     0.000     0.000
   347.847   371.274   366.698   437.864   355.208   427.281  1586.363   888.142  3161.229  4214.332  2022.706     0.000
   338.918   363.044   427.523   360.259   422.653   353.752  1581.853  1295.424  2767.267  3979.460  2079.101     0.000
   380.282   337.012   319.339   421.635  4505.635  2251.345  1368.035  3629.362  4170.820     0.000     0.000     0.000
   328.747   327.780   413.247   316.828  5227.846  3188.316  1108.435  3308.535  4001.126     0.000     0.000     0.000
   382.084   405.254   396.450   451.795   386.103   447.416  1422.208  4041.199  4278.027  4279.333  4074.047     0.000
   407.961   440.083   492.978   423.841   482.447   425.615  1487.929  4107.077  4265.031  4122.059  4091.296     0.000
   379.081   407.244   393.268   447.058   374.247   446.756  1407.641  4160.482  4207.124  4239.627  4083.012     0.000
   402.507   402.650   442.835   401.126   459.161   378.936  1422.444  4183.922  4279.131  4268.119  4132.677     0.000
   364.965   384.931   379.475   435.014   367.428   415.821  1420.444  4091.429  4315.194  4349.826  4196.179     0.000
   392.326   407.317   451.358   405.829   435.360   383.297  1452.619  4106.916  4304.336  4347.653  4153.827     0.000
   359.666   370.086   353.728   407.349   342.584   406.689  1403.128  4269.870  4340.636  4350.903  4235.515     0.000
   362.455   396.286   440.403   360.804   425.922   374.727  1448.674  4268.203  4373.324  4365.705  4239.479     0.000
   361.518   366.756   384.162   420.122   359.337   436.842  1492.089  4308.045  4603.531  4633.754  4379.423     0.000
   371.897   387.239   440.202   383.004   432.583   371.381  1513.515  4329.415  4545.382  4612.281  4355.893     0.000
   377.159   385.363   377.896   434.694   358.167   419.615  1533.868  4613.387  4716.236  4760.789  3277.757     0.000
   387.227   396.848   443.768   392.637   422.155   366.485  1539.193  4591.560  4721.968  4742.269  3283.522     0.000
   360.478   364.585   365.445   411.780   349.519   404.326  1574.891  4660.171  4900.306  4920.701     0.000     0.000
   359.684   377.697   422.302   365.621   420.545   356.427  1590.132  4653.773  4876.771  4880.046     0.000     0.000
   345.763   361.465   344.253   406.645   333.018   411.233  1620.097  4939.614  5013.227  2545.760  2343.264     0.000
   343.303   352.774   391.699   322.645   410.162   338.841  1634.177  4961.940  5108.874  2563.419  2329.225     0.000
   333.297   358.308   360.201   419.809   346.098   415.206  1722.421  5190.637  1477.364  4025.949   676.689     0.000
   347.562   384.402   443.236   373.368   417.809   363.999  1750.459  5237.760  1386.736  4195.273   659.237     0.000
   347.150   359.454   333.306   406.350   322.836   416.215  1805.159  2505.832  3593.403  3273.969     0.000     0.000
   366.094   382.231   426.903   346.324   425.355   350.118  1842.945  2521.849  3869.140  3391.331     0.000     0.000
   367.358   384.741   394.905   430.563   358.190   420.965  1618.913  1292.830  2753.345  4000.853  2110.719     0.000
   366.293   390.152   432.827   363.846   426.162   362.143  1620.521   878.205  3164.014  4269.754  2040.930     0.000
   401.774   365.513   338.835   430.204  5290.505  3227.953  1116.507  3300.730  4026.015     0.000     0.000     0.000
   347.798   358.826   430.100   331.079  4493.260  2236.741  1349.968  3628.243  4212.565     0.000     0.000     0.000
   387.201   393.105   406.036   466.091   391.461   447.144  1415.478  3548.871  3822.512  3937.482  4485.041     0.000
   409.597   400.075   488.576   424.983   470.458   422.158  1454.833  3541.000  3828.604  3765.451  4466.593     0.000
   395.066   396.775   397.655   462.709   388.224   447.204  1405.607  3650.507  3809.528  3952.664  4439.193     0.000
   397.944   392.607   470.694   407.375   461.460   399.052  1423.987  3639.900  3863.977  4002.031  4460.764     0.000
   380.247   381.408   396.115   455.123   382.878   436.364  1428.345  3757.234  3984.125  4027.962  4520.349     0.000
   378.733   377.600   452.593   395.112   431.003   382.817  1429.487  3720.945  3964.777  3994.009  4506.522     0.000
   358.559   364.990   362.193   425.745   357.740   415.945  1414.512  3755.640  3940.853  4111.648  4542.430     0.000
   365.609   360.221   435.530   368.355   426.682   366.315  1433.874  3714.915  3978.199  4172.253  4550.591     0.000
   372.987   380.225   391.336   446.666   383.063   435.957  1515.987  4005.261  4198.756  4281.556  4725.724     0.000
   371.159   371.904   446.404   386.220   428.628   373.687  1518.062  3968.264  4171.944  4237.745  4705.043     0.000
   394.621   403.684   392.440   460.114   387.358   450.770  1538.990  4106.380  4360.904  4448.866  3592.744     0.000
   396.398   400.494   469.591   398.185   451.118   394.069  1541.501  4060.087  4376.729  4442.298  3579.200     0.000
   352.654   361.940   365.263   423.614   356.855   415.744  1566.222  4294.309  4495.930  4629.764     0.000     0.000
   372.285   379.081   446.227   387.249   433.561   377.397  1588.950  4246.515  4512.867  4606.240     0.000     0.000
   354.417   362.302   349.018   417.374   341.810   409.793  1609.966  4441.850  4641.867  2253.941  2323.765     0.000
   350.616   356.822   417.231   341.095   425.733   357.136  1636.430  4439.070  4717.003  2288.005  2336.381     0.000
   337.755   357.741   358.798   423.062   348.420   417.703  1707.818  4710.354  1177.745  4185.684   638.185     0.000
   348.932   364.397   435.177   369.477   421.544   358.306  1734.925  4679.105  1098.385  3997.616   669.984     0.000
   341.574   358.654   338.084   417.026   331.232   407.481  1822.722  2108.342  3809.926  3270.803     0.000     0.000
   343.198   353.943   409.896   332.417   406.044   331.970  1835.425  2116.271  3627.319  3376.694     0.000     0.000
   365.754   389.639   379.951   441.463   363.869   433.477  1624.125   880.360  3130.954  4243.973  2045.030     0.000
   332.293   358.632   413.220   346.535   411.748   342.015  1605.850  1304.666  2787.706  3998.542  2110.276     0.000
   396.654   348.855   338.140   430.385  4531.982  2298.684  1367.808  3622.518  4228.716     0.000     0.000     0.000
   361.375   364.223   454.221   355.476  5195.588  3227.750  1129.583  3294.089  4057.009     0.000     0.000     0.000
   372.386   391.878   398.252   461.134   376.949   399.560  1415.105  4050.293  4316.859  4282.086  4124.482     0.000
   411.948   413.880   482.990   420.486   430.421   400.312  1458.167  4067.420  4313.461  4163.102  4016.197     0.000
   369.414   387.740   385.378   450.778   364.052   393.355  1390.927  4197.888  4236.129  4251.780  4117.261     0.000
   394.603   389.015   448.957   391.043   418.033   371.349  1408.139  4159.854  4299.594  4322.997  4202.333     0.000
   357.185   376.089   387.708   445.138   367.693   384.619  1425.924  4085.235  4335.860  4354.868  4228.606     0.000
   389.221   392.212   453.575   400.483   397.553   375.917  1438.025  4074.930  4325.999  4344.313  4235.162     0.000
   355.193   375.558   376.837   440.207   358.448   383.976  1426.204  4292.282  4339.309  4365.686  4281.164     0.000
   365.520   361.823   426.375   361.238   387.973   349.856  1423.353  4265.588  4380.235  4404.885  4216.621     0.000
   355.053   373.536   377.446   437.014   364.252   398.677  1510.412  4343.666  4616.235  4624.198  4430.249     0.000
   376.827   375.785   440.606   385.016   399.954   364.518  1504.149  4317.030  4594.009  4589.659  4287.777     0.000
   392.677   400.557   388.051   456.089   373.241   421.534  1546.387  4652.844  4742.652  4768.228  3296.570     0.000
   386.535   376.711   438.419   367.308   409.889   351.315  1520.420  4593.243  4758.250  4781.632  3249.604     0.000
   350.717   375.284   371.329   435.527   362.408   394.814  1586.433  4664.030  4982.703  4904.540     0.000     0.000
   370.487   369.130   437.778   374.792   403.019   359.360  1586.675  4604.889  4909.325  4873.069     0.000     0.000
   355.207   364.008   350.001   421.845   336.882   394.696  1629.031  4940.077  5048.444  2555.786  2334.959     0.000
   348.078   342.439   401.892   325.373   405.410   338.237  1638.671  4928.216  5134.387  2579.629  2302.622     0.000
   336.998   358.355   359.008   430.982   348.652   402.243  1733.864  5165.032  1491.101  4096.057   664.299     0.000
   349.542   356.138   431.209   359.378   405.688   341.324  1738.532  5157.354  1403.910  4268.554   644.775     0.000
   339.950   359.499   340.495   428.208   330.985   399.726  1828.415  2502.794  3646.683  3270.660     0.000     0.000
   358.967   372.044   434.821   351.487   413.132   349.685  1856.935  2519.110  3964.266  3361.333     0.000     0.000
   373.661   381.502   386.206   456.399   371.388   439.209  1628.273  1286.803  2814.021  3989.946  2134.933     0.000
   361.501   372.475   443.661   368.278   429.613   365.350  1627.036   883.302  3230.807  4269.177  2108.714     0.000
   411.887   351.894   341.669   440.458  5251.582  3252.812  1159.766  3282.500  4034.917     0.000     0.000     0.000
   367.051   350.701   445.409   340.380  4485.744  2283.074  1404.705  3607.690  4217.710     0.000     0.000     0.000
   404.741   415.755   426.844   482.873   410.703   466.612  1423.671  3543.127  3862.277  3964.439  4357.742     0.000
   437.415   440.867   519.824   452.030   508.902   441.731  1477.287  3221.900  3789.419  3881.642  4355.738     0.000
   409.745   425.925   411.109   471.235   396.365   471.320  1411.459  3651.690  3860.861  3972.909  4502.435     0.000
   416.148   420.692   479.104   440.139   493.841   415.371  1433.541  3612.873  3874.071  3978.914  4560.602     0.000
   383.424   397.932   396.735   469.418   399.981   446.425  1427.018  3773.825  4025.937  4032.181  4531.280     0.000
   406.522   406.517   470.291   416.041   464.404   400.982  1448.637  3698.375  3951.177  3951.871  4539.274     0.000
   388.498   393.611   390.039   444.819   377.601   440.498  1428.735  3748.823  3994.634  4126.583  4475.811     0.000
   375.822   377.785   445.149   381.429   443.020   380.772  1430.250  3719.888  3950.958  4124.847  4518.945     0.000
   385.022   398.066   402.005   455.656   397.738   454.913  1522.556  4008.918  4233.677  4309.012  4667.656     0.000
   404.235   407.712   461.302   406.153   468.448   391.725  1532.400  3914.250  4140.171  4244.474  4625.007     0.000
   424.507   428.135   408.735   469.028   397.343   474.002  1562.166  4115.244  4425.789  4483.048  3580.803     0.000
   407.377   408.395   461.430   395.735   460.808   380.101  1543.333  4041.512  4377.762  4462.496  3557.838     0.000
   370.496   379.339   376.157   443.357   376.030   434.506  1590.782  4280.176  4534.312  4604.603     0.000     0.000
   386.855   388.305   450.064   421.263   450.492   377.718  1601.252  4227.741  4476.013  4571.098     0.000     0.000
   371.097   378.604   360.101   435.359   358.583   426.920  1630.660  4397.812  4678.523  2286.893  2302.828     0.000
   365.198   363.472   415.206   333.613   440.557   355.489  1653.641  4411.571  4676.454  2264.066  2317.134     0.000
   347.414   358.022   391.347   432.578   352.930   427.508  1722.678  4700.386  1174.820  4264.715   626.288     0.000
   364.258   369.625   455.497   381.804   433.966   370.205  1750.466  4652.382  1066.131  4047.311   651.934     0.000
   364.916   373.515   348.857   447.556   355.163   427.513  1820.654  2107.566  3904.706  3191.008     0.000     0.000
   373.445   371.433   468.647   354.822   434.076   387.436  1852.687  2091.996  3704.407  3352.086     0.000     0.000
   382.963   393.552   388.227   474.750   396.520   449.335  1630.787   893.319  3193.693  4201.554  2094.302     0.000
   359.802   367.565   454.474   363.432   430.096   380.179  1614.623  1316.595  2838.757  4008.854  2139.967     0.000
   416.425   357.107   350.416   446.130  4590.437  2294.102  1385.599  3595.138  4168.182     0.000     0.000     0.000
   367.039   364.850   442.649   340.126  5263.925  3273.418  1143.019  3291.531  3984.250     0.000     0.000     0.000
   419.047   409.616   416.094   479.664   405.007   465.515  1401.186  3993.159  4270.398  4284.156  4072.984     0.000
   440.396   435.144   515.811   452.864   486.333   428.877  1453.115  4041.578  4256.698  4277.071  4033.339     0.000
   412.725   419.336   403.599   485.754   397.090   481.433  1409.974  4131.270  4199.907  4263.101  4177.708     0.000
   447.790   429.898   490.985   425.944   479.265   435.984  1406.443  4142.291  4262.047  4302.791  4131.362     0.000
   386.713   390.707   408.498   462.658   387.452   454.259  1417.215  4055.653  4306.771  4356.895  4178.320     0.000
   418.136   419.459   486.615   424.900   475.236   411.119  1447.844  4071.305  4291.882  4352.569  4153.082     0.000
   408.101   402.138   393.840   461.463   394.890   447.249  1420.048  4252.852  4362.662  4377.353  4226.313     0.000
   406.633   398.901   462.732   394.933   460.252   394.006  1436.689  4225.090  4362.292  4381.402  4246.599     0.000
   403.662   407.220   404.724   469.595   403.033   473.029  1521.119  4300.524  4603.605  4639.077  4380.618     0.000
   403.379   420.890   484.835   409.203   455.630   401.495  1508.892  4327.366  4584.619  4630.455  4357.680     0.000
   425.104   432.472   407.500   489.803   410.467   486.951  1560.514  4626.676  4731.449  4782.217  3283.886     0.000
   425.812   428.036   489.430   411.305   483.588   388.682  1527.275  4596.195  4749.043  4761.581  3331.516     0.000
   370.960   376.261   377.921   440.643   370.908   444.285  1579.307  4625.148  4915.321  4927.786     0.000     0.000
   413.620   392.461   462.797   386.010   435.477   407.917  1563.283  4611.259  4872.586  4873.322     0.000     0.000
   379.603   374.597   366.154   435.327   355.339   432.286  1618.108  4898.285  5002.359  2541.217  2346.149     0.000
   366.475   372.911   433.056   342.517   429.824   360.043  1639.049  4933.213  5074.317  2575.339  2334.827     0.000
   382.976   366.765   363.274   437.183   383.339   439.640  1711.334  5154.959  1478.725  4095.026   697.437     0.000
   375.040   381.291   447.580   378.025   444.951   372.952  1735.774  5159.707  1391.335  4249.569   662.092     0.000
   375.239   375.040   367.425   440.604    98.926   430.946  1794.965  2474.694  3680.276  3299.913     0.000     0.000
   385.321   392.437   446.082   391.091   438.460   364.964  1835.782  2495.256  3932.583  3390.233     0.000     0.000
   377.578   409.071   413.012   461.852   371.867   482.052  1631.680  1292.364  2816.291  4036.365  2210.246     0.000
   360.755   392.667   438.249   388.430   436.600   362.075  1595.001   884.203  3259.688  4319.681  2174.510     0.000
   409.285   356.975   355.551   439.869  5279.665  3280.048  1140.091  3342.116  4160.167     0.000     0.000     0.000
   370.634   375.281   454.770   363.082  4514.959  2293.307  1381.373  3670.035  4319.920     0.000     0.000     0.000
   409.504   410.976   416.054   479.240   413.600   475.821  1410.510  3500.863  3812.843  3924.195  4441.791     0.000
   436.534   445.711   510.018   438.449   503.136   441.610  1451.966  3504.994  3782.720  3879.539  4419.999     0.000
   398.373   413.619   411.001   477.149   399.830   472.523  1411.270  3617.255  3810.879  3955.469  4410.693     0.000
   407.283   446.485   506.053   441.984   502.725   418.706  1426.250  3616.480  3853.332  4013.297  4457.981     0.000
   395.719   386.814   392.431   448.625   404.779   446.436  1423.408  3727.914  3962.283  4003.081  4497.393     0.000
   394.299   412.661   468.289   413.101   460.054   396.651  1438.991  3710.870  3932.819  3984.082  4525.263     0.000
   395.380   403.192   402.973   463.158   392.677   462.852  1432.400  3731.748  3936.777  4092.714  4518.263     0.000
   381.161   389.549   447.903   384.728   449.525   379.175  1423.831  3735.280  3910.018  4150.803  4533.017     0.000
   394.230   401.790   412.809   464.549   402.232   465.436  1521.458  3972.900  4204.708  4279.946  4710.979     0.000
   389.140   397.650   464.314   405.660   455.322   392.061  1532.494  3926.819  4183.378  4240.496  4698.848     0.000
   416.620   432.156   410.926   478.974   406.232   478.173  1555.477  4098.035  4373.925  4451.318  3616.837     0.000
   395.927   416.236   468.976   399.409   449.358   377.894  1522.719  4030.873  4345.932  4453.936  3594.521     0.000
   366.382   379.035   382.030   437.964   379.439   434.843  1578.045  4249.244  4468.332  4598.188     0.000     0.000
   370.197   419.275   477.560   421.315   468.335   383.275  1589.568  4221.469  4446.260  4616.062     0.000     0.000
   375.009   379.094   366.500   431.065   365.785   430.787  1631.807  4382.389  4589.241  2262.433  2312.876     0.000
   347.618   357.969   409.043   328.650   428.886   354.446  1657.143  4401.628  4666.733  2333.573  2327.925     0.000
   346.538   384.916   383.527   455.045   355.741   449.743  1719.086  4636.202  1177.112  4227.525   638.086     0.000
   366.935   381.738   448.642   376.334   432.447   371.062  1740.937  4653.159  1112.427  4010.251   658.840     0.000
   377.961   374.014   350.000   430.618   354.227   421.204  1832.344  2077.208  3903.927  3200.195     0.000     0.000
   402.670   385.671   434.009   355.331   435.469   391.346  1848.314  2093.968  3688.985  3366.869     0.000     0.000
   405.435   386.980   388.010   453.541   399.432   445.166  1610.166   894.265  3177.816  4237.684  2149.184     0.000
   372.941   359.659   424.697   362.763   428.691   382.447  1605.780  1309.433  2815.260  4027.790  2173.790     0.000
   419.009   351.839   346.496   439.095  4550.165  2293.415  1378.430  3656.402  4295.886     0.000     0.000     0.000
   352.480   357.904   443.597   344.841  5261.705  3211.933  1147.894  3317.281  4066.922     0.000     0.000     0.000
   364.163   382.719   387.949   455.386   383.874   444.924  1425.165  4013.458  4279.954  4313.253  4095.799     0.000
   420.234   427.371   505.857   433.411   479.766   422.390  1467.996  4049.904  4227.780  4272.908  4004.511     0.000
   391.175   397.209   395.499   469.636   389.475   456.836  1406.001  4153.414  4178.780  4294.258  4080.778     0.000
   411.752   425.344   490.031   422.057   487.136   412.683  1442.051  4152.296  4263.732  4324.578  4122.391     0.000
   368.204   381.807   383.639   455.026   382.645   439.382  1430.266  4033.300  4290.255  4353.767  4193.300     0.000
   380.322   388.277   455.303   395.844   443.956   383.785  1450.355  4054.201  4266.128  4355.458  4179.907     0.000
   384.082   402.175   397.569   462.971   389.056   452.346  1436.797  4244.240  4324.822  4391.271  4244.554     0.000
   382.017   396.589   457.211   386.882   449.742   380.882  1460.884  4239.669  4356.994  4417.925  4240.163     0.000
   426.196   422.937   428.441   486.674   423.005   482.557  1533.816  4339.076  4608.697  4685.370  4457.403     0.000
   406.078   418.437   481.972   411.667   459.017   402.320  1547.118  4327.670  4577.890  4632.205  4393.157     0.000
   407.027   411.209   405.108   476.024   408.791   465.305  1550.655  4626.215  4708.785  4816.918  3331.124     0.000
   403.009   417.378   475.849   402.237   446.802   378.881  1535.038  4575.840  4687.487  4766.506  3337.833     0.000
   358.409   374.941   374.446   437.657   368.797   437.440  1575.237  4629.267  4890.609  4917.591     0.000     0.000
   375.014   388.425   440.364   382.885   435.308   366.409  1583.791  4632.948  4862.360  4880.979     0.000     0.000
   372.084   387.205   368.487   438.791   357.049   429.310  1653.636  4912.352  5007.019  2583.111  2330.457     0.000
   391.089   401.792   455.563   375.404   464.620   393.157  1665.207  4964.121  5072.494  2617.419  2312.674     0.000
   354.760   353.028   357.640   435.941   350.658 -1384.969  1715.492  5141.076  1481.561  4043.931   671.164     0.000
   356.664   367.667   445.117   371.122   431.927   357.149  1749.912  5192.615  1407.227  4259.796   644.754     0.000
   354.628   373.638   350.681   436.388   348.210   428.648  1844.378  2494.708  3661.421  3200.285     0.000     0.000
   377.939   391.836   450.148   367.240   441.755   366.019  1890.805  2515.072  3933.435  3336.871     0.000     0.000
   340.629   372.070   364.560   435.439   356.967   431.139  1654.616  1306.907  2802.199  3993.407  2161.528     0.000
   355.446   375.196   442.020   368.755   442.437   367.894  1665.626   889.510  3217.241  4225.585  2098.542     0.000
   410.544   370.059   354.855   453.435  5245.062  3251.562  8681.024  3308.914  4011.748     0.000     0.000     0.000
   350.714   353.428   445.512   342.148  4495.859  2294.273  8639.169  3608.456  4171.043     0.000     0.000     0.000
   376.316   381.245   401.446   442.994   374.765   440.850  1408.744  3515.861  3816.851  3919.280  4408.811     0.000
   417.484   415.938   492.246   439.267   479.581   416.500  1459.898  3517.217  3816.957  3882.378  4389.183     0.000
   394.118   396.451   405.788   450.947   386.959   457.024  1407.420  3630.846  3798.379  3948.546  4407.435     0.000
   406.483   409.951   476.579   418.575   479.896   403.264  1431.167  3633.370  3872.848  3972.772  4424.614     0.000
   369.526   378.404   397.396   439.062   382.812   429.368  1435.042  3723.082  3963.263  4019.040  4493.884     0.000
   375.962   385.687   446.184   400.006   433.867   380.798  1435.186  3684.984  3953.431  3944.905  4438.515     0.000
   402.449   390.964   402.083   446.465   382.210   454.437  1443.784  3736.046  3932.963  4116.368  4501.201     0.000
   384.702   392.760   446.255   393.569   443.674   380.422  1447.152  3740.706  4000.004  4127.686  4480.185     0.000
   419.706   438.349   446.423   485.232   436.275   489.813  1558.008  3986.582  4174.767  4293.807  4698.528     0.000
   400.255   406.738   472.060   421.415   461.273   401.396  1523.351  3954.463  4184.859  4221.251  4664.119     0.000
   407.359   415.230   411.049   474.606   398.330   466.530  1564.728  4115.695  4371.449  4465.235  3674.200     0.000
   395.879   411.778   470.671   401.880   447.870   375.682  1543.239  4059.498  4401.820  4420.912  3618.660     0.000
   363.368   369.312   383.002   432.420   365.736   434.356  1596.759  4258.079  4474.401  4592.418     0.000     0.000
   367.834   382.894   444.826   386.888   429.753   371.914  1592.922  4255.098  4524.038  4517.915     0.000     0.000
   376.636   381.609   371.080   433.357   356.131   424.453  1638.795  4440.526  4667.846  2325.298  2326.665     0.000
   380.311   389.108   445.842   367.763   456.896   386.599  1682.595  4449.858  4744.748  2283.069  2328.193     0.000
   339.599   348.854   351.046   415.972   342.081   413.258  1711.604  4676.744  1165.386  4229.950   634.525     0.000
   344.004   369.064   435.886   371.242   422.847   354.109  1736.982  4681.304  1108.126  4057.746   667.494     0.000
   349.721   367.796   346.961   424.342   335.343   415.992  1808.466  2081.100  3870.600  3153.539     0.000     0.000
   370.294   391.251   440.563   355.939   437.000   359.323  1843.494  2108.743  3707.099  3329.311     0.000     0.000
   357.143   366.519   364.455   422.787   343.721   421.973  1593.860   903.297  3151.437  4198.901  2069.384     0.000
   353.978   362.365   426.890   361.311   428.574   356.009  1605.494  1305.613  2838.077  3964.372  2113.407     0.000
   401.547   348.943   335.589   451.049  4564.254  2320.778  1369.688  3588.611  4146.422     0.000     0.000     0.000
   333.604   356.510   441.866   339.914  5301.200  3311.613  1139.169  3281.985  3945.002     0.000     0.000     0.000
