     0.000     0.000     0.000     0.000     0.000     0.000  4019.838  4681.591  4783.543  1429.424  2585.325  3645.832
     0.000     0.000     0.000     0.000     0.000     0.000  3613.490  4299.950  3850.565   961.103  3062.222  3843.866
     0.000     0.000     0.000   953.085  1069.692  1525.729  3248.172  3742.617  4163.111  5225.095  1056.142  3006.030
     0.000     0.000     0.000  1049.617   978.745  2637.828  2893.862  3289.099  3913.076  4558.820   821.827  3415.408
   354.960   998.241  1280.939  1460.280  1184.593  1478.592  2323.889  2689.190  3128.484  3527.187  3905.379  4029.028
   543.102   699.205  1493.457  1225.413  1318.479  1187.707  4297.279  2427.634  2810.504  3070.129  3585.509  3848.429
   498.332   941.583  1136.183  1267.123  1045.809  1194.960  1997.567  1940.543  2526.339  2828.077  3185.884  4354.609
   933.854   504.201  1269.708  1061.077  1191.884  1010.101  3627.538  1572.628  2162.204  2562.000  2802.425  3740.781
   420.412   808.802   992.978  1127.876   954.377  1067.365  1725.802   710.349  1451.169  2819.704  2557.969  3299.638
   767.234   427.784  1138.644   978.611  1065.619   899.074  3170.275  1689.348  1119.036  2259.358  2253.039  2910.596
   381.635   713.952   913.703  1008.792   915.925   974.598  1566.536  2244.161   682.730     0.000  2073.471  2693.809
   686.687   383.972  1040.436   852.205  1026.499   848.925  2833.156  3676.478  1561.743     0.000  1678.980  2335.488
   351.032   641.095   886.700   953.462   832.267   918.955  1445.840  2332.991  2190.956   689.053     0.000  2158.162
   612.826   354.980   960.775   841.972   933.551   808.919  2558.462  3028.637  3588.893  1614.613     0.000  1809.344
   326.084   591.210   838.703   884.043   787.849   891.336  1334.323  2097.779  2241.743  2099.698   994.667  1357.215
   576.093   342.706   927.800   784.688   873.632   772.856  2337.953  2800.895  3011.930  3431.417  2028.466  1078.395
   267.881   566.084   758.305   831.826   769.944   827.039  1112.246  1815.674  1904.007  1965.078  1863.294   394.646
   540.338   307.295   831.088   739.264   846.212   746.048  2304.082  2951.852  3164.494  3496.354  3853.933   885.279
   365.638   404.167   759.181   819.570   749.971   795.538  1315.754  2162.951  2258.769  2437.546  2566.475  2703.057
   449.286   403.331   824.808   749.490   781.387   718.455  1767.954  2821.052  3677.330  3193.229  3431.655  1629.053
   347.384   389.370   732.234   780.879   725.095   780.060  1300.878  2321.619  2227.757  2301.629  2468.881  2000.156
   381.554   373.017   799.248   707.627   788.610   721.525  1574.655  2467.175  2428.023  2508.726  2693.866  2462.420
   346.236   353.692   729.976   775.862   708.809   762.513  1258.061  2328.071  2236.880  2108.321  2280.580  1831.240
   353.909   352.600   786.424   709.484   768.255   708.260  1470.617  2541.701  2425.979  2316.189  2525.367  2029.705
   368.340   348.288   749.945   778.259   748.320   783.361  1245.263  2138.621  2328.591  2149.639  2160.364  1727.052
   380.826   378.630   857.031   746.214   816.787   763.786  1462.202  2477.609  2536.917  2327.170  2361.017  1948.738
   352.789   350.958   729.768   809.445   701.728   789.322  1209.141  2013.354  2105.773  2193.224  2121.736  1582.157
   358.492   343.075   769.286   733.098   759.369   688.210  1381.636  2285.443  2388.927  2356.326  2280.516  1792.550
   326.278   313.582   849.445     0.000     0.000     0.000  1184.028  1883.940  1967.231  2035.127  2101.083  1507.760
   338.653   305.228   888.289     0.000     0.000     0.000  1271.785  2138.344  2221.524  2210.344  2241.606  1664.242
   314.811   310.312   842.036     0.000     0.000     0.000  1158.514  1760.200  1830.524  1890.290  1928.230  1500.415
   307.620   309.343   861.982     0.000     0.000     0.000  1233.693  2103.576  2143.672  2154.317  2183.987  1643.140
   293.624   295.961   806.561     0.000     0.000     0.000  1131.112  1665.676  1802.879  1813.601  1855.471  1478.701
   292.564   314.496   831.626     0.000     0.000     0.000  1197.134  2038.268  2085.254  2079.389  2088.041  1632.977
   296.876   304.474   805.321     0.000     0.000     0.000  1108.078  1651.338  1650.153  1693.826  1733.774  1380.189
   314.346   306.864   814.066     0.000     0.000     0.000  1185.634  1985.199  2018.719  2008.858  2021.271  1573.974
   300.530   284.883   809.495     0.000     0.000     0.000  1116.502  1658.638  1652.621  1586.734  1676.068  1281.096
   294.740   305.279   805.372     0.000     0.000     0.000  1156.572  1921.227  1951.978  1929.822  1953.873  1493.900
   310.810   275.289   771.814     0.000     0.000     0.000  1092.915  1670.123  1632.990  1617.438  1580.584  1234.041
   293.844   280.350   791.196     0.000     0.000     0.000  1114.463  1837.199  1853.789  1910.443  1918.129  1448.615
   312.175   330.751   918.377  1292.897     0.000     0.000     0.000  2260.771  2373.150  2473.201  2529.683  2053.314
   325.365   317.667   911.081  1297.669     0.000     0.000     0.000  2151.959  2203.630  2341.344  2403.203  1935.060
   288.709   287.026   804.347  1156.973     0.000     0.000     0.000  1993.785  2043.814  2188.132  2274.973  1802.887
     0.000     0.000     0.000     0.000     0.000     0.000     0.000  1745.129  1767.555  1852.709  1904.454  1470.163
     0.000     0.000     0.000     0.000     0.000     0.000     0.000     0.000     0.000  1735.769  1747.516  1355.934
   520.241  1389.548   578.448  1328.436   650.145  1106.351   698.919  1212.198   428.044   829.837   443.453   756.712
     0.000     0.000     0.000     0.000     0.000     0.000     0.000     0.000     0.000     0.000     0.000     0.000
   867.274  1108.507   910.797  1167.395   552.416   769.510   570.816   621.909   616.434   546.073     0.000     0.000
     0.000     0.000     0.000     0.000     0.000     0.000  3603.687  4281.833  3885.178   942.924  3109.648  3857.768
     0.000     0.000     0.000     0.000     0.000     0.000  3995.154  4630.856  4808.127  1377.033  2578.434  3591.591
     0.000     0.000     0.000   953.995  1069.375  2673.048  2868.684  3277.732  3886.091  4455.461   808.560  3386.002
     0.000     0.000     0.000  1080.998  1013.341  1575.108  3249.813  3677.973  4207.813  5195.388  1073.510  2986.462
   562.574   726.310  1189.816  1432.200  1120.573  1359.468  4198.343  2342.737  2751.992  3024.350  3478.359  3280.362
   353.381   992.331  1432.800  1390.248  1356.749  1213.526  2469.251  2680.514  3100.855  3555.090  3825.267  4037.924
   942.544   515.014  1080.862  1249.515  1011.453  1210.793  3652.289  1540.780  2134.045  2577.262  2743.103  3688.911
   486.402   936.288  1250.359  1116.421  1162.984  1073.720  1980.530  1921.040  2490.939  2825.011  3115.994  4402.386
   761.804   424.059   961.700  1133.619   937.280  1077.735  3195.878  2428.518  1117.592  2276.878  2274.816  2921.514
   430.697   803.386  1104.284   990.442  1059.892   945.808  1730.796  2379.212  1427.809  2803.259  2483.325  3211.506
   673.522   387.917   976.873   978.428   856.286   990.088  2834.059  3785.448  2101.995     0.000  1648.054  2322.068
   376.652   710.709  1069.045   879.312  1008.631   877.918  1582.063  3685.275  2028.236     0.000  2076.580  2724.170
   625.559   364.578   852.431   979.239   823.899   947.412  2581.859  3388.871  3724.016  2383.046     0.000  1792.396
   343.576   640.027   954.658   864.602   940.585   843.629  1445.638  3042.512  3554.403  2276.068     0.000  2145.598
   576.792   341.076   811.856   936.220   805.673   910.913  2355.745  3142.500  3314.571  3602.352  2797.121  1074.286
   340.718   612.348   916.293   830.886   876.028   784.428  1333.948  2802.295  3070.937  3312.888  2659.260  1368.355
   546.234   310.951   752.189   835.339   728.966   825.792  2295.826  2921.633  3107.650  3259.828  3460.159   868.611
   268.771   557.203   862.057   766.636   828.741   742.973  1101.069  2491.174  2727.201  2905.141  3189.937   850.203
   423.744   384.404   726.408   796.088   697.598   781.454  1767.924  2195.712  2283.637  2368.683  2504.321  2147.102
   362.614   412.521   818.014   758.674   806.012   730.422  1301.234  2250.727  2428.626  2664.549  2814.890  2385.105
   375.981   381.231   726.853   789.006   707.936   766.264  1580.547  2283.533  2206.591  2240.473  2349.944  1821.671
   358.885   361.715   796.327   748.775   790.316   731.154  1272.689  2374.326  2339.906  2411.223  2667.117  2207.227
   343.844   357.407   697.009   756.116   702.814   762.995  1470.538  2312.702  2208.115  2107.381  2210.717  1685.942
   335.318   352.172   782.030   705.670   772.854   724.432  1250.253  2410.488  2339.020  2190.564  2793.601  2025.988
   367.485   375.784   714.301   797.961   733.610   781.920  1409.388  2165.608  2345.654  2180.777  2172.718  1647.775
   365.302   373.221   821.677   758.240   810.030   763.150  1268.170  2324.090  2453.900  2210.365  2700.168  1880.226
   358.757   357.307   725.469   762.889   703.504   788.569  1370.438  2087.092  2187.865  2217.769  2159.625  1546.259
   344.815   353.432   785.702   751.409   802.529   694.129  1199.388  2129.289  2259.484  2307.424  2174.728  1671.203
   329.828   334.532   873.542     0.000     0.000     0.000  1295.184  1933.136  2037.551  2054.894  2121.100  1473.645
   313.916   321.363   879.169     0.000     0.000     0.000  1162.855  1981.026  2103.528  2117.898  2157.730  1563.655
   320.573   321.870   859.351     0.000     0.000     0.000  1237.917  1852.452  1927.860  1922.365  1977.601  1478.786
   303.646   313.064   828.130     0.000     0.000     0.000  1147.437  1904.437  2009.157  2011.656  2029.280  1547.788
   309.321   311.017   828.336     0.000     0.000     0.000  1214.373  1806.318  1862.614  1890.333  1919.713  1443.026
   299.886   309.191   828.055     0.000     0.000     0.000  1116.825  1851.868  1921.863  1938.254  3811.051  1517.955
   299.682   297.164   827.109     0.000     0.000     0.000  1170.112  1750.996  1797.620  1796.097  1829.359  1353.571
   316.353   311.042   829.895     0.000     0.000     0.000  1131.118  1790.477  1838.296  1840.149  3393.636  1423.016
   305.104   310.407   815.447     0.000     0.000     0.000  1175.439  1750.476  1747.425  1715.327  1726.933  1283.257
   275.896   286.432   814.304     0.000     0.000     0.000  8107.274  1744.360  1791.224  1785.947  1761.867  1346.059
   317.958   298.031   802.260     0.000     0.000     0.000  1144.504  1677.108  1666.485  1691.306  1704.120  1267.129
   294.254   292.388   806.374     0.000     0.000     0.000  8060.326  1716.364  1739.844  1717.010  1694.944  1296.935
   333.000   337.022   941.293  1311.246     0.000     0.000     0.000  2233.944  2344.308  2472.217  2537.287  2023.281
   326.394   316.661   910.714  1299.235     0.000     0.000     0.000  2141.488  2199.847  2367.728  2436.077  1903.236
   300.753   315.804   828.663  1210.857     0.000     0.000     0.000  2063.956  2081.678  2264.476  2314.068  1770.339
     0.000     0.000     0.000     0.000     0.000     0.000     0.000  1679.512  1735.416  1932.190  2014.525  1475.774
     0.000     0.000     0.000     0.000     0.000     0.000     0.000     0.000     0.000  1623.845  1659.226  1264.337
   501.740  1331.401   472.467  1374.327   700.906  1209.853   663.509  1094.760   498.221   772.791   432.719   816.677
     0.000     0.000     0.000     0.000     0.000     0.000     0.000     0.000     0.000     0.000     0.000     0.000
   940.036  1169.366   881.649  1127.419   582.639   616.482   531.556   780.431   536.296   627.855     0.000     0.000
     0.000     0.000     0.000     0.000     0.000     0.000  3989.188  4603.184  4788.800  1387.343  2514.748  3545.472
     0.000     0.000     0.000     0.000     0.000     0.000  3567.275  4253.656  3841.562   925.911  2969.404  3727.895
     0.000     0.000     0.000   975.197  1082.570  1556.748  3216.069  3713.835  4171.366  5072.027  1076.317  2902.130
     0.000     0.000     0.000  1041.472   956.009  2647.605  2827.749  3246.496  3867.975  4469.838   808.755  3280.650
   334.754   968.167  1300.985  1388.395  1157.744  1308.596  2283.840  2604.983  3077.821  3494.678  3786.762  4007.447
   518.531   697.083  1461.694  1211.619  1363.820  1174.819  4250.028  2374.978  2774.300  3036.894  3504.560  3723.341
   483.525   928.984  1125.640  1218.770  1058.498  1194.950  1992.677  1892.273  2480.508  2816.504  3097.186  4355.065
   915.838   485.448  1254.260  1056.855  1176.415  1020.519  3604.784  1542.577  2138.520  2550.814  2743.443  3742.712
   425.125   783.695   999.316  1088.186   959.705  1066.806  1727.706  1852.635  1410.981  2804.334  2492.525  3246.131
   741.719   421.866  1140.309   967.052  1050.661   908.596  3135.848  2271.567  1101.715  2256.760  2196.534  2916.536
   363.273   710.925   903.673  1040.521   896.994  1001.366  1551.306  3808.714  1640.543     0.000  2000.841  2670.416
   654.428   371.456   979.698   930.338   999.331   844.214  2803.564  3670.357  2118.715     0.000  1652.776  2320.584
   340.359   637.076   890.139   969.195   832.577   944.597  1427.776  3290.384  3659.382  1714.096     0.000  2160.917
   613.044   341.343   947.490   833.055   914.560   793.489  2529.370  3212.044  3600.037  2296.796     0.000  1793.325
   346.223   576.189   809.052   894.571   791.939   899.118  1309.015  2871.015  3200.200  3392.713  2025.148  1343.669
   556.296   310.558   920.824   781.530   884.365   770.042  2300.500  2968.862  3185.477  3309.610  2654.376  1062.821
   259.577   564.333   772.214   843.641   769.851   833.565  1101.653  2515.907  2738.484  2859.921  3009.775   589.483
   533.134   298.532   849.201   742.114   833.838   728.579  2258.511  2650.041  2800.118  2955.018  3091.093   794.631
   349.582   385.605   746.572   817.312   743.736   803.473  1312.526  2239.868  2364.822  2481.772  2633.688  1744.455
   433.827   377.500   817.179   738.157   777.628   704.287  1732.982  2281.744  2406.218  2504.152  2669.343  2159.438
   340.794   374.862   733.758   787.751   717.632   791.844  1339.240  2287.155  2285.327  2321.819  2481.234  2012.098
   379.932   372.027   819.538   731.507   801.930   740.109  1566.615  2369.706  2364.110  2391.322  2546.068  2090.327
   343.063   344.641   723.437   790.082   717.385   776.223  1255.695  2358.620  2217.845  2100.934  2251.660  1819.016
   352.811   346.131   775.365   709.592   790.785   717.418  1481.834  2359.607  2326.759  2212.790  2338.544  1908.365
   350.211   341.319   727.863   769.078   721.110   778.098  1208.904  2186.719  2367.306  2122.289  2101.693  1661.828
   353.305   364.143   815.942   712.523   739.665   690.514  1370.797  2205.277  2335.672  2137.694  2136.615  1743.561
   321.580   347.476   722.019   759.198   695.798   784.524  1194.459  2073.806  2186.239  2191.087  2114.128  1555.264
   339.492   339.965   758.252   721.188   748.927   683.855  1324.876  2102.858  2201.462  2185.979  2122.176  1638.345
   315.495   311.340   860.990     0.000     0.000     0.000  1166.419  1944.880  2075.318  2121.469  2170.598  1533.297
   346.408   333.434   902.646     0.000     0.000     0.000  1302.849  2055.954  2139.428  2121.958  2145.509  1617.629
   321.908   310.830   846.505     0.000     0.000     0.000  1149.574  1878.397  1959.946  1956.227  2015.778  1512.678
   325.412   319.150   865.950     0.000     0.000     0.000  1238.679  1917.826  1999.241  1978.687  2027.102  1534.621
   308.835   308.627   828.575     0.000     0.000     0.000  1146.964  1815.764  1862.066  1877.566  1901.283  1460.648
   300.577   351.613   825.595     0.000     0.000     0.000  1175.861  1854.922  1896.994  1863.805  1895.843  1468.095
   302.885   343.405   840.197     0.000     0.000     0.000  1123.837  1771.516  1776.162  1763.155  1810.328  1370.972
   302.705   336.814   822.880     0.000     0.000     0.000  1183.838  1821.050  1846.487  1813.036  1831.763  1427.247
   285.220   268.603   794.831     0.000     0.000     0.000  1095.077  1704.226  1745.321  1722.814  1729.100  1307.563
   296.286   298.587   795.781     0.000     0.000     0.000  1119.421  1740.428  1755.368  1730.947  1743.771  1317.140
   262.811   281.706   760.124     0.000     0.000     0.000  1088.179  1665.218  1682.981  1680.218  1680.364  1228.411
   289.063   311.846   777.726     0.000     0.000     0.000  1110.760  1676.601  1669.879  1691.592  1689.566  1272.881
   313.248   338.639   913.409  1307.778     0.000     0.000     0.000  2246.203  2328.448  2423.702  2521.932  2036.369
   329.146   354.500   912.401  1287.323     0.000     0.000     0.000  2144.316  2192.083  2301.736  2388.958  1890.286
   270.293   282.973   801.412  1137.244     0.000     0.000     0.000  2049.505  2078.147  2201.115  2300.475  1764.230
     0.000     0.000     0.000     0.000     0.000     0.000     0.000  1673.243  1719.814  1861.046  1953.854  1461.730
     0.000     0.000     0.000     0.000     0.000     0.000     0.000     0.000     0.000  1625.587  1628.987  1270.593
   509.057  1355.794   569.154  1317.326   648.164  1064.244   694.879  1185.083   407.272   828.056   439.136   757.614
     0.000     0.000     0.000     0.000     0.000     0.000     0.000     0.000     0.000     0.000     0.000     0.000
   869.060  1097.515   891.065  1170.780   539.713   770.214   564.325   599.108   603.234   534.712     0.000     0.000
     0.000     0.000     0.000     0.000     0.000     0.000  3657.883  4325.790  3881.744   965.481  2990.323  3712.667
     0.000     0.000     0.000     0.000     0.000     0.000  3998.442  4697.654  4808.903  1378.988  2510.644  3501.551
     0.000     0.000     0.000   951.746  1061.285  2630.557  2857.536  3275.236  3867.939  4512.041   787.747  3277.549
     0.000     0.000     0.000  1031.788   940.608  1509.470  3226.486  3728.451  4181.860  5220.097  1013.642  2887.417
   489.446   653.119  1202.202  1438.192  1123.518  1290.251  4154.065  2360.477  2808.345  3032.265  3501.924  3671.519
   341.448   989.354  1504.737  1288.903  1504.022  1215.298  2333.151  2683.214  3134.191  3537.733  3897.698  3948.096
   941.960   489.122  1062.918  1262.256  1001.280  1214.420  3587.601  1534.932  2184.775  2569.507  2755.415  3657.409
   500.482   908.068  1271.547  1109.097  1173.154  1062.815  1974.324  1926.336  2591.252  2834.863  3154.359  4335.231
   755.228   410.586   944.750  1108.754   912.765  1067.538  3149.854  2469.457  1120.101  2290.961  2249.715  2892.928
   441.614   802.123  1102.380   984.994  1044.960   944.709  1695.544  1403.650  1452.595  2773.447  2538.602  3196.779
   669.536   374.595   865.539  1016.828   875.299   981.787  2815.557  3733.320  2082.437     0.000  1635.945  2285.701
   367.077   689.464  1012.657   878.800   977.902   878.924  1558.229  3078.779  1286.940     0.000  2070.629  2691.836
   611.185   345.432   845.601   958.230   785.875   926.518  2519.439  3198.016  3621.022  2303.247     0.000  1791.782
   344.452   623.651   942.816   852.964   916.651   834.621  1413.360  2768.498  3045.511  1370.431     0.000  2115.397
   543.418   310.073   786.318   895.676   776.842   885.899  2303.556  2939.318  3161.995  3306.915  2664.176  1066.387
   310.580   569.130   894.591   815.222   875.286   785.739  1309.275  2518.843  2743.797  2977.639  1609.139  1384.287
   535.017   292.728   756.776   841.395   749.214   828.328  2266.305  2630.554  2802.950  2950.335  3104.199   807.300
   248.692   533.922   845.778   755.140   812.675   735.954  1064.162  2333.631  2485.477  2689.290  2711.061   555.450
   426.803   378.320   756.729   824.336   733.915   795.411  1762.935  2319.953  2406.911  2561.935  2684.105  2187.720
   350.777   390.865   826.062   751.614   770.486   717.149  1261.776  2174.340  2300.227  2423.084    82.917  1683.911
   359.829   368.281   711.063   780.655   716.030   777.245  1590.947  2335.329  2373.884  2369.183  2522.488  2068.546
   357.114   368.781   786.875   743.002   787.376   745.269  1289.928  2288.645  2253.348  2336.441  2332.188  1971.565
   349.097   352.749   726.731   777.665   704.187   774.325  1463.220  2336.620  2313.529  2182.942  2283.678  1858.407
   331.393   344.625   765.787   719.628   774.822   724.353  1251.471  2364.155  2239.575  2110.195  2175.365  1777.568
   352.682   359.479   715.774   769.108   704.547   747.520  1390.279  2201.678  2302.445  2175.468  2177.384  1733.057
   335.162   330.509   779.325   726.153   747.745   697.752  1183.299  2148.298  2281.558  2049.366  2018.603  1628.888
   337.496   344.698   710.083   771.030   692.096   770.849  1346.809  2107.611  2160.520  2174.737  2144.838  1585.741
   319.568   319.203   763.881   728.397   756.032   669.411  1176.855  2026.360  2166.520  2172.302  2042.390  1523.768
   331.054   333.755   875.792     0.000     0.000     0.000  1276.102  1980.552  2111.961  2121.231  2139.998  1577.627
   328.947   332.912   866.028     0.000     0.000     0.000  1180.257  1959.002  2069.120  2098.110  2149.625  1520.236
   312.712   312.254   854.719     0.000     0.000     0.000  1241.876  1897.475  1977.154  1977.906  1996.730  1510.041
   304.213   312.924   841.247     0.000     0.000     0.000  1132.514  1838.935  1929.921  1948.311  1963.960  1493.233
   316.103   313.335   844.678     0.000     0.000     0.000  1199.407  1865.313  1900.456  1898.667  1917.794  1453.508
   297.463   307.981   835.572     0.000     0.000     0.000  1092.623  1733.974  1852.742  1838.948  1850.949  1432.321
   297.115   307.944   826.936     0.000     0.000     0.000  1174.628  1811.998  1796.189  1800.172  1823.229  1377.870
   299.916   307.671   799.083     0.000     0.000     0.000  1126.535  1772.489  1766.140  1774.666  1789.335  1380.147
   282.996   294.766   777.314     0.000     0.000     0.000  1135.302  1729.339  1784.383  1728.836  1751.256  1311.256
   290.505   305.002   769.529     0.000     0.000     0.000  1083.838  1696.395  1700.037  1653.157  1700.358  1306.708
   274.745   279.779   757.928     0.000     0.000     0.000  1098.197  1655.937  1654.130  1704.598  1695.691  1251.556
   276.010   277.469   767.705     0.000     0.000     0.000  1059.603  1694.612  1706.101  1665.381  1625.110  1256.511
   312.939   317.490   901.807  1278.445     0.000     0.000     0.000  2204.775  2317.357  2388.993  2505.422  1962.641
   306.332   309.095   902.084  1290.680     0.000     0.000     0.000  2118.819  2153.319  2280.885  2365.345  1855.525
   266.163   294.174   827.536  1157.042     0.000     0.000     0.000  2020.272  2050.952  2168.002  2235.819  1732.693
     0.000     0.000     0.000     0.000     0.000     0.000     0.000  1699.112  1723.881  1895.544  1937.534  1433.792
     0.000     0.000     0.000     0.000     0.000     0.000     0.000     0.000     0.000  1664.752  1664.769  1264.248
   487.420  1317.248   459.442  1350.555   694.073  1174.251   655.525  1057.207   495.994   745.733   417.768   787.294
     0.000     0.000     0.000     0.000     0.000     0.000     0.000     0.000     0.000     0.000     0.000     0.000
   927.457  1175.350   867.743  1115.215   572.726   578.136   525.893   748.081   522.070   600.346     0.000     0.000
     0.000     0.000     0.000     0.000     0.000     0.000  4019.902  4726.159  4846.564  1401.147  2626.981  3596.021
     0.000     0.000     0.000     0.000     0.000     0.000  3640.464  4365.958  3825.486   960.604  3161.719  3782.779
     0.000     0.000     0.000   949.570  1046.912  1548.113  3296.860  3769.896  4222.900  5181.330  1050.093  2984.816
     0.000     0.000     0.000  1031.223   936.387  2636.085  2877.017  3291.722  3880.427  4480.891   813.507  3345.336
   290.840   922.677  1244.176  1423.580  1159.059  1450.333  2276.545  2634.999  3078.845  3493.668  3834.626  3927.826
   506.018   654.966  1420.199  1178.402  1249.552  1098.448  4122.702  2310.508  2738.593  2946.224  3409.499  3614.902
   497.929   904.746  1117.928  1222.441  1026.831  1171.024  1993.790  1905.999  2538.161  2787.983  3121.307  4296.128
   934.501   467.568  1238.147  1030.532  1168.710   997.894  3538.112  1516.677  2165.163  2521.020  2732.423  3656.139
   432.049   792.991   977.257  1071.151   935.403  1044.754  1733.663  1414.697  1446.938  2824.641  2581.349  3300.974
   761.239   426.922  1123.612   949.979  1053.824   915.699  3151.738  2487.481  1134.594  2292.415  2281.594  2903.162
   383.940   706.827   925.645   995.262   906.567   980.942  1570.652  3107.865  1279.360     0.000  2069.618  2697.664
   677.761   369.610  1010.169   856.629   986.362   865.174  2828.675  3771.429  2151.573     0.000  1690.911  2345.559
   377.922   650.629   866.580   952.338   840.625   928.736  1433.896  2794.131  3102.016  1439.573     0.000  2163.689
   663.730   383.406   993.051   853.965   963.870   837.898  2589.487  3261.576  3712.265  2407.211     0.000  1840.908
   339.936   604.831   831.199   897.316   794.540   878.020  1347.509  2539.344  2792.553  3041.498  1631.954  1373.315
   569.518   331.176   896.949   798.183   874.078   797.247  2324.610  2984.271  3216.003  3378.684  2691.758  1100.066
   258.169   544.183   739.349   812.145   740.815   813.998  1097.643  2325.246  2534.696  2731.083  2756.870   584.833
   552.278   311.440   846.387   742.350   793.937   712.465  2260.948  2583.065  2773.891  2913.288  3075.989   812.150
   345.643   388.765   743.459   789.425   711.432   793.960  1285.459  2201.513  2323.118  2471.301  2528.662  1690.062
   430.632   377.733   813.052   720.930   781.408   700.145  1770.511  2287.663  2394.222  2559.528  2676.488  2248.637
   330.679   362.155   707.489   753.751   697.387   745.109  1299.338  2234.437  2220.734  2308.687  2331.813  1921.171
   352.410   360.935   764.340   685.094   764.789   691.489  1583.476  2301.040  2308.323  2346.867  2487.894  2070.839
   298.877   326.554   673.261   727.500   680.688   719.005  1230.145  2286.237  2202.005  2090.638  2143.887  1740.748
   346.188   338.014   742.785   673.566   738.892   666.296  1437.913  2297.073  2280.425  2170.758  2279.947  1876.784
   321.799   318.132   704.465   747.804   706.854   741.196  1221.843  2160.094  2302.881  2063.855  2029.507  1615.658
   330.756   328.745   736.340   680.694   721.708   669.877  1383.813  2167.942  2292.438  2150.667  2149.696  1721.905
   329.848   337.899   696.261   767.953   657.736   747.997  1195.966  2031.062  2191.455  2215.059  2068.723  1537.584
   329.432   341.516   732.649   697.259   707.026   656.869  1333.321  2050.315  2166.615  2172.944  2119.511  1593.296
   299.223   313.609   822.310     0.000     0.000     0.000  1171.034  1917.977  2044.275  2072.401  2103.190  1483.385
   311.633   301.739   846.928     0.000     0.000     0.000  1257.358  1931.104  2048.319  2035.999  2048.854  1528.495
   304.598   316.655   818.724     0.000     0.000     0.000  1149.617  1837.368  1923.642  1930.625  1982.499  1496.788
   310.475   299.027   811.920     0.000     0.000     0.000  1218.010  1863.343  1956.839  1954.331  1970.812  1500.401
   303.691   314.546   811.575     0.000     0.000     0.000  1206.643  1757.361  1873.963  1880.430  1888.378  1457.791
   309.096   312.698   822.483     0.000     0.000     0.000  1222.108  1837.889  1901.589  1887.151  1901.222  1451.844
   303.107   310.566   809.254     0.000     0.000     0.000  1116.621  1752.145  1744.709  1799.705  1796.459  1376.075
   310.365   313.339   800.473     0.000     0.000     0.000  1193.578  1792.427  1826.841  1814.663  1816.914  1395.012
   314.173   313.558   777.247     0.000     0.000     0.000  1101.936  1713.294  1775.359  1730.461  1739.498  1325.839
   300.056   325.079   816.556     0.000     0.000     0.000  1184.579  1788.879  1831.468  1801.751  1800.968  1369.826
   294.695   279.138   780.166     0.000     0.000     0.000  1097.410  1700.808  1732.965  1676.821  1634.766  1248.621
   297.810   296.743   775.030     0.000     0.000     0.000  1123.794  1692.159  1697.198  1739.736  1731.342  1284.679
   310.260   324.291   897.014  1287.218     0.000     0.000     0.000  2207.157  2308.776  2427.412  2526.871  1969.055
   313.500   317.405   883.476  1284.316     0.000     0.000     0.000  2096.627  2162.767  2287.181  2358.679  1853.837
   278.670   294.499   784.348  1165.962     0.000     0.000     0.000  2027.316  2063.442  2188.661  2253.272  1738.398
     0.000     0.000     0.000     0.000     0.000     0.000     0.000  1681.887  1723.038  1889.527  1916.727  1420.755
     0.000     0.000     0.000     0.000     0.000     0.000     0.000     0.000     0.000  1662.480  1660.906  1258.138
   507.954  1384.665   580.807  1349.275   658.456  1088.580   700.224  1203.937   410.028   791.888   448.251   733.833
     0.000     0.000     0.000     0.000     0.000     0.000     0.000     0.000     0.000     0.000     0.000     0.000
   874.326  1106.589   912.496  1183.299   541.006   761.563   565.099   588.703   610.228   526.607     0.000     0.000
     0.000     0.000     0.000     0.000     0.000     0.000  3652.662  4276.793  3858.354   958.832  3168.941  3802.363
     0.000     0.000     0.000     0.000     0.000     0.000  4081.100  4632.372  4763.008  1421.655  2643.610  3613.702
     0.000     0.000     0.000   968.092  1075.641  2674.079  2900.661  3279.825  3855.915  4438.526   800.433  3338.501
     0.000     0.000     0.000  1065.731   990.090  1580.963  3294.876  3773.813  4241.474  5210.305  1058.964  3014.651
   465.492   627.674  1136.769  1377.759  1079.048  1284.031  4131.276  2337.222  2714.767  2923.202  3396.146  3658.599
   280.091   906.649  1352.749  1244.782  1259.707  1127.049  2234.699  2601.683  3012.034  3378.608  3725.637  3842.929
   904.738   448.640  1037.028  1222.034   965.995  1155.593  3529.901  1508.191  2104.675  2477.591  2700.090  3636.029
   437.959   849.073  1181.189  1075.668  1133.212  1015.112  1938.551  1899.950  2483.443  2771.598  3063.518  4309.802
   757.119   425.235   936.628  1116.644   939.517  1067.584  3154.284  2316.044  1132.419  2320.262  2282.416  2968.709
   443.170   816.900  1120.626  1018.149  1086.907   980.409  1789.750  1882.497  1474.211  2824.431  2566.515  3320.821
   679.643   389.813   980.964   975.831   856.189   976.859  2824.153  3671.694  2119.083     0.000  1658.574  2349.709
   384.378   720.726  1051.021   899.400   997.666   886.650  1579.641  3786.426  1688.626     0.000  2039.323  2727.736
   621.008   351.453   816.347   944.396   802.322   925.564  2534.588  3224.605  3662.199  2334.023     0.000  1806.879
   370.163   633.083   966.910   867.429   921.807   817.956  1419.721  3258.063  3658.763  1707.915     0.000  2137.615
   566.360   333.524   765.017   894.645   783.505   875.312  2314.577  2971.972  3172.827  3342.444  2664.961  1072.803
   317.081   571.611   879.019   799.464   871.838   796.516  1330.732  2898.101  3230.770  3410.242  2044.245  1375.656
   518.850   305.815   734.506   825.778   714.274   800.799  2268.244  2653.446  2838.273  2983.271  3108.159   806.354
   256.754   546.168   830.399   767.036   787.318   716.444  1111.033  2482.426  2736.831  2872.307  2998.058   581.197
   400.685   361.664   711.786   783.678   702.037   758.124  1743.993  2269.087  2436.582  2553.941  2688.315  2168.088
   338.824   380.694   801.141   743.249   770.072   714.554  1300.492  2199.655  2337.710  2442.142  2592.887  1736.831
   353.377   358.282   704.271   761.361   689.691   760.640  1558.205  2362.892  2360.810  2349.665  2517.556  2043.543
   340.119   338.688   780.101   717.954   763.428   690.246  1289.959  2260.273  2238.996  2265.629  2421.449  1978.060
   343.648   336.339   677.481   761.700   673.950   734.506  1464.851  2330.806  2311.256  2195.916  2297.779  1862.497
   346.648   325.442   740.341   691.185   744.471   679.449  1221.442  2322.669  2220.834  2082.738  2208.880  1789.453
   320.561   318.528   676.130   754.877   663.691   730.814  1383.371  2170.168  2341.033  2155.147  2142.354  1712.804
   308.290   316.893   739.688   694.748   713.673   680.071  1183.344  2136.472  2310.414  2059.798  2044.600  1639.474
   309.697   313.557   668.688   717.198   641.547   712.189  1318.125  2070.411  2157.695  2154.973  2098.958  1577.938
   287.690   307.660   616.077   672.494   706.415   652.054  1160.505  2004.383  2142.209  2183.844  2058.293  1539.830
   306.196   320.433   846.892     0.000     0.000     0.000  1336.693  1977.094  2107.873  2076.365  2108.144  1561.813
   334.995   327.158   860.000     0.000     0.000     0.000  1162.888  1931.081  2054.038  2068.256  2127.226  1506.881
   326.769   321.682   837.732     0.000     0.000     0.000  1246.994  1905.943  1972.465  1984.766  1990.878  1509.795
   281.763   294.099   805.876     0.000     0.000     0.000  1136.224  1844.282  1942.454  1954.420  1988.930  1496.755
   307.474   302.937   818.966     0.000     0.000     0.000  1212.810  1859.834  1932.018  1924.470  1941.207  1482.980
   325.102   353.820   837.391     0.000     0.000     0.000  1183.115  1834.602  1895.130  1893.589  1929.105  1492.735
   310.417   322.951   822.964     0.000     0.000     0.000  1188.328  1819.156  1848.594  1828.900  1813.800  1388.583
   293.917   299.927   805.771     0.000     0.000     0.000  1147.701  1762.561  1809.469  1795.875  1807.149  1388.784
   284.685   280.267   788.741     0.000     0.000     0.000  1152.864  1751.539  1779.267  1738.338  1743.866  1317.383
   284.961   267.121   776.543     0.000     0.000     0.000  1104.991  1695.290  1735.718  1718.254  1707.283  1291.630
   269.449   272.190   769.565     0.000     0.000     0.000  1135.225  1665.361  1663.369  1701.660  1681.880  1243.812
   298.835   278.504   767.830     0.000     0.000     0.000  1097.614  1694.808  1708.564  1684.751  1677.066  1259.630
   311.994   311.386   895.671  1279.560     0.000     0.000     0.000  2230.725  2294.547  2387.725  2513.359  2009.621
   327.807   317.194   871.807  1284.310     0.000     0.000     0.000  2115.838  2164.385  2279.522  2367.717  1868.657
   292.615   278.016   789.684  1157.032     0.000     0.000     0.000  2035.489  2087.597  2162.753  2270.005  1759.085
     0.000     0.000     0.000     0.000     0.000     0.000     0.000  1647.515  1696.025  1847.722  1919.074  1423.510
     0.000     0.000     0.000     0.000     0.000     0.000     0.000     0.000     0.000  1609.854  1615.378  1223.455
   492.782  1338.218   451.707  1413.789   686.997  1214.137   667.678  1100.693   494.399   747.191   432.314   809.962
     0.000     0.000     0.000     0.000     0.000     0.000     0.000     0.000     0.000     0.000     0.000     0.000
   941.887  1179.194   878.331  1111.206   581.465   605.828   530.950   754.166   526.856   602.323     0.000     0.000
     0.000     0.000     0.000     0.000     0.000     0.000  4040.431  4631.160  4722.127  1386.664  2568.868  3655.713
     0.000     0.000     0.000     0.000     0.000     0.000  3638.753  4240.910  3777.807   926.065  3043.580  3832.532
     0.000     0.000     0.000   968.659  1056.830  1553.257  3249.940  3694.337  4125.890  5077.675  1053.826  3016.318
     0.000     0.000     0.000  1031.823   937.207  2647.967  2859.723  3233.856  3818.219  4448.835   794.835  3419.093
   284.468   915.758  1243.615  1353.110  1146.401  1268.752  2267.897  2625.324  3068.487  3439.304  3796.909  3992.714
   513.543   663.918  1410.260  1177.192  1331.170  1110.644  4261.883  2388.522  2743.169  2981.530  3432.461  3721.237
   458.844   887.489  1088.564  1181.642  1032.567  1149.859  1974.516  1909.740  2481.009  2754.316  3069.129  4376.547
   897.751   438.981  1215.784  1011.326  1150.877   985.495  3617.721  1520.457  2131.541  2507.712  2705.975  3704.282
   405.732   783.245   990.800  1082.145   943.346  1052.091  1750.285  2373.643  1422.644  2760.418  2498.634  3271.337
   738.867   405.447  1096.784   933.413  1029.896   911.340  3159.876  2395.209  1096.967  2247.575  2229.244  2898.761
   365.577   688.815   904.692  1039.753   867.482   996.741  1558.885  3628.609  2008.620     0.000  2005.290  2694.756
   651.279   354.250   956.691   936.282   951.817   846.867  2814.028  3805.010  2128.960     0.000  1634.098  2342.409
   335.409   617.866   859.254   953.362   829.431   915.734  1429.262  3022.488  3575.097  2272.375     0.000  2161.482
   602.524   347.098   939.316   817.350   907.893   785.146  2536.206  3307.608  3749.805  2379.201     0.000  1807.677
   318.395   579.041   796.543   889.849   775.672   883.642  1334.083  2755.809  3039.894  3315.199  2634.833  1369.543
   545.783   317.400   884.598   769.227   862.449   770.240  2309.497  3078.047  3299.875  3544.445  2776.085  1073.135
   253.974   548.036   765.585   840.693   730.995   809.606  1128.031  2473.153  2745.588  2931.169  3191.308   863.476
   530.643   302.291   845.607   742.743   800.067   717.508  2285.644  2901.715  3076.400  3260.793  3435.558   880.449
   342.098   392.109   752.059   804.480   723.892   803.789  1315.541  2266.545  2460.603  2681.255  2836.223  2374.501
   437.526   392.570   836.363   725.682   776.079   704.553  1755.129  2159.952  2246.801  2319.552  2449.726  2143.153
   336.483   362.516   737.294   777.141   714.991   769.640  1362.759  2369.554  2365.048  2429.244  2692.160  2233.699
   363.296   360.058   793.373   715.482   785.455   718.224  1577.301  2264.098  2200.924  2239.527  2340.135  1822.230
   327.713   337.808   697.494   766.861   711.620   762.213  1260.193  2415.721  2304.560  2189.764  2366.964  1982.529
   329.133   329.972   760.980   700.752   765.493   696.793  1469.333  2297.314  2214.685  2115.366  2200.181  1699.499
   293.988   306.152   693.287   746.025   695.497   738.116  1193.703  2217.783  2381.041  2144.260  2169.063  1771.711
   310.523   316.047   736.782   682.228   713.211   675.974  1357.268  2110.181  2243.077  2069.240  2069.873  1578.376
   280.179   296.200   693.552   761.464   677.545   745.244  1187.733  2073.951  2194.288  2203.879  2112.875  1581.653
   297.872   309.709   738.538   685.171   720.974   663.070  1331.410  1987.728  2116.213  2159.453  2080.601  1510.965
   299.189   318.846   854.249     0.000     0.000     0.000  1183.486  1985.992  2153.186  2174.927  2218.663  1577.548
   333.443   338.319   891.834     0.000     0.000     0.000  1326.745  1965.219  2064.278  2098.789  2159.667  1533.689
   281.111   302.482   845.998     0.000     0.000     0.000  1162.208  1902.787  2013.740  2022.842  2051.749  1542.026
   314.521   321.468   835.269     0.000     0.000     0.000  1232.493  1847.810  1926.950  1936.750  1969.866  1494.999
   289.240   309.792   825.351     0.000     0.000     0.000  1135.464  1831.042  1900.560  1914.275  1928.641  1479.640
   307.670   313.562   821.228     0.000     0.000     0.000  1192.340  1782.778  1836.759  1821.822  1846.822  1428.140
   281.251   295.036   821.796     0.000     0.000     0.000  1129.386  1773.177  1820.831  1826.949  1822.054  1391.860
   273.430   290.887   809.720     0.000     0.000     0.000  1174.831  1766.011  1800.608  1778.081  1789.343  1367.952
   255.751   271.203   767.260     0.000     0.000     0.000  1091.056  1724.604  1777.936  1782.978  1758.019  1334.607
   264.730   274.911   795.185     0.000     0.000     0.000  1152.923  1702.426  1736.185  1701.529  1710.211  1293.154
   238.836   255.024   768.358     0.000     0.000     0.000  1085.945  1691.576  1734.588  1725.887  1691.853  1267.786
   258.992   269.843   770.027     0.000     0.000     0.000  1123.843  1630.784  1637.077  1672.577  1673.291  1248.121
   306.313   317.227   908.289  1296.037     0.000     0.000     0.000  2213.447  2323.917  2490.351  2529.961  2011.443
   296.701   315.344   901.199  1293.709     0.000     0.000     0.000  2129.772  2186.194  2355.606  2401.335  1880.180
   268.782   290.789   797.995  1157.474     0.000     0.000     0.000  2059.721  2086.466  2253.026  2289.233  1768.307
     0.000     0.000     0.000     0.000     0.000     0.000     0.000  1649.399  1710.579  1914.991  1984.869  1447.031
     0.000     0.000     0.000     0.000     0.000     0.000     0.000     0.000     0.000  1623.060  1635.751  1254.503
   509.782  1397.100   564.550  1332.095   633.826  1079.858   686.330  1193.084   411.941   809.180   449.728   743.920
     0.000     0.000     0.000     0.000     0.000     0.000     0.000     0.000     0.000     0.000     0.000     0.000
   868.248  1126.980   901.882  1181.007   541.927   750.160   561.537   601.587   610.261   530.208     0.000     0.000
     0.000     0.000     0.000     0.000     0.000     0.000  3621.352  4323.582  3854.839   957.563  3068.987  3864.667
     0.000     0.000     0.000     0.000     0.000     0.000  3995.310  4642.709  4753.450  1406.849  2559.629  3603.418
     0.000     0.000     0.000   939.061  1032.705  2627.514  2859.491  3260.209  3859.490  4512.474   806.910  3420.340
     0.000     0.000     0.000  1033.909   946.261  1518.860  3239.391  3688.325  4234.302  5303.320  1064.843  3006.254
   474.044   620.772  1153.449  1418.379  1102.495  1253.864  4153.363  2317.831  2750.900  2985.669  3500.126  3722.535
   306.948  1074.044  1466.820  1271.256  1479.477  1202.339  2311.024  2672.408  3064.996  3527.217  3918.401  3989.929
   907.357   459.916  1027.664  1214.728   980.880  1177.957  3544.528  1509.148  2139.798  2530.840  2755.552  3645.601
   452.403   872.672  1227.617  1099.428  1148.462  1030.269  1965.762  1899.906  2506.684  2811.131  3158.953  4345.425
   738.131   396.980   933.888  1106.498   896.910  1054.852  3149.400  1692.700  1111.332  2266.754  2273.476  2918.331
   406.094   774.729  1093.032   979.994  1034.974   937.325  1706.894   712.673  1416.784  2796.382  2575.283  3229.996
   654.548   355.791   867.164  1022.308   838.828   982.575  2795.716  3678.097  1519.026     0.000  1654.059  2317.541
   364.580   708.226  1000.847   888.460   972.267   886.989  1559.951  2307.940   682.734     0.000  2093.257  2682.518
   589.924   331.054   819.017   949.627   798.868   909.927  2520.822  3008.094  3621.153  1606.295     0.000  1793.025
   347.136   636.467   947.206   863.833   909.219   819.433  1420.800  2349.063  2225.584   661.043     0.000  2117.489
   550.009   326.075   763.962   893.996   758.387   876.735  2283.602  2746.884  3003.446  3430.201  2005.013  1070.199
   315.772   578.170   871.719   807.555   861.284   794.735  1314.626  2150.200  2303.464  2136.623   995.914  1328.324
   533.660   309.249   747.480   854.201   731.703   813.275  2275.968  2928.533  3171.133  3457.264  3835.435   893.940
   257.115   538.740   836.809   769.196   806.351   734.272  1092.674  1845.298  1932.231  2030.389  1931.348   380.268
   419.778   371.263   742.764   797.954   718.210   787.405  1763.333  2832.176  3046.666  3208.730  3425.830   936.752
   342.118   388.872   805.193   753.738   765.229   718.362  1273.214  2140.434  2251.104  2439.104  2549.230  2704.245
   363.318   366.109   718.468   777.469   699.849   761.714  1625.959  2436.759  2462.205  2561.413  2677.853  2470.814
   341.679   358.112   789.437   746.143   788.327   728.864  1306.522  2337.664  2278.030  2348.904  2503.092  2047.544
   342.337   347.440   694.335   761.067   700.264   756.348  1482.059  2519.119  2407.006  2311.626  2472.903  1996.930
   322.460   339.493   745.450   716.935   764.426   706.484  1244.447  2341.105  2289.168  2170.827  2312.964  1882.201
   303.340   312.884   680.064   746.564   676.999   734.757  1378.359  2346.104  2468.121  2244.077  2274.151  1836.412
   300.620   313.596   738.269   700.109   722.665   686.402  1175.717  2119.138  2286.067  2098.494  2110.568  1694.587
   305.524   311.564   674.742   725.794   661.528   741.993  1333.089  2230.913  2307.919  2278.412  2219.826  1690.121
   284.156   299.295   721.546   677.369   714.111   654.477  1166.999  1987.263  2096.733  2154.100  2094.029  1566.403
   296.966   306.568   868.788     0.000     0.000     0.000  1283.478  2166.526  2269.132  2278.847  2316.562  1667.591
   299.000   314.566   874.750     0.000     0.000     0.000  1206.342  1932.339  2038.472  2086.609  2150.802  1588.190
   300.500   312.098   841.742     0.000     0.000     0.000  1237.824  2074.243  2145.945  2145.612  2167.487  1621.030
   293.052   304.608   855.323     0.000     0.000     0.000  1144.430  1777.890  1872.853  1923.956  1958.356  1533.256
   290.729   303.376   830.358     0.000     0.000     0.000    53.531  2014.799  2067.109  2058.417  2078.980  1589.179
   289.304   300.518   819.035     0.000     0.000     0.000  1119.301  1658.668  1756.727  1805.290  1835.043  1446.020
   292.683   305.109   819.649     0.000     0.000     0.000  2109.176  1955.535  1968.992  1985.563  2002.248  1513.899
   278.890   290.457   794.978     0.000     0.000     0.000  1131.035  1693.629  1663.162  1731.447  1762.082  1378.757
   266.630   277.726   785.844     0.000     0.000     0.000  1153.882  1909.644  1958.800  1944.904  1951.644  1481.209
   278.364   293.745   783.263     0.000     0.000     0.000  1092.526  1663.962  1659.505  1613.532  1662.159  1301.112
   247.519   264.289   779.752     0.000     0.000     0.000  1130.187  1808.790  1848.101  1908.679  1895.368  1428.041
   259.653   271.116   776.371     0.000     0.000     0.000  1087.852  1657.844  1653.846  1637.599  1586.576  1238.783
   295.103   307.198   901.118  1303.472     0.000     0.000     0.000  2274.775  2380.578  2502.124  2538.826  2051.599
   302.189   318.397   884.414  1289.344     0.000     0.000     0.000  2166.546  2211.146  2378.524  2423.205  1932.297
   260.018   275.262   804.993  1172.823     0.000     0.000     0.000  2018.200  2070.914  2233.314  2300.822  1814.770
     0.000     0.000     0.000     0.000     0.000     0.000     0.000  1724.031  1765.342  1845.291  1891.574  1454.578
     0.000     0.000     0.000     0.000     0.000     0.000     0.000     0.000     0.000  1738.270  1749.814  1337.246
   504.116  1326.303   461.168  1422.315   687.389  1211.920   656.314  1090.697   499.424   755.721   436.864   808.286
     0.000     0.000     0.000     0.000     0.000     0.000     0.000     0.000     0.000     0.000     0.000     0.000
   925.785  1182.341   882.553  1132.973   581.736   594.411   542.124   774.099   533.268   619.445     0.000     0.000
