     0.000     0.000     0.000     0.000     0.000     0.000  5558.300  6311.400  6384.100  3042.400  3997.300  4977.400
     0.000     0.000     0.000     0.000     0.000     0.000  5215.500  5870.700  5340.200  2557.200  4430.400  5093.700
     0.000     0.000     0.000  2749.300  2837.700  3302.600  4828.500  5271.200  5752.200  6749.700  2688.000  4368.200
     0.000     0.000     0.000  2892.200  2768.300  4349.900  4356.000  4907.000  5436.000  6166.800  2433.700  4803.700
  2216.300  2834.500  2959.400  3345.300  2979.000  3235.200  4038.000  4186.300  4683.700  5066.800  5416.300  6823.400
  2277.700  2474.500  3186.200  2890.100  3010.900  2906.900  5861.200  3792.600  4260.500  4495.100  5016.900  6424.700
  2247.200  2657.500  2899.400  3051.600  2844.400  2936.300  3734.900  3489.500  4192.000  4434.100  4756.700  5936.800
  2678.900  2265.500  3118.000  2816.800  2937.200  2646.500  5285.500  3031.100  3755.000  4105.300  4323.000  5187.000
  2273.600  2675.900  2815.100  2937.400  2769.900  2861.800  3520.000  2527.200  3023.000  4456.900  4194.400  4939.000
  2530.000  2266.300  2897.300  2789.000  2920.000  2715.700  4905.900  3478.300  2700.800  3855.600  3945.800  4577.300
  2264.100  2615.600  2887.500  2875.900  2646.200  2825.300  3310.400  4059.400  2445.800     0.000  3678.200  4295.300
  2445.800  2165.000  2817.700  2625.200  2811.700  2487.200  4624.100  5491.600  3325.600     0.000  3308.100  3914.800
  2186.300  2455.200  2666.900  2796.900  2796.000  2754.100  3174.400  4033.200  3993.500  2613.700     0.000  3743.200
  2402.800  2226.500  2713.400  2602.600  2726.300  2524.300  4296.700  4798.800  5428.300  3182.000     0.000  3396.800
  2298.500  2387.100  2592.200  2777.400  2615.200  2635.500  3119.700  3922.900  4028.000  3947.800  2775.800  3019.700
  2414.900  2216.200  2699.100  2593.700  2663.800  2518.100  4102.400  4580.700  4798.800  5273.100  3711.800  2749.200
  2116.800  2428.000  2596.900  2640.700  2485.400  2617.200  2832.300  3561.800  3680.200  3732.100  3677.400  2164.200
  2449.000  2081.600  2663.900  2450.900  2726.500  2504.000  4050.400  4670.300  4967.200  5212.000  5567.200  2636.300
  2174.300  2300.600  2574.100  2657.100  2567.800  2610.600  3117.300  3930.400  3914.300  4145.200  4222.000  4422.700
  2454.100  2175.800  2630.400  2610.600  2660.100  2468.300  3548.600  4629.800  4654.400  5037.400  5098.800  2710.800
  2218.400  2159.100  2463.100  2595.300  2402.800  2505.300  3016.700  4025.800  3844.200  4031.100  4049.000  3780.300
  2256.700  2158.600  2563.400  2439.600  2551.700  2355.900  3254.600  3995.800  3969.700  4087.100  4213.400  4011.600
  2121.900  2187.800  2388.000  2533.600  2489.200  2526.500  2955.400  3921.900  3813.600  3723.100  3816.800  3458.200
  2051.500  1980.700  2473.400  2485.100  2482.300  2463.100  3175.800  4246.600  4040.000  4008.100  4114.700  3741.500
  2263.000  2215.000  2480.700  2669.000  2446.800  2554.200  3061.000  3929.600  4128.000  3864.300  3969.800  3537.600
  2241.800  2210.600  2570.000  2440.900  2599.300  2502.500  3208.900  4176.100  4225.300  4049.100  4040.400  3660.400
  2308.400  2221.500  2460.600  2532.300  2463.300  2570.800  3056.900  3815.200  3826.200  3993.600  3837.200  3449.400
  2181.900  2216.600  2572.200  2545.700  2636.700  2518.300  3128.500  4142.700  4099.000  4181.700  3997.000  3581.300
  2274.500  2275.600  2671.200     0.000     0.000     0.000  2930.100  3542.300  3669.200  3736.900  3782.300  3255.700
  2329.600  2226.700  2743.600     0.000     0.000     0.000  3018.200  3938.600  3883.000  4016.500  3917.200  3408.600
  2333.200  2176.600  2632.200     0.000     0.000     0.000  2974.500  3570.800  3570.800  3699.800  3647.700  3310.300
  2277.900  2164.700  2581.100     0.000     0.000     0.000  3050.000  3851.000  3814.800  3902.400  3841.500  3371.500
  2225.500  2216.300  2683.200     0.000     0.000     0.000  2989.500  3399.900  3440.300  3504.000  3518.700  3164.900
  2206.600  2099.200  2675.300     0.000     0.000     0.000  2989.500  3753.300  3711.400  3774.700  3721.800  3307.600
  2351.600  2137.300  2608.300     0.000     0.000     0.000  2951.200  3494.800  3277.100  3463.500  3365.300  3179.100
  2137.900  2212.500  2685.500     0.000     0.000     0.000  2998.300  3666.000  3714.300  3676.100  3745.800  3201.100
  2101.300  2202.800  2595.100     0.000     0.000     0.000  2879.900  3337.800  3290.900  3274.700  3263.300  2969.800
  2186.000  2190.200  2596.500     0.000     0.000     0.000  2871.900  3619.600  3615.500  3601.600  3621.000  3156.500
  2128.600  2145.600  2550.100     0.000     0.000     0.000  2799.300  3302.500  3315.300  3288.500  3224.000  2859.500
  2193.300  2101.300  2575.600     0.000     0.000     0.000  2936.100  3555.300  3532.500  3603.000  3559.300  3155.500
  2222.700  2179.400  2835.200  3231.800     0.000     0.000     0.000  4145.100  4235.000  4309.400  4382.300  3906.200
  2416.200  2209.500  2788.200  3177.600     0.000     0.000     0.000  4045.100  3971.100  4125.400  4165.000  3798.800
  2304.700  2237.700  2726.800  3017.500     0.000     0.000     0.000  3767.300  3800.300  3922.200  4012.900  3528.600
     0.000     0.000     0.000     0.000     0.000     0.000     0.000  3543.000  3493.600  3672.900  3624.000  3257.400
     0.000     0.000     0.000     0.000     0.000     0.000     0.000     0.000     0.000  3476.900  3493.600  3111.800
  2078.100  2754.800  1985.000  2733.500  2231.500  2520.600  2207.300  2621.400  2100.300  2398.400  1969.100  2340.100
     0.000     0.000     0.000     0.000     0.000     0.000     0.000     0.000     0.000     0.000     0.000     0.000
  2420.800  2560.000  2436.000  2576.500  2107.100  2278.700  2083.100  2218.800  2222.100  2035.300     0.000     0.000
     0.000     0.000     0.000     0.000     0.000     0.000  5121.500  5834.200  5417.200  2508.000  4447.300  5209.700
     0.000     0.000     0.000     0.000     0.000     0.000  5548.400  6219.800  6371.200  2898.600  3934.700  4858.600
     0.000     0.000     0.000  2773.400  2843.800  4374.300  4356.000  4922.400  5445.500  6114.800  2397.200  4683.500
     0.000     0.000     0.000  2927.200  2768.300  3320.400  4803.700  5304.000  5798.300  6827.800  2543.700  4245.000
  2390.900  2537.000  2979.000  3111.600  2889.200  3035.200  5929.100  3837.300  4290.500  4501.800  5027.900  6483.400
  2072.700  2736.100  3088.200  3172.800  3009.900  2872.600  4150.100  4178.600  4622.300  5058.400  5400.400  6589.800
  2676.500  2243.200  2874.400  2997.800  2798.400  2941.100  5264.300  2939.200  3683.500  4057.800  4345.600  5041.700
  2206.400  2600.400  2968.200  2843.500  2989.900  2879.000  3616.000  3409.500  4114.500  4381.000  4732.100  5898.800
  2604.600  2289.400  2866.200  2992.000  2781.500  2818.500  4931.300  4188.800  2732.500  3884.200  3884.200  4475.800
  2228.500  2575.700  2981.500  2756.800  2889.200  2716.500  3604.900  4121.300  3022.000  4423.600  4203.700  4923.700
  2558.600  2269.100  2719.700  2815.900  2628.200  2826.200  4603.900  5607.800  3813.500     0.000  3211.800  3865.100
  2147.300  2473.900  2797.300  2685.900  2722.900  2662.800  3341.000  5392.200  3745.400     0.000  3678.200  4324.700
  2418.100  2149.500  2643.800  2772.400  2593.000  2738.500  4265.300  5019.600  5517.400  4173.900     0.000  3363.500
  2144.900  2485.200  2755.800  2648.400  2720.700  2608.500  3164.600  4808.700  5378.700  3922.900     0.000  3678.000
  2526.400  2127.300  2612.200  2671.600  2539.000  2657.600  4144.200  4929.900  5035.700  5311.800  4397.800  2641.600
  2176.300  2473.100  2656.900  2640.000  2539.700  2563.900  3107.100  4523.200  4793.900  5129.200  4387.400  2908.300
  2391.900  2164.200  2621.500  2717.000  2505.300  2595.500  4048.600  4677.100  4803.400  4990.400  5112.300  2539.200
  2153.600  2309.700  2642.900  2534.400  2583.300  2513.400  2826.300  4172.300  4470.100  4711.500  4934.100  2511.400
  2337.500  2211.000  2504.000  2634.800  2553.100  2628.100  3547.200  3938.500  3949.900  4071.100  4130.800  3925.600
  2204.700  2231.700  2589.700  2540.600  2654.900  2470.300  3087.800  3943.400  4102.500  4334.700  4468.100  4062.400
  2139.400  2142.400  2436.700  2614.600  2434.700  2567.600  3252.600  3945.800  3914.200  3964.300  4001.700  3583.600
  2158.300  2181.100  2617.500  2614.600  2578.400  2452.400  3049.500  4010.300  3988.000  4015.500  4284.900  3940.800
  2147.500  2153.100  2531.300  2553.200  2481.800  2544.700  3213.000  4045.200  3836.800  3881.600  3839.900  3461.900
  2140.400  2117.400  2596.000  2534.800  2599.000  2461.000  3074.900  4089.600  3969.300  3935.800  4080.600  3723.000
  2148.200  2141.400  2406.500  2444.700  2383.300  2497.400  3124.900  3842.900  4111.700  3857.600  3897.200  3366.900
  2145.000  2131.100  2545.100  2480.100  2476.600  2514.300  3159.800  3887.200  3991.100  3766.500  3805.900  3452.800
  2193.300  2168.100  2421.500  2548.000  2363.100  2444.700  3122.700  3666.300  3810.700  3815.500  3691.600  3318.700
  2154.400  2129.600  2448.800  2413.600  2504.400  2387.100  3113.000  3694.600  3813.900  3939.400  3780.600  3320.000
  2197.100  2155.300  2632.700     0.000     0.000     0.000  3045.600  3589.800  3749.900  3815.100  3839.900  3390.500
  2126.400  2139.300  2592.200     0.000     0.000     0.000  3069.600  3717.300  3770.800  3821.300  3821.300  3249.600
  2130.300  2121.500  2690.600     0.000     0.000     0.000  2991.100  3617.400  3572.100  3742.400  3696.900  3163.000
  2138.300  2215.000  2692.200     0.000     0.000     0.000  2879.400  3648.200  3662.400  3730.600  3707.100  3236.200
  2041.300  2069.400  2672.600     0.000     0.000     0.000  3030.400  3545.300  3596.100  3546.700  3517.100  3189.700
  2093.800  2117.400  2632.600     0.000     0.000     0.000  2907.000  3432.400  3451.600  3556.200  3531.800  3190.800
  2158.800  2157.200  2543.300     0.000     0.000     0.000  3028.400  3412.100  3343.100  3455.400  3365.000  3085.200
  2091.900  2163.400  2604.900     0.000     0.000     0.000  2906.100  3521.100  3503.800  3545.300  3526.400  3148.400
  2066.300  2065.400  2614.900     0.000     0.000     0.000  2873.100  3413.400  3397.500  3403.600  3344.800  3001.100
  2074.600  2083.000  2645.900     0.000     0.000     0.000  2922.100  3475.900  3473.300  3463.200  3446.900  2965.300
  2191.800  2071.800  2591.800     0.000     0.000     0.000  2985.000  3347.200  3324.900  3397.500  3344.800  2945.800
  2115.400  2158.700  2552.300     0.000     0.000     0.000  3140.700  3398.700  3396.300  3428.200  3361.400  2999.200
  2187.500  2199.000  2780.700  3137.100     0.000     0.000     0.000  4063.900  4090.300  4314.400  4334.200  3719.200
  2133.100  2235.400  2754.300  3100.700     0.000     0.000     0.000  3880.100  3938.400  4108.100  4101.000  3627.400
  2162.800  2253.000  2561.900  3100.700     0.000     0.000     0.000  3794.100  3826.500  3958.300  3961.600  3575.000
     0.000     0.000     0.000     0.000     0.000     0.000     0.000  3368.500  3405.200  3624.600  3681.400  3221.400
     0.000     0.000     0.000     0.000     0.000     0.000     0.000     0.000     0.000  3268.600  3307.900  3030.300
  1957.200  2659.300  2066.700  2744.100  2083.700  2504.700  2143.300  2472.300  1899.900  2284.400  1927.100  2349.100
     0.000     0.000     0.000     0.000     0.000     0.000     0.000     0.000     0.000     0.000     0.000     0.000
  2280.300  2519.900  2367.100  2528.200  1962.700  2116.500  2097.400  2331.100  2013.600  2089.700     0.000     0.000
     0.000     0.000     0.000     0.000     0.000     0.000  5404.700  6122.200  6223.300  2790.100  3758.800  4879.100
     0.000     0.000     0.000     0.000     0.000     0.000  5047.200  5644.900  5169.600  2312.600  4306.200  4996.100
     0.000     0.000     0.000  2595.000  2671.500  3121.400  4660.500  5127.200  5532.000  6681.800  2444.200  4193.900
     0.000     0.000     0.000  2734.400  2509.500  4235.800  4169.600  4712.100  5262.400  5866.700  2163.200  4600.900
  2027.100  2582.600  2799.300  3058.600  2763.100  2877.100  3834.400  4040.000  4550.800  4862.100  5248.100  6435.200
  2111.700  2262.500  2938.100  2854.300  2865.200  2649.000  5724.600  3622.300  4085.200  4357.900  4864.600  6071.300
  2117.800  2476.800  2698.400  2824.700  2671.100  2739.500  3569.700  3316.500  3918.500  4197.900  4557.500  5735.300
  2561.900  2082.900  2814.100  2622.700  2786.200  2525.800  5116.700  2857.900  3536.300  3903.400  4184.400  4980.800
  2172.600  2467.000  2623.300  2748.100  2586.800  2673.100  3279.100  3428.700  2878.700  4232.900  4024.100  4721.500
  2430.800  1993.600  2815.300  2511.200  2719.200  2492.900  4738.000  3890.000  2547.000  3715.400  3712.500  4375.500
  2067.900  2409.900  2663.100  2709.700  2467.000  2650.200  3131.300  5377.500  3245.100     0.000  3441.200  4116.900
  2345.700  2010.700  2546.300  2578.900  2534.500  2437.800  4430.700  5344.400  3746.400     0.000  3068.700  3749.400
  2079.100  2333.500  2478.700  2625.800  2586.500  2572.700  2996.200  4845.100  5274.900  3332.000     0.000  3537.900
  2212.600  2022.900  2555.500  2415.700  2529.400  2375.500  4142.000  4800.500  5196.200  3960.900     0.000  3180.900
  1961.300  2356.400  2401.100  2581.400  2412.500  2456.700  2958.700  4524.700  4807.800  4957.700  3582.900  2783.400
  2140.100  2000.400  2471.300  2414.400  2319.300  2354.600  3911.100  4555.500  4735.000  5010.600  4290.300  2528.000
  1937.900  2235.200  2411.100  2452.200  2375.600  2430.500  2711.900  4173.300  4327.700  4570.800  4603.600  2197.300
  2184.400  2021.800  2452.800  2338.800  2406.800  2305.300  3837.000  4292.900  4413.300  4553.500  4728.100  2349.400
  2104.800  2112.900  2382.300  2471.600  2423.000  2437.500  3012.000  3844.700  3894.900  4112.400  4189.700  3349.100
  2243.300  2073.800  2451.500  2403.100  2473.500  2290.600  3431.200  3869.600  3943.000  4080.900  4245.400  3732.100
  1999.300  1994.400  2366.800  2505.900  2298.100  2421.500  2931.900  3816.700  3851.400  3984.800  4031.400  3627.600
  2058.500  2068.900  2441.600  2294.000  2442.900  2293.400  3223.800  3885.100  3894.900  3959.400  4061.200  3623.300
  2017.600  2027.600  2291.700  2438.900  2374.800  2424.700  2868.000  3864.200  3793.300  3664.800  3759.600  3375.500
  2031.200  2110.900  2384.700  2346.700  2427.300  2378.500  3194.800  3880.300  3886.800  3727.900  3906.300  3458.600
  2018.700  2003.100  2290.500  2451.800  2418.600  2359.700  2789.300  3738.200  3899.900  3709.300  3722.900  3354.300
  2031.200  2008.600  2349.800  2329.500  2379.900  2291.100  2979.400  3770.700  3857.000  3738.200  3665.900  3269.500
  2043.000  2042.500  2283.500  2328.900  2275.300  2379.300  2844.800  3575.000  3707.700  3845.600  3658.500  3153.200
  2031.700  2020.500  2339.300  2374.200  2349.200  2280.000  2938.600  3660.000  3729.000  3769.200  3688.200  3208.100
  2042.800  2018.500  2543.800     0.000     0.000     0.000  2797.000  3536.000  3686.800  3749.800  3766.300  3169.800
  2114.300  2171.300  2603.800     0.000     0.000     0.000  2979.100  3584.500  3712.900  3736.500  3702.700  3180.500
  1990.800  1998.200  2512.100     0.000     0.000     0.000  2788.700  3461.900  3504.400  3530.700  3441.600  2990.600
  2026.000  2010.900  2455.600     0.000     0.000     0.000  2931.500  3518.800  3583.100  3599.500  3577.700  3143.200
  1913.500  1984.700  2538.700     0.000     0.000     0.000  2826.200  3399.800  3382.500  3485.300  3403.600  3020.600
  1980.800  2058.800  2510.200     0.000     0.000     0.000  2849.800  3437.600  3423.700  3445.300  3421.100  3002.900
  2033.400  2084.900  2468.900     0.000     0.000     0.000  2855.100  3332.700  3394.900  3442.700  3370.200  3016.600
  2025.200  2044.900  2519.900     0.000     0.000     0.000  2775.900  3361.700  3421.100  3388.700  3401.100  2988.300
  1940.100  1930.800  2472.700     0.000     0.000     0.000  2730.600  3333.800  3361.000  3275.200  3330.300  2964.800
  1968.600  2062.500  2452.600     0.000     0.000     0.000  2908.200  3317.600  3330.300  3319.900  3303.700  2889.600
  2004.500  2075.800  2443.000     0.000     0.000     0.000  2749.000  3392.100  3232.900  3248.300  3216.400  2831.500
  1969.900  1994.500  2442.400     0.000     0.000     0.000  2792.100  3267.300  3193.700  3273.000  3211.000  2819.600
  2114.900  2049.500  2588.700  2986.800     0.000     0.000     0.000  3836.900  3882.700  4061.400  4084.300  3634.100
  2059.700  2082.700  2594.500  2985.800     0.000     0.000     0.000  3786.000  3793.700  3967.600  3977.600  3525.100
  2035.400  2013.400  2521.800  2970.600     0.000     0.000     0.000  3652.400  3656.700  3755.900  3863.600  3391.500
     0.000     0.000     0.000     0.000     0.000     0.000     0.000  3214.700  3320.700  3364.700  3541.100  3076.300
     0.000     0.000     0.000     0.000     0.000     0.000     0.000     0.000     0.000  3268.600  3235.800  2887.000
  1914.100  2533.300  1905.800  2571.600  2070.000  2323.200  2019.700  2393.700  1954.000  2205.300  1794.500  2170.600
     0.000     0.000     0.000     0.000     0.000     0.000     0.000     0.000     0.000     0.000     0.000     0.000
  2270.800  2344.700  2384.700  2367.700  1976.000  2094.500  2025.100  2027.100  2033.100  1885.100     0.000     0.000
     0.000     0.000     0.000     0.000     0.000     0.000  4908.900  5684.400  5174.200  2335.400  4333.600  5054.400
     0.000     0.000     0.000     0.000     0.000     0.000  5375.600  5972.900  6073.000  2718.400  3786.100  4783.600
     0.000     0.000     0.000  2541.800  2634.700  4204.800  4146.900  4618.400  5205.800  5803.500  2130.800  4604.800
     0.000     0.000     0.000  2655.300  2449.700  3095.200  4595.700  5054.400  5517.600  6500.000  2429.500  4235.400
  2110.200  2281.200  2715.200  3085.700  2712.000  2849.600  5713.500  3653.200  4168.100  4359.100  4828.000  6172.700
  1914.700  2514.000  2990.600  2764.600  3013.600  2735.100  3852.800  3973.800  4361.100  4770.200  5141.700  6294.800
  2464.800  2045.800  2630.800  2847.800  2613.200  2756.100  5096.100  2765.400  3473.000  3905.700  4098.900  4996.200
  2014.100  2410.900  2814.800  2654.200  2742.600  2568.200  3474.300  3203.900  3848.000  4156.700  4480.800  5688.800
  2387.800  2066.200  2553.000  2745.300  2522.500  2642.400  4756.400  4008.300  2499.400  3620.800  3701.900  4329.100
  1960.900  2321.800  2706.200  2653.000  2718.100  2547.400  3374.100  3033.500  2845.100  4138.100  3949.700  4686.100
  2348.400  2065.300  2609.700  2662.100  2409.000  2624.500  4343.000  5386.100  3710.600     0.000  3066.300  3719.400
  1974.400  2283.300  2553.000  2522.500  2509.500  2484.000  3144.600  4737.500  2891.800     0.000  3385.100  4112.900
  2297.900  2066.600  2412.900  2586.200  2530.500  2554.500  4094.300  4785.200  5178.400  3962.200     0.000  3131.000
  1997.100  2291.500  2546.700  2474.300  2507.600  2419.900  2987.200  4411.200  4550.600  2911.700     0.000  3480.400
  2299.700  2079.900  2370.900  2573.900  2371.500  2441.900  3852.400  4541.700  4785.200  4967.600  4262.400  2415.400
  1949.200  2229.700  2496.000  2366.000  2449.800  2403.400  2887.900  4125.000  4327.500  4593.000  3208.100  2711.700
  2260.600  1973.100  2295.100  2430.700  2318.500  2425.600  3874.300  4214.100  4369.800  4604.600  4676.400  2397.100
  1953.500  2254.600  2411.300  2335.900  2423.800  2334.800  2590.600  3922.000  4105.600  4181.000  4281.900  2084.200
  2083.300  2094.100  2345.900  2395.200  2356.000  2435.800  3366.300  3840.000  3962.700  4175.500  4255.300  3723.100
  1992.300  2170.500  2396.400  2323.700  2441.500  2284.400  3037.300  3742.100  3844.700  3995.800  4067.200  3148.400
  2033.500  1994.400  2331.100  2435.900  2264.900  2437.800  3247.200  3899.600  3944.200  3974.500  4096.800  3676.100
  2028.000  2029.400  2407.600  2465.500  2373.700  2327.600  2858.600  3833.800  3738.200  3852.800  3757.900  3480.400
  2020.700  2005.900  2294.700  2341.900  2326.400  2443.000  3133.800  3824.300  3800.900  3686.300  3771.600  3486.900
  2098.700  1958.400  2418.400  2353.500  2401.200  2330.600  2810.500  3898.000  3726.200  3668.900  3653.000  3255.200
  1976.600  1997.700  2246.600  2283.500  2378.000  2351.000  3070.700  3730.500  3889.900  3742.800  3739.700  3310.100
  2002.600  1975.300  2344.800  2302.400  2378.600  2309.600  2824.300  3722.900  3831.000  3638.000  3596.300  3108.800
  2030.300  2027.500  2236.400  2364.800  2252.200  2322.200  3031.500  3525.100  3712.300  3789.600  3680.700  3089.600
  1971.300  1986.000  2335.600  2367.300  2330.100  2289.400  2903.600  3536.000  3651.200  3721.400  3491.200  3057.200
  2015.600  1997.100  2504.400     0.000     0.000     0.000  2887.600  3473.000  3601.900  3650.700  3621.200  3260.900
  2124.900  1990.600  2515.900     0.000     0.000     0.000  2801.800  3519.700  3608.800  3672.000  3676.300  3068.700
  1997.500  1960.200  2444.300     0.000     0.000     0.000  2946.900  3400.200  3501.400  3517.100  3479.400  3077.800
  1959.400  2063.700  2443.000     0.000     0.000     0.000  2944.100  3323.200  3419.900  3433.700  3434.900  3010.400
  1945.200  1896.000  2472.000     0.000     0.000     0.000  2840.200  3290.600  3491.300  3348.900  3499.200  3026.700
  2001.800  1968.600  2415.700     0.000     0.000     0.000  2775.900  3274.300  3401.700  3358.600  3406.700  3043.700
  2028.800  1996.900  2397.300     0.000     0.000     0.000  2908.300  3284.800  3315.300  3332.000  3284.800  2915.700
  1984.600  2003.500  2498.300     0.000     0.000     0.000  2821.900  3347.700  3284.800  3341.600  3342.800  2955.000
  1916.100  1976.800  2480.500     0.000     0.000     0.000  2852.200  3301.900  3322.700  3307.600  3276.800  2834.200
  2022.600  1940.600  2446.800     0.000     0.000     0.000  2758.700  3251.000  3239.900  3199.400  3230.000  2841.800
  1950.500  1921.700  2413.900     0.000     0.000     0.000  2818.100  3227.800  3157.900  3216.800  3181.200  2822.300
  2000.700  1965.000  2430.200     0.000     0.000     0.000  2700.900  3205.900  3186.500  3189.800  3103.100  2804.700
  2037.700  2040.000  2567.100  3025.200     0.000     0.000     0.000  3712.300  3888.400  3930.500  4090.500  3529.900
  2006.800  2067.100  2535.500  2976.000     0.000     0.000     0.000  3713.800  3697.700  3907.700  3885.200  3391.000
  1977.300  2019.700  2469.200  2909.200     0.000     0.000     0.000  3598.800  3598.800  3716.700  3773.200  3306.200
     0.000     0.000     0.000     0.000     0.000     0.000     0.000  3267.000  3271.600  3472.500  3450.800  2948.800
     0.000     0.000     0.000     0.000     0.000     0.000     0.000     0.000     0.000  3218.800  3133.700  2797.400
  1814.600  2442.000  1819.100  2572.700  1899.700  2319.500  1925.700  2216.400  1747.500  2108.600  1775.600  2152.000
     0.000     0.000     0.000     0.000     0.000     0.000     0.000     0.000     0.000     0.000     0.000     0.000
  2107.400  2368.100  2081.600  2291.600  1855.600  1941.100  1834.600  2144.400  1826.800  1923.000     0.000     0.000
     0.000     0.000     0.000     0.000     0.000     0.000  5226.700  5876.700  6011.700  2654.900  3672.800  4648.700
     0.000     0.000     0.000     0.000     0.000     0.000  4851.000  5521.500  5030.600  2171.400  4178.900  4858.500
     0.000     0.000     0.000  2560.600  2541.300  2968.000  4456.100  4953.500  5438.500  6386.300  2296.200  4020.400
     0.000     0.000     0.000  2618.400  2507.200  4060.700  4125.300  4536.100  5135.200  5800.600  2023.200  4418.200
  1850.100  2468.900  2712.600  3055.900  2667.400  2950.900  3740.400  3838.100  4278.900  4717.600  5024.900  6124.400
  2094.000  2257.600  2926.000  2638.400  2745.700  2633.000  5593.200  3556.100  3968.400  4213.900  4592.300  5852.500
  1943.800  2362.400  2613.000  2767.700  2568.100  2640.700  3457.300  3131.100  3738.900  4091.200  4381.400  5586.400
  2478.500  2016.200  2842.000  2557.100  2681.000  2418.100  4994.900  2759.200  3381.300  3795.000  3975.400  4847.200
  2000.500  2364.100  2613.200  2603.600  2532.000  2565.600  3255.500  2912.600  2741.600  4099.800  3777.400  4560.700
  2308.700  1923.500  2636.900  2469.400  2650.400  2444.000  4649.900  4019.800  2435.000  3609.900  3507.900  4239.100
  1969.100  2317.900  2450.500  2592.000  2401.600  2545.200  3094.500  4607.100  2760.300     0.000  3272.500  4002.800
  2257.900  1964.400  2537.600  2462.800  2538.200  2229.500  4324.000  5278.200  3657.500     0.000  2914.400  3630.700
  1988.200  2254.700  2430.100  2495.700  2384.400  2470.800  2976.500  4349.100  4567.400  2879.800     0.000  3458.900
  2086.300  1849.100  2460.200  2337.400  2447.600  2260.900  4002.800  4707.100  5150.900  3811.600     0.000  3043.100
  1965.700  2221.700  2350.000  2484.200  2182.200  2428.100  2839.000  4009.700  4233.000  4508.100  3060.300  2613.100
  2113.600  1918.400  2419.800  2300.300  2395.100  2243.600  3806.900  4423.000  4681.300  4808.400  4202.600  2327.300
  1893.100  2200.900  2321.300  2371.300  2274.900  2330.500  2549.900  3823.400  3938.300  4241.600  4213.700  2018.700
  2137.700  1938.000  2355.200  2190.500  2432.300  2224.500  3746.900  4094.900  4232.300  4395.100  4510.600  2248.600
  2013.900  2035.600  2287.700  2336.400  2325.300  2323.000  2920.400  3687.600  3805.100  3941.500  3980.900  3184.400
  2160.500  2027.100  2393.100  2284.400  2395.600  2230.300  3348.200  3697.600  3809.700  3985.800  4068.800  3648.200
  1857.600  1906.900  2157.100  2252.800  2180.900  2273.600  2772.100  3608.800  3594.900  3786.400  3690.400  3430.400
  1913.700  1917.400  2323.400  2304.100  2300.000  2126.200  3085.400  3625.700  3594.900  3615.800  3749.800  3379.200
  1865.000  1924.800  2198.800  2275.300  2187.700  2204.200  2730.900  3737.800  3621.500  3518.700  3552.300  3210.700
  1962.900  1954.400  2252.800  2202.600  2285.600  2229.600  3042.800  3716.900  3654.200  3546.900  3625.700  3273.100
  1849.700  1881.700  2157.700  2178.800  2114.000  2229.100  2653.000  3534.800  3692.500  3507.600  3425.600  3081.000
  1884.500  1929.100  2252.200  2149.800  2236.400  2165.000  2855.900  3582.100  3616.300  3494.100  3523.900  3077.900
  1874.500  1877.700  2137.900  2191.200  2090.100  2225.200  2712.300  3426.900  3483.400  3550.000  3454.200  2908.400
  1848.100  1919.800  2214.700  2211.400  2202.600  2154.000  2749.600  3426.900  3523.900  3544.500  3464.800  2973.600
  1873.600  1931.000  2377.800     0.000     0.000     0.000  2647.300  3340.100  3494.900  3551.400  3562.200  2885.300
  1860.200  1953.300  2450.600     0.000     0.000     0.000  2856.300  3383.300  3476.900  3491.000  3473.000  2967.600
  1844.800  1912.400  2335.800     0.000     0.000     0.000  2642.800  3221.200  3310.700  3323.600  3353.200  2888.000
  1922.500  1936.700  2319.400     0.000     0.000     0.000  2766.700  3277.300  3340.100  3371.200  3342.500  2929.600
  1750.700  1941.900  2326.100     0.000     0.000     0.000  2674.400  3152.100  3219.900  3266.400  3233.400  2863.100
  1840.400  1934.000  2361.600     0.000     0.000     0.000  2732.400  3245.900  3265.300  3273.300  3269.900  2831.500
  1864.000  1891.000  2255.400     0.000     0.000     0.000  2694.800  3113.900  3116.000  3156.400  3116.000  2769.400
  1862.900  1879.600  2366.500     0.000     0.000     0.000  2659.700  3188.900  3202.200  3182.400  3201.000  2758.600
  1774.300  1881.600  2323.400     0.000     0.000     0.000  2548.400  3094.000  3136.000  3092.000  3058.100  2729.500
  1801.000  1878.200  2305.000     0.000     0.000     0.000  2592.700  3123.600  3154.800  3132.900  3131.800  2743.800
  1794.700  1853.300  2310.700     0.000     0.000     0.000  2611.400  3101.100  3091.000  3073.000  3001.900  2668.400
  1874.800  1874.400  2314.700     0.000     0.000     0.000  2602.700  3044.300  3033.600  3102.100  3048.200  2655.600
  1954.700  1936.000  2508.200  2843.700     0.000     0.000     0.000  3630.500  3678.800  3811.100  3896.100  3394.600
  1908.400  1923.300  2442.000  2855.900     0.000     0.000     0.000  3506.100  3543.100  3722.400  3734.200  3310.800
  1938.900  1897.700  2384.700  2869.900     0.000     0.000     0.000  3454.500  3455.800  3552.400  3633.300  3165.500
     0.000     0.000     0.000     0.000     0.000     0.000     0.000  3111.800  3128.400  3306.200  3316.700  2855.000
     0.000     0.000     0.000     0.000     0.000     0.000     0.000     0.000     0.000  3056.900  3042.000  2676.000
  1906.000  2499.200  1709.800  2437.300  2032.900  2214.500  2016.400  2315.700  1960.700  2070.200  1847.700  1963.300
     0.000     0.000     0.000     0.000     0.000     0.000     0.000     0.000     0.000     0.000     0.000     0.000
  2293.100  2218.800  2169.700  2266.800  1938.200  1962.900  2022.400  1815.800  1862.400  1790.400     0.000     0.000
     0.000     0.000     0.000     0.000     0.000     0.000  4832.100  5513.000  5133.500  2212.200  4189.300  4849.600
     0.000     0.000     0.000     0.000     0.000     0.000  5190.300  5787.700  5974.900  2631.100  3598.200  4579.300
     0.000     0.000     0.000  2468.400  2512.600  4079.400  4054.500  4489.200  5078.000  5703.500  2044.300  4421.300
     0.000     0.000     0.000  2644.800  2528.600  3051.200  4472.000  4897.700  5322.600  6484.300  2268.600  4023.000
  2044.400  2207.400  2669.700  2857.300  2617.400  2844.600  5625.400  3625.800  3974.000  4239.700  4703.900  5835.600
  1920.600  2477.600  2873.700  2716.500  2767.600  2684.000  3793.600  3857.900  4220.200  4600.000  5078.700  6077.900
  2407.500  1976.600  2552.500  2742.200  2504.000  2680.000  5048.000  2730.600  3346.400  3612.800  4030.200  4899.900
  1957.300  2360.300  2813.500  2581.200  2642.100  2534.500  3385.100  3084.000  3699.600  3951.600  4386.200  5628.800
  2320.600  2014.500  2458.800  2706.800  2485.900  2567.000  4694.100  3730.600  2384.100  3573.600  3570.900  4210.800
  1922.100  2315.900  2615.500  2543.100  2634.800  2499.900  3315.400  3331.800  2665.000  4052.200  3877.700  4530.600
  2267.000  2012.200  2471.300  2539.600  2345.900  2519.600  4308.400  5173.800  3606.400     0.000  2928.700  3587.200
  1954.200  2274.800  2552.900  2500.600  2554.300  2256.400  3083.200  5282.800  3120.200     0.000  3322.400  3965.500
  2258.000  1978.700  2377.100  2444.600  2343.400  2481.100  4041.100  4701.300  5141.600  3820.800     0.000  3035.300
  1914.800  2223.200  2471.700  2365.300  2473.700  2311.900  2922.800  4763.300  5105.300  3127.800     0.000  3370.400
  2239.100  1975.200  2327.900  2436.700  2251.800  2447.800  3803.700  4457.400  4770.600  4859.600  4165.500  2337.400
  1884.700  2162.300  2427.700  2342.200  2402.100  2296.800  2834.600  4392.600  4659.200  4882.300  3472.600  2603.200
  2167.200  1965.400  2262.500  2362.100  2226.300  2318.100  3827.500  4175.100  4318.100  4471.000  4573.300  2306.700
  1885.900  2182.900  2377.700  2232.700  2436.600  2268.000  2575.100  4025.800  4149.700  4304.500  4485.700  2047.200
  1976.800  1997.700  2254.800  2319.300  2304.400  2292.000  3295.000  3782.000  3923.300  4068.600  4164.200  3675.600
  1975.900  1930.900  2337.900  2240.700  2391.100  2248.300  2859.900  3640.500  3756.700  3881.900  4017.300  3181.200
  2070.100  1910.500  2142.100  2289.600  2157.900  2174.000  3036.300  3770.000  3799.300  3824.200  3940.700  3526.800
  1985.400  1902.400  2293.600  2159.500  2247.700  2148.200  2781.300  3609.100  3567.500  3595.100  3741.200  3344.900
  1844.900  1935.900  2238.300  2205.100  2216.400  2294.800  2965.000  3750.300  3663.100  3581.200  3674.700  3295.000
  1783.900  1756.300  2294.200  2181.300  2257.800  2183.400  2745.600  3768.500  3553.800  3419.000  3537.600  3153.400
  1948.500  1877.400  2117.000  2218.700  2252.400  2146.800  2888.500  3601.200  3672.500  3585.600  3482.500  3125.600
  1891.600  1870.200  2229.300  2164.600  2249.600  2190.800  2684.200  3531.200  3648.900  3390.100  3372.500  3015.000
  1919.200  1871.400  2104.000  2218.700  2094.500  2188.600  2833.100  3453.300  3505.300  3561.700  3332.800  3014.000
  1826.600  1874.200  2217.000  2204.900  2203.800  2119.600  2685.800  3390.100  3486.500  3527.100  3381.300  2907.200
  1972.600  1993.700  2365.800     0.000     0.000     0.000  2724.000  3381.200  3532.200  3544.100  3392.200  3039.600
  1879.300  1940.400  2384.100     0.000     0.000     0.000  2699.600  3341.600  3459.500  3496.800  3520.300  2937.500
  2010.300  1900.400  2307.400     0.000     0.000     0.000  2752.200  3305.100  3338.000  3355.900  3233.500  2911.900
  1963.300  1890.900  2315.500     0.000     0.000     0.000  2651.900  3223.500  3269.500  3295.900  3318.000  2870.700
  2008.300  1919.800  2320.600     0.000     0.000     0.000  2654.700  3232.700  3245.200  3264.600  3245.200  2850.600
  1872.300  1803.800  2318.200     0.000     0.000     0.000  2628.100  3159.900  3211.400  3221.500  3230.500  2845.300
  1997.600  1847.200  2250.100     0.000     0.000     0.000  2673.300  3150.200  3125.700  3191.500  3103.700  2732.900
  1816.900  1903.100  2370.100     0.000     0.000     0.000  2708.700  3142.700  3143.800  3142.700  3154.500  2767.400
  1813.200  1928.700  2341.700     0.000     0.000     0.000  2670.000  3131.400  3119.100  3107.800  3063.600  2696.700
  1865.400  1905.900  2319.000     0.000     0.000     0.000  2567.100  3067.500  3061.600  3054.700  3049.700  2657.100
  1906.700  1874.900  2266.100     0.000     0.000     0.000  2739.100  3088.600  3019.600  3069.500  3034.100  2651.900
  1863.200  1827.600  2302.400     0.000     0.000     0.000  2632.600  3066.500  3033.100  3022.500  2987.100  2613.500
  1854.500  1875.500  2457.500  2835.100     0.000     0.000     0.000  3639.700  3656.700  3764.900  3846.300  3396.400
  1872.800  1850.700  2398.800  2843.800     0.000     0.000     0.000  3551.800  3565.200  3669.500  3755.900  3316.000
  1983.300  1904.200  2323.900  2777.600     0.000     0.000     0.000  3464.100  3438.700  3533.100  3620.100  3163.700
     0.000     0.000     0.000     0.000     0.000     0.000     0.000  3047.200  3076.300  3237.000  3273.100  2820.500
     0.000     0.000     0.000     0.000     0.000     0.000     0.000     0.000     0.000  2981.100  2960.300  2617.200
  1569.800  2418.800  1626.900  2506.900  1748.000  2274.400  1758.300  2139.700  1449.400  1975.600  1529.900  1920.200
     0.000     0.000     0.000     0.000     0.000     0.000     0.000     0.000     0.000     0.000     0.000     0.000
  1911.300  2176.000  1913.100  2194.400  1587.300  1775.100  1650.800  1981.600  1779.000  1754.300     0.000     0.000
     0.000     0.000     0.000     0.000     0.000     0.000  5047.800  5669.400  5805.800  2534.100  3427.300  4469.500
     0.000     0.000     0.000     0.000     0.000     0.000  4663.400  5298.600  4861.900  2018.900  3925.800  4670.300
     0.000     0.000     0.000  2304.700  2395.100  2785.400  4281.000  4782.500  5158.800  6311.500  2151.100  3883.200
     0.000     0.000     0.000  2380.000  2256.000  3841.500  3915.900  4322.600  4915.500  5638.800  1880.800  4228.600
  1638.100  2247.400  2536.300  2607.200  2403.900  2606.500  3531.000  3758.700  4107.700  4484.500  4925.600  5849.700
  1790.300  1937.300  2662.200  2400.700  2553.700  2375.800  5409.900  3350.900  3794.800  3999.600  4488.900  5471.000
  1735.300  2147.300  2453.500  2506.500  2309.200  2389.800  3230.200  3003.600  3535.100  3870.600  4235.300  5526.800
  2199.000  1833.800  2573.500  2310.400  2428.800  2187.100  4814.400  2539.900  3217.600  3572.600  3868.900  4786.800
  1713.400  2096.200  2301.300  2437.900  2284.200  2376.500  2990.500  3682.700  2564.800  3906.800  3694.200  4442.200
  2063.700  1728.100  2406.200  2283.100  2396.200  2224.100  4450.500  3792.300  2244.100  3398.200  3437.900  4085.800
  1713.400  2054.000  2224.100  2337.400  2212.300  2248.500  2841.300  5006.200  3317.700     0.000  3199.000  3835.400
  1991.000  1696.000  2252.400  2198.100  2283.100  2016.400  4094.600  5152.500  3392.000     0.000  2752.300  3462.000
  1717.900  2001.100  2152.000  2285.900  2162.300  2213.000  2681.900  4434.300  4872.500  3533.100     0.000  3241.500
  1877.100  1619.200  2203.300  2094.300  2207.000  2030.800  3783.400  4631.700  4968.000  3578.100     0.000  2874.900
  1714.600  1986.900  2136.300  2244.100  2076.000  2179.500  2617.600  4134.100  4370.000  4675.700  3908.900  2478.600
  1888.200  1632.000  2175.800  2068.400  2170.100  2012.200  3585.000  4430.100  4634.000  4857.400  4009.700  2178.900
  1695.300  1954.700  2109.800  2084.200  2139.500  2122.400  2413.200  3853.100  4044.000  4298.200  4529.700  2128.700
  1905.500  1666.200  2145.900  1994.400  2178.100  1989.700  3537.100  4211.300  4356.900  4551.200  4726.000  2138.000
  1713.800  1759.900  2042.400  2119.000  2075.800  2104.100  2628.400  3579.700  3763.500  4042.300  4134.900  3712.200
  1775.900  1739.200  2144.400  2032.500  2156.900  2011.300  3086.200  3437.400  3499.400  3577.000  3684.900  3426.200
  1702.100  1745.700  2048.700  2069.800  1980.400  2086.600  2588.800  3609.200  3599.400  3713.100  3919.500  3541.800
  1698.200  1709.900  2105.000  2092.800  2072.700  1979.900  2821.300  3448.300  3366.900  3404.000  3489.800  3019.300
  1703.100  1721.100  1986.000  2086.600  2045.000  2083.700  2485.400  3648.900  3559.400  3436.800  3592.500  3303.200
  1739.300  1704.400  2034.000  2003.700  2087.500  2039.900  2793.900  3516.300  3417.800  3322.200  3390.300  2924.500
  1665.500  1679.000  1963.800  2008.500  1934.400  2063.500  2478.000  3455.500  3628.200  3435.800  3417.700  3087.400
  1734.200  1712.700  2030.700  1947.700  2032.100  1920.900  2689.500  3365.600  3478.000  3315.100  3282.600  2833.900
  1734.500  1761.400  1945.500  2047.700  1946.000  2024.700  2475.900  3327.300  3459.400  3546.000  3378.200  2930.800
  1706.000  1729.300  2003.500  2007.600  2003.000  1957.200  2587.000  3236.800  3335.900  3389.600  3283.800  2766.700
  1690.400  1686.300  2189.700     0.000     0.000     0.000  2421.900  3235.000  3386.700  3453.900  3445.000  2869.000
  1708.000  1724.600  2169.500     0.000     0.000     0.000  2566.800  3189.900  3260.900  3308.000  3333.800  2761.900
  1690.400  1693.200  2130.300     0.000     0.000     0.000  2492.300  3157.700  3221.700  3280.200  3274.500  2817.900
  1681.900  1690.400  2203.800     0.000     0.000     0.000  2524.800  3086.900  3139.700  3163.000  3179.100  2742.400
  1647.500  1656.400  2133.300     0.000     0.000     0.000  2471.100  3094.600  3130.300  3186.400  3142.000  2768.200
  1653.000  1675.400  2147.900     0.000     0.000     0.000  2492.000  3027.600  3041.600  3047.600  3038.600  2666.900
  1686.800  1701.900  2081.800     0.000     0.000     0.000  2423.200  3013.800  3049.700  3104.000  3030.600  2666.900
  1687.100  1731.600  2141.400     0.000     0.000     0.000  2551.100  2989.400  2988.400  2996.200  2981.600  2597.400
  1665.500  1676.200  2114.900     0.000     0.000     0.000  2378.500  3008.900  3017.600  3046.800  2986.100  2605.400
  1693.600  1710.700  2085.400     0.000     0.000     0.000  2401.700  2945.200  2948.900  2924.200  2926.000  2543.300
  1652.200  1668.300  2100.000     0.000     0.000     0.000  2374.900  2970.200  2947.900  2975.800  2907.100  2530.200
  1668.300  1680.500  2159.100     0.000     0.000     0.000  2406.000  2877.800  2855.200  2912.500  2880.500  2489.200
  1695.800  1704.800  2296.100  2649.300     0.000     0.000     0.000  3523.800  3576.100  3761.900  3776.900  3323.000
  1644.800  1667.600  2220.800  2597.400     0.000     0.000     0.000  3423.600  3445.000  3643.900  3646.800  3187.400
  1620.500  1642.400  2159.700  2473.300     0.000     0.000     0.000  3321.800  3311.300  3491.100  3493.700  3025.500
     0.000     0.000     0.000     0.000     0.000     0.000     0.000  2921.300  2963.100  3192.800  3225.800  2725.500
     0.000     0.000     0.000     0.000     0.000     0.000     0.000     0.000     0.000  2858.600  2847.300  2510.200
  1528.000  2270.500  1443.800  2214.200  1710.700  2020.100  1654.700  2106.500  1546.200  1895.400  1477.300  1786.900
     0.000     0.000     0.000     0.000     0.000     0.000     0.000     0.000     0.000     0.000     0.000     0.000
  1929.200  2017.800  1797.000  2073.200  1616.900  1800.600  1547.800  1613.100  1686.000  1579.100     0.000     0.000
     0.000     0.000     0.000     0.000     0.000     0.000  4650.000  5323.200  4947.200  2010.100  3913.000  4650.000
     0.000     0.000     0.000     0.000     0.000     0.000  5053.800  5609.200  5788.600  2421.400  3412.500  4408.800
     0.000     0.000     0.000  2268.700  2353.900  3856.300  3823.000  4289.400  4923.800  5494.400  1858.400  4185.500
     0.000     0.000     0.000  2349.000  2234.600  2771.400  4246.400  4715.600  5311.200  6204.200  2057.800  3776.400
  1797.600  1960.700  2431.500  2634.400  2356.300  2567.800  5329.000  3444.200  3798.700  4054.100  4473.300  5416.900
  1585.500  2181.500  2715.800  2444.200  2674.500  2441.500  3552.100  3615.800  4032.600  4484.200  4863.000  5557.800
  2163.900  1733.400  2387.900  2516.500  2249.500  2410.500  4764.400  2502.400  3184.700  3605.700  3816.200  4657.700
  1764.900  2216.400  2586.400  2335.900  2415.000  2276.600  3159.100  2926.300  3520.400  3851.800  4151.900  5301.300
  2038.900  1745.000  2221.400  2446.400  2222.000  2367.400  4393.800  2954.800  2186.100  3398.600  3370.600  3955.000
  1740.700  2074.400  2400.700  2295.000  2383.300  2243.600  3031.500  1973.700  2553.600  3923.800  3621.000  4294.300
  2003.600  1719.800  2170.100  2282.000  2161.400  2190.800  4029.200  4965.900  2823.400     0.000  2737.100  3339.400
  1689.600  2021.300  2300.200  2251.300  2281.400  2050.300  2810.600  3572.900  1915.700     0.000  3112.200  3712.300
  1963.500  1700.100  2103.600  2237.000  2097.700  2204.400  3773.300  4304.700  4886.600  2908.800     0.000  2785.400
  1612.600  1898.500  2215.100  2132.800  2214.100  2082.700  2668.800  3621.900  3493.800  1909.000     0.000  3106.700
  1938.600  1708.300  2081.300  2209.200  2053.900  2164.400  3532.300  4077.200  4336.600  4719.300  3229.400  2125.800
  1607.100  1878.200  2177.400  2089.000  2143.900  2054.800  2570.700  3457.300  3539.100  3470.200  2248.600  2427.900
  1932.800  1715.700  2049.900  2076.500  2088.700  2095.300  3551.700  4249.100  4387.300  4750.100  5097.700  2110.600
  1602.400  1895.000  2120.700  1981.800  2163.200  2008.900  2283.200  3090.200  3204.200  3273.900  3097.200  1627.300
  1766.700  1730.000  2015.900  2133.400  2033.200  2105.800  2976.300  4108.600  4316.200  4549.700  4724.400  2179.400
  1719.300  1767.400  2085.900  2057.600  2129.400  1995.500  2612.900  3398.100  3465.000  3673.700  3769.600  3972.000
  1634.700  1691.800  1920.400  2107.500  1938.600  2065.100  2836.800  3680.100  3691.800  3817.500  3895.800  3778.800
  1676.900  1709.300  2076.500  1959.700  2076.000  1947.000  2509.900  3513.100  3408.500  3465.800  3598.900  3234.700
  1625.400  1701.200  2006.800  2060.400  1964.900  2039.500  2720.900  3725.800  3635.500  3546.600  3669.900  3288.700
  1739.000  1727.200  2022.600  2038.100  2040.400  1974.300  2518.200  3519.700  3458.100  3357.900  3468.400  3053.000
  1643.100  1660.100  1923.900  1968.700  2026.100  2010.400  2681.000  3577.800  3670.300  3523.700  3475.100  3108.800
  1707.600  1684.100  2003.600  1973.100  2030.300  2002.200  2480.400  3360.500  3465.800  3321.100  3277.800  2946.300
  1645.000  1668.700  1904.400  2039.200  1875.900  1983.300  2564.400  3471.100  3515.500  3572.200  3465.800  2973.500
  1610.600  1697.300  1992.700  1983.300  2000.800  1907.200  2427.800  3188.800  3313.800  3356.800  3275.400  2802.300
  1660.700  1698.500  2133.800     0.000     0.000     0.000  2526.400  3406.000  3501.100  3523.400  3515.500  2898.000
  1682.100  1733.300  2151.300     0.000     0.000     0.000  2426.500  3136.200  3213.600  3274.200  3296.000  2787.100
  1642.300  1687.400  2174.200     0.000     0.000     0.000  2567.700  3287.900  3337.000  3402.300  3341.800  2872.100
  1637.200  1695.600  2127.300     0.000     0.000     0.000  2432.200  3010.000  3042.400  3106.000  3147.700  2753.300
  1666.000  1704.800  2154.100     0.000     0.000     0.000  2512.500  3249.100  3280.200  3309.500  3290.600  2820.000
  1648.400  1688.100  2135.800     0.000     0.000     0.000  2407.200  2909.200  2911.900  3011.800  2999.100  2621.900
  1627.600  1691.300  2065.100     0.000     0.000     0.000  2470.400  3221.900  3200.700  3225.300  3179.800  2764.900
  1711.700  1661.300  2152.000     0.000     0.000     0.000  2371.600  2896.400  2835.700  2962.500  2942.600  2583.500
  1591.900  1676.800  2119.700     0.000     0.000     0.000  2414.700  3163.900  3161.700  3153.300  3135.600  2709.800
  1561.200  1659.800  2114.400     0.000     0.000     0.000  2346.800  2842.300  2797.600  2797.600  2842.300  2484.600
  1733.800  1637.400  2097.200     0.000     0.000     0.000  2447.600  3057.600  3059.600  3148.100  3070.500  2642.800
  1581.400  1651.000  2076.500     0.000     0.000     0.000  2340.900  2866.500  2847.400  2835.400  3512.700  2440.600
  1681.200  1701.800  2244.300  2609.300     0.000     0.000     0.000  3523.700  3599.200  3791.900  4318.800  3308.900
  1697.300  1701.200  2236.600  2621.800     0.000     0.000     0.000  3457.600  3429.800  3633.900  3642.400  3193.900
  1603.100  1681.500  2076.300  2476.100     0.000     0.000     0.000  3300.800  3248.200  3461.400  3509.200  3095.700
     0.000     0.000     0.000     0.000     0.000     0.000     0.000  2985.900  3009.000  3067.200  3103.900  2695.600
     0.000     0.000     0.000     0.000     0.000     0.000     0.000     0.000     0.000  2980.200  2928.700  2573.100
  1407.900  2222.600  1456.600  2195.800  1532.300  2058.000  1560.400  1963.700  1342.100  1766.500  1401.200  1815.800
     0.000     0.000     0.000     0.000     0.000     0.000     0.000     0.000     0.000     0.000     0.000     0.000
  1726.200  1960.800  1737.600  1967.600  1464.900  1649.200  1466.300  1746.800  1528.000  1603.800     0.000     0.000
