  2153.100  2060.300  2171.600  2199.300  2137.100  2185.900  3102.400  5100.500  5376.700  5482.200  5956.200     0.000
  2158.500  2082.300  2189.200  2176.000  2190.300  2118.200  3091.500  5083.000  5331.800  5370.200  6020.200     0.000
  2053.400  2015.800  2056.400  2108.800  2023.400  2095.500  3044.300  5281.400  5415.800  5428.900  5924.700     0.000
  2054.400  2055.400  2099.600  2045.600  2100.600  2022.500  3050.700  5231.900  5376.700  5415.800  5940.400     0.000
  2097.000  2077.000  2090.300  2178.500  2106.600  2126.100  3105.000  5326.500  5621.300  5568.900  5995.000     0.000
  2142.900  2049.200  2187.800  2168.200  2205.600  2103.700  3111.200  5374.500  5575.400  5511.000  6125.400     0.000
  2012.300  2072.300  2012.300  2058.400  1982.600  2053.800  3107.100  5326.500  5530.200  5647.900  6086.500     0.000
  2222.600  2027.400  2277.500  2243.200  2271.900  2205.600  3105.000  5362.400  5549.500  5634.600  6117.600     0.000
  2085.400  2097.000  2085.400  2130.400  2054.300  2125.400  3147.800  5537.400  5753.000  5704.400  6246.300     0.000
  2006.100  1997.300  2051.500  2005.200  2032.200  1968.600  3114.000  5416.700  5589.700  5746.000  6173.000     0.000
  2095.000  2071.100  2104.700  2149.500  2120.400  2121.400  3105.700  5596.400  5845.300  5881.700  5067.800     0.000
  2111.600  1977.200  2116.500  2095.000  2135.400  2044.100  3147.800  5616.300  5881.700  5955.700  5100.700     0.000
  1997.900  2076.200  2021.600  2071.500  2016.300  2062.300  3262.900  5957.800  6155.900  6140.200     0.000     0.000
  2044.000  1958.000  2111.300  2041.300  2069.700  1987.600  3188.000  5772.000  6002.400  6124.600     0.000     0.000
  2123.000  2056.800  2108.400  2174.900  2097.000  2151.600  3301.700  6078.200  6284.400  3845.400  3809.700     0.000
  2011.900  2076.200  2077.100  2005.800  2063.200  1989.300  3265.200  5957.800  6155.900  3861.100  3783.400     0.000
  2115.300  2038.200  2100.700  2182.500  2085.200  2174.700  3388.300  6327.900  2820.300  5551.400  2267.400     0.000
  2052.000  2031.400  2120.500  2064.000  2084.200  1992.300  3298.500  6204.000  2708.900  5607.400  2186.800     0.000
  2121.600  2073.000  2121.600  2145.100  2099.600  2161.400  3508.200  3762.000  5117.500  4868.700     0.000     0.000
  1971.900  2037.200  2019.800  1953.700  1990.400  1953.700  3477.500  3739.400  5286.900  4853.600     0.000     0.000
  2075.600  2099.400  2085.000  2174.000  2102.300  2154.600  3247.800  2825.800  4237.800  5392.700  3512.500     0.000
  2046.800  1969.100  2090.700  2032.200  2109.000  2017.900  3277.400  2413.600  4577.000  5668.000  3580.000     0.000
  2136.600  2025.000  2065.300  2136.600  6834.900  4904.200  2497.900  4705.400  5442.500     0.000     0.000     0.000
  2002.800  1987.100  2028.600  1937.300  6037.400  3756.000  2759.800  5142.600  5496.400     0.000     0.000     0.000
  1973.200  2045.600  2062.300  2120.300  1982.300  2083.300  3048.500  5577.900  5817.000  5802.000  5509.200     0.000
  2087.400  2076.300  2154.200  2083.300  2120.300  2063.300  3076.300  5662.500  5720.400  5757.200  5482.200     0.000
  2037.800  1952.500  1933.900  2011.100  1998.900  1983.200  2950.100  5564.000  5570.900  5641.100  5495.600     0.000
  1998.000  1988.700  2076.300  2000.800  2062.300  1996.100  3019.200  5749.800  5824.600  5832.200  5522.800     0.000
  1925.400  2018.000  2020.700  2044.100  1939.300  2029.700  3018.300  5561.100  5832.800  5847.000  5528.900     0.000
  2096.500  2040.500  2146.500  2071.900  2093.600  2110.000  3110.500  5687.000  5875.800  5963.700  5700.500     0.000
  2018.000  1928.600  1912.500  1995.100  1997.800  1963.400  2962.800  5825.600  5890.200  5934.100  5574.100     0.000
  2032.400  2164.600  2215.700  2149.500  2194.600  2039.600  3201.900  5818.500  5897.500  5941.500  5680.200     0.000
  1959.300  1957.600  1967.800  2027.700  1957.600  2007.900  3066.000  5693.200  5958.400  5950.900  5769.600     0.000
  2016.000  1948.300  2013.300  1938.300  1970.400  1994.700  3030.000  5812.100  6018.900  6049.700  5659.200     0.000
  1990.300  2007.000  1974.700  2037.700  1987.700  2063.600  3119.600  6003.700  6112.100  6104.200  4577.400     0.000
  1999.900  2044.100  2097.900  1978.100  2074.900  1989.400  3164.300  6003.700  6088.500  6112.100  4700.900     0.000
  2012.300  1913.100  1922.300  1987.900  2007.800  1980.800  3120.400  6137.500  6382.700  6373.900     0.000     0.000
  2002.300  1966.700  2019.700  1959.800  2038.200  2037.300  3181.700  6228.300  6427.000  6427.000     0.000     0.000
  2057.100  2016.000  1988.800  2070.600  2026.100  2052.400  3264.000  6480.900  6544.900  4063.600  3720.100     0.000
  1946.800  1972.900  2020.600  1939.100  2001.400  1928.100  3195.200  6391.500  6480.900  4003.200  3732.000     0.000
  2023.400  2012.800  2021.400  2087.800  2027.200  2035.000  3329.100  6572.500  2914.800  5634.200  2097.000     0.000
  1916.600  1982.800  2067.600  1991.200  2029.200  1898.600  3314.000  6572.500  2897.300  5458.200  2089.200     0.000
  1896.900  2043.800  1988.400  2068.600  1881.700  2073.600  3436.400  3978.900  5257.400  4858.600     0.000     0.000
  1910.600  1909.700  1957.300  1875.900  1940.300  1895.200  3336.700  4007.900  5103.600  4828.700     0.000     0.000
  1983.100  1987.400  1984.900  2041.500  1997.000  2048.800  3222.400  2332.300  4543.800  5564.400  3397.000     0.000
  1998.700  1990.000  2057.000  1952.700  2015.400  1967.800  3200.400  2837.900  4136.700  5362.000  3424.600     0.000
  2152.400  1948.500  1917.400  2021.700  6060.600  3900.400  2684.900  5081.600  5417.500     0.000     0.000     0.000
  1960.200  1883.400  1954.300  1869.500  6718.600  4784.400  2478.300  4693.700  5316.700     0.000     0.000     0.000
  1868.800  1956.900  1884.500  1947.100  1886.100  2026.300  2922.500  4953.300  5165.400  5250.400  6044.600     0.000
  1933.900  1968.600  1987.800  1906.300  2024.400  1868.800  2960.000  4915.100  5183.400  5207.500  5839.800     0.000
  1941.800  2047.600  1939.200  2007.300  1917.500  2035.000  2978.100  5071.500  5189.400  5338.200  5847.400     0.000
  1817.000  1968.600  1887.800  1845.400  1958.700  1836.600  2895.400  5025.800  5231.900  5331.800  5885.800     0.000
  1888.600  1910.000  1918.800  1959.200  1898.000  1934.300  2942.800  5133.700  5401.300  5432.100  5983.400     0.000
  1902.800  1961.700  1955.000  1918.000  2080.300  1894.100  3082.500  5206.600  5413.600  5444.500  5990.900     0.000
  1956.700  2018.000  1949.100  2013.500  1957.500  2019.800  3026.700  5167.100  5395.200  5482.000  5976.000     0.000
  1875.400  1984.700  1920.400  1861.600  1983.800  1861.600  2984.200  5195.200  5311.100  5488.300  5961.000     0.000
  1989.300  1927.400  1972.800  1996.300  1959.200  1951.600  2995.800  5352.900  5509.000  5600.500  6122.400     0.000
  1966.800  1845.400  2016.800  1955.800  1950.700  1913.500  2992.000  5269.200  5509.000  5483.500  5945.500     0.000
  1924.100  1984.100  1924.900  2010.500  1919.200  1996.300  3061.200  5451.800  5660.800  5729.400  4938.100     0.000
  1930.700  1963.400  2005.200  1934.800  1951.600  1918.400  3027.200  5365.100  5633.800  5757.400  5006.300     0.000
  1898.400  1904.100  1934.300  1995.600  1936.000  2018.400  3170.600  5668.400  5826.200  6047.900     0.000     0.000
  1889.400  1885.300  1961.000  1898.400  1957.500  1874.900  3092.400  5675.400  5855.800  5855.800     0.000     0.000
  1922.400  1844.900  1925.000  1977.700  1909.100  2045.600  3252.700  5789.600  6120.100  3677.300  3605.500     0.000
  1901.700  1956.600  1972.400  1892.600  1895.100  1885.300  3098.800  5863.300  6071.800  3633.200  3562.700     0.000
  2074.000  1897.500  2075.000  2123.700  2053.000  2011.100  3311.900  6007.700  2591.900  5306.600  1906.200     0.000
  1881.500  1905.200  1940.200  1897.500  1865.700  1864.000  3151.100  5951.300  2568.700  5511.000  1908.600     0.000
  2003.500  1881.500  1970.000  2046.000  1969.100  1887.300  3284.400  3566.700  4926.600  4617.200     0.000     0.000
  1900.900  1927.800  1917.300  1878.100  1864.000  1867.300  3254.900  3464.700  5167.000  4628.500     0.000     0.000
  1949.900  2014.400  1948.200  2007.300  1930.000  2009.900  3195.300  2654.000  4072.100  5158.600  3360.800     0.000
  1900.300  1966.700  1970.900  1897.900  1960.800  1879.900  3180.200  2237.200  4448.800  5466.300  3297.600     0.000
  1988.100  1864.400  1935.000  2025.100  6686.800  4728.600  2355.500  4493.500  5291.700     0.000     0.000     0.000
  2036.800  1854.600  2064.400  1976.900  5837.800  3652.100  2548.800  4855.500  5507.800     0.000     0.000     0.000
  1843.500  1819.900  1770.000  1892.500  1756.100  1853.100  2737.900  5266.500  5574.900  5400.000  5361.200     0.000
  1901.000  1893.400  1961.000  1875.100  1905.200  1854.700  2852.200  5446.000  5659.400  5631.000  5387.000     0.000
  1815.300  1838.800  1816.100  1922.300  1809.900  1854.700  2793.900  5513.100  5492.800  5466.000  5297.700     0.000
  1823.000  1827.000  1889.200  1778.900  1877.600  1769.300  2821.000  5609.800  5709.900  5709.900  5426.200     0.000
  1766.900  1781.400  1789.100  1850.300  1789.100  1833.200  2843.700  5422.100  5620.000  5714.200  5465.600     0.000
  1931.100  1931.900  1994.300  1849.600  1833.900  1835.400  2900.300  5548.200  5721.000  5818.500  5541.800     0.000
  1833.900  1874.700  1838.400  1902.900  1823.600  1833.900  2843.700  5528.900  5600.300  5646.600  5484.500     0.000
  1871.600  1859.400  1918.100  1771.700  1869.300  1750.500  2877.000  5567.600  5741.600  5769.400  5497.100     0.000
  1779.500  1787.300  1852.700  1850.500  1838.400  1803.800  2834.400  5610.900  5825.100  5839.500  5532.100     0.000
  1833.100  1845.200  1901.200  1874.300  1827.900  1833.100  2850.100  5532.100  5832.300  5839.500  5538.600     0.000
  1828.700  1855.800  1789.400  1878.200  1785.100  1854.300  2851.900  5782.400  5883.000  5927.200  4459.200     0.000
  1813.900  1822.800  1872.800  1857.300  1853.500  1854.300  2902.000  5875.700  5949.500  5957.000  4501.900     0.000
  1788.700  1814.600  1810.100  1877.500  1796.800  1807.900  2928.600  5967.400  6241.700  6224.900     0.000     0.000
  1836.600  1845.900  1911.700  1809.400  1834.300  1793.100  2953.600  5944.300  6175.000  6134.000     0.000     0.000
  1871.900  1868.700  1772.800  1927.600  1790.100  1816.900  3010.700  6216.500  6310.000  3741.300  3502.200     0.000
  1768.500  1771.300  1835.900  1828.200  1825.900  1784.300  3099.600  6267.100  6388.500  3914.900  3553.000     0.000
  1835.300  1848.900  1925.700  1902.300  1910.000  1780.200  3097.900  6344.400  2715.000  5476.400  1879.300     0.000
  1752.700  1757.100  1821.000  1754.900  1795.400  1771.900  3067.300  6362.600  2723.600  5304.200  1873.100     0.000
  1723.200  1739.600  1832.100  1790.800  1848.100  1887.800  3174.900  3816.800  5078.700  4582.100     0.000     0.000
  1737.500  1735.300  1805.400  1806.900  1819.400  1794.600  3186.500  3787.100  4932.500  4604.500     0.000     0.000
  1824.200  1839.000  1806.100  1892.600  1798.200  1886.400  2973.700  2123.900  4426.700  5419.900  3252.600     0.000
  1823.500  1828.700  1897.400  1800.300  1812.600  1797.500  3000.500  2655.100  4074.900  5236.500  3351.000     0.000
  1946.900  1910.900  1794.600  1991.900  5903.700  3637.500  2577.000  4836.300  5463.700     0.000     0.000     0.000
  1773.600  1704.000  1795.400  1857.800  6539.100  4557.600  2267.700  4529.100  5254.000     0.000     0.000     0.000
  1900.500  1853.500  1953.400  1921.800  1892.100  1957.900  2866.500  4879.800  5234.400  5222.200  5708.600     0.000
  1925.300  1890.400  1957.900  1919.300  1992.500  1915.000  2925.900  4966.700  5191.900  5228.300  5789.700     0.000
  1937.500  1908.100  1979.600  1969.600  1909.800  2014.900  2918.100  5033.900  5138.100  5277.700  5827.400     0.000
  1868.900  1826.500  1877.900  1915.800  1942.800  1855.100  2833.100  5091.300  5210.000  5347.100  5896.400     0.000
  1853.800  1884.400  1861.300  1927.400  1849.200  1902.500  2915.400  5131.600  5411.100  5362.400  5950.200     0.000
  1979.200  1876.700  1933.100  1925.000  2039.200  1983.500  2931.900  5233.000  5411.100  5466.800  5920.700     0.000
  1935.600  1935.600  1943.800  1970.700  1900.900  1998.200  2946.700  5198.700  5332.400  5429.500  5812.800     0.000
  1928.200  1857.500  1895.400  1922.600  1975.800  1887.600  2874.200  5142.700  5362.400  5543.000  5756.800     0.000
  1870.100  1953.400  1934.100  2010.600  1848.600  1930.000  3010.300  5327.500  5488.400  5552.900  5980.900     0.000
  1895.200  1929.200  1972.100  1810.000  1935.800  1855.500  3000.500  5357.800  5539.900  5494.800  5812.100     0.000
  1898.400  1909.600  1864.700  1960.100  1920.200  1976.400  3031.900  5406.800  5618.800  5659.200  4816.300     0.000
  1895.200  1912.900  1955.900  1904.800  1938.300  1844.100  3060.000  5400.600  5741.600  5783.700  4866.000     0.000
  1899.400  1872.000  1860.900  1934.500  1888.800  1969.900  3109.600  5662.400  5893.900  5962.500     0.000     0.000
  1889.600  1871.200  1944.700  1834.400  1951.600  1889.600  3071.500  5711.500  5886.400  5916.600     0.000     0.000
  1946.400  1880.800  1783.700  1950.700  1939.600  2004.800  3148.500  5916.600  6048.400  3647.100  3538.700     0.000
  1823.000  1880.000  1937.000  1899.400  1873.500  1790.300  3131.100  5909.000  6153.100  3603.700  3505.400     0.000
  1934.500  2028.000  1843.400  2101.200  1918.700  1978.800  3357.800  6044.900  2496.000  5135.400  1832.800     0.000
  1799.300  1858.000  1917.900  1835.400  1837.800  1773.600  3171.800  6069.700  2559.900  5354.100  1780.800     0.000
  1810.900  1943.400  1814.800  1987.200  1777.300  1855.600  3386.500  3442.600  4802.600  4529.500     0.000     0.000
  1780.300  1858.800  1892.100  1856.400  1830.600  1757.200  3279.400  3572.200  5025.800  4564.700     0.000     0.000
  1915.400  1901.000  1959.000  1954.800  1906.600  1984.600  3115.200  2481.600  3922.500  5107.500  3215.500     0.000
  1878.200  1881.300  1923.500  1924.300  1973.400  1924.300  3150.900  2135.400  4269.700  5397.000  3184.500     0.000
  2050.500  1889.900  1809.400  1995.000  6441.500  4536.000  2205.900  4422.800  5058.200     0.000     0.000     0.000
  1830.500  1932.400  2061.600  1882.100  5724.300  3512.000  2484.900  4744.500  5229.400     0.000     0.000     0.000
  1550.800  1629.300  1615.600  1699.300  1590.000  1600.300  2638.300  5207.500  5462.100  5331.800  5135.700     0.000
  1640.100  1645.800  1699.300  1612.500  1685.100  1657.400  2708.800  5357.400  5488.900  5468.800  5135.700     0.000
  1530.500  1672.500  1662.000  1742.600  1649.000  1683.100  2687.100  5231.900  5300.200  5338.200  5129.800     0.000
  1689.200  1645.800  1700.700  1626.800  1675.800  1627.400  2751.500  5605.800  5605.800  5428.900  5219.700     0.000
  1550.300  1569.900  1582.600  1635.500  1562.200  1587.600  2617.700  5230.600  5508.600  5458.100  5190.800     0.000
  1632.500  1645.600  1700.800  1640.800  1655.300  1637.800  2712.400  5408.600  5645.400  5566.400  5378.100     0.000
  1572.100  1649.200  1651.000  1701.400  1633.700  1668.700  2698.200  5476.900  5547.000  5445.700  5151.500     0.000
  1645.600  1678.700  1697.600  1645.600  1649.800  1636.100  2682.600  5566.400  5733.500  5672.200  5420.900     0.000
  1612.000  1584.500  1591.300  1666.800  1587.900  1615.500  2729.500  5369.900  5632.200  5659.200  5291.700     0.000
  1618.500  1547.100  1593.600  1546.500  1548.700  1523.200  2631.300  5469.400  5762.600  5790.800  5501.200     0.000
  1599.300  1614.400  1593.600  1676.800  1587.300  1634.500  2734.300  5679.600  5783.700  5727.700  4219.800     0.000
  1545.500  1656.900  1671.700  1629.100  1670.500  1637.500  2768.800  5720.800  5812.100  5762.600  4289.200     0.000
  1549.600  1570.400  1563.000  1617.200  1553.000  1594.100  2760.900  5808.200  6060.100  6028.400     0.000     0.000
  1599.400  1572.700  1634.200  1572.100  1590.000  1547.400  2760.900  5882.300  6068.000  5997.000     0.000     0.000
  1575.500  1514.400  1490.300  1572.100  1485.700  1534.800  2764.300  6100.100  6190.100  3635.800  3507.900     0.000
  1595.800  1648.500  1697.300  1612.400  1646.000  1611.800  2895.900  6092.100  6198.400  3653.300  3463.500     0.000
  1533.800  1561.400  1553.800  1616.500  1537.200  1586.400  2897.800  6230.100  2560.800  5272.100  1734.600     0.000
  1515.900  1600.400  1662.800  1604.700  1599.200  1579.800  2921.200  6256.500  2538.100  5128.700  1755.300     0.000
  1584.600  1544.600  1524.200  1606.500  1520.900  1580.400  2996.000  3606.800  5024.800  4468.500     0.000     0.000
  1615.200  1619.000  1663.400  1589.400  1647.100  1592.400  3052.900  3600.800  4708.100  4449.400     0.000     0.000
  1585.000  1640.000  1650.200  1712.800  1638.800  1701.200  2877.200  2074.200  4211.700  5313.700  3111.900     0.000
  1547.800  1636.400  1705.100  1634.000  1679.700  1610.000  2845.500  2459.800  3827.500  5112.000  3162.800     0.000
  1676.600  1522.100  1512.800  1607.700  5743.600  3534.500  2457.800  4727.000  5205.200     0.000     0.000     0.000
  1594.000  1548.900  1632.200  1547.800  6391.500  4380.900  2197.600  4407.600  5014.100     0.000     0.000     0.000
  1585.000  1578.500  1606.200  1651.400  1582.700  1627.200  2579.500  4748.700  4910.800  4960.000  5384.500     0.000
  1564.400  1546.000  1627.200  1569.700  1603.100  1552.900  2579.500  4644.800  4889.300  4932.600  5423.600     0.000
  1580.900  1592.200  1595.800  1648.100  1588.600  1634.100  2582.600  4774.100  4938.000  5010.100  5378.000     0.000
  1650.700  1646.900  1712.800  1652.600  1690.300  1647.500  2656.600  4846.800  4927.100  5027.000  5417.100     0.000
  1639.400  1645.400  1654.400  1718.600  1649.600  1691.600  2692.600  5027.500  5152.600  5108.400  5554.700     0.000
  1613.000  1618.200  1668.500  1619.400  1665.400  1625.800  2680.200  5001.100  5152.600  5124.900  5613.400     0.000
  1587.400  1582.900  1606.100  1658.700  1582.900  1616.500  2634.600  4923.600  5065.000  5208.900  5626.700     0.000
  1644.200  1643.000  1707.600  1641.800  1679.700  1631.700  2703.500  4938.900  5075.800  5220.300  5620.000     0.000
  1534.200  1530.000  1551.900  1593.600  1522.700  1567.800  2652.500  5114.000  5274.000  5309.600  5713.900     0.000
  1573.300  1565.600  1626.700  1571.100  1599.900  1552.500  2658.600  5059.200  5204.200  5192.800  5638.900     0.000
  1553.000  1565.600  1553.000  1613.200  1541.200  1593.000  2661.700  5204.200  5400.600  5431.700  4654.400     0.000
  1627.300  1621.400  1673.000  1607.400  1675.500  1624.900  2747.300  5274.000  5419.200  5456.700  4533.300     0.000
  1570.600  1576.200  1583.100  1631.200  1580.800  1624.500  2768.000  5530.200  5659.000  5736.300     0.000     0.000
  1484.000  1497.400  1571.100  1512.500  1530.700  1472.400  2682.300  5407.100  5510.400  5597.300     0.000     0.000
  1629.300  1616.100  1612.500  1674.400  1600.600  1669.200  2862.900  5577.000  5786.600  3347.500  3319.000     0.000
  1512.500  1505.700  1570.000  1483.500  1530.700  1482.000  2737.800  5590.500  5743.400  3279.800  3256.100     0.000
  1531.900  1544.400  1554.200  1611.300  1535.300  1589.800  2883.000  5807.300  2308.000  4924.200  1621.100     0.000
  1529.100  1568.900  1624.400  1546.700  1575.400  1511.800  2873.500  5868.800  2247.300  5158.900  1622.500     0.000
  1602.000  1610.700  1616.900  1660.600  1589.200  1650.100  3066.600  3211.600  4581.000  4339.400     0.000     0.000
  1603.200  1621.300  1666.500  1595.300  1648.800  1581.400  3060.100  3228.300  4825.600  4365.700     0.000     0.000
  1569.500  1573.900  1562.400  1621.600  1567.900  1610.600  2787.800  2333.800  3700.400  4858.000  3031.300     0.000
  1548.400  1564.600  1626.900  1570.100  1629.800  1560.800  2799.600  1948.200  4089.300  5201.700  2884.600     0.000
  1661.100  1622.800  1619.300  1689.000  6289.600  4299.600  2041.900  4193.700  4890.900     0.000     0.000     0.000
  1457.100  1426.300  1529.900  1462.800  5541.000  3328.500  2289.300  4547.700  5061.900     0.000     0.000     0.000
  1451.700  1491.500  1483.000  1517.400  1445.200  1504.300  2481.100  5019.000  5230.700  5170.100  4897.700     0.000
  1587.200  1579.500  1626.400  1574.200  1646.700  1703.000  2725.000  5164.100  5362.500  5273.900  5007.700     0.000
  1393.500  1425.900  1403.900  1464.900  1382.000  1444.200  2401.500  5182.100  5134.400  5152.200  4941.100     0.000
  1473.700  1493.600  1511.900  1453.700  1532.300  1441.700  2549.600  5330.500  5375.400  5343.300  5058.800     0.000
  1448.600  1465.700  1430.900  1515.900  1427.300  1493.200  2519.100  5046.600  5299.200  5229.500  5078.900     0.000
  1533.000  1557.500  1583.900  1511.300  1583.300  1510.800  2585.000  5218.000  5558.600  5532.900  5218.000     0.000
  1402.500  1446.700  1425.000  1463.800  1395.500  1463.800  2466.800  5252.500  5364.800  5311.100  5128.100     0.000
  1472.500  1485.700  1511.800  1468.600  1507.200  1446.300  2508.200  5322.900  5456.900  5469.400  5281.600     0.000
  1409.600  1427.400  1429.700  1475.500  1405.500  1464.300  2525.400  5258.700  5529.600  5523.200  5189.300     0.000
  1398.400  1413.600  1456.500  1398.400  1436.200  1374.800  2496.600  5264.500  5516.700  5575.300  5276.300     0.000
  1353.200  1383.400  1359.000  1418.200  1345.700  1401.000  2503.400  5510.300  5696.200  5615.000  4066.900     0.000
  1466.700  1478.900  1505.600  1433.800  1510.200  1420.000  2596.800  5536.100  5648.600  5662.100  4109.700     0.000
  1402.900  1427.100  1420.500  1470.000  1397.400  1452.700  2626.800  5693.400  5904.900  5837.600     0.000     0.000
  1427.600  1450.700  1489.300  1429.000  1478.100  1405.600  2637.600  5679.400  5920.100  5852.500     0.000     0.000
  1402.900  1409.300  1385.700  1464.000  1375.400  1447.300  2678.600  5973.700  6076.000  3558.900  3231.100     0.000
  1459.600  1485.700  1504.300  1421.500  1511.700  1404.700  2709.300  5973.700  6060.100  3556.100  3228.900     0.000
  1405.300  1437.100  1429.100  1481.900  1414.400  1472.400  2783.100  6087.300  2447.500  5127.000  1580.200     0.000
  1461.500  1472.900  1532.800  1463.600  1494.200  1433.600  2797.500  6121.000  2379.500  4959.600  1563.500     0.000
  1422.200  1431.600  1404.800  1473.500  1412.500  1485.100  2860.500  3513.300  4817.400  4309.000     0.000     0.000
  1410.100  1417.800  1453.300  1374.300  1444.100  1365.200  2830.500  3454.800  4540.400  4281.400     0.000     0.000
  1456.700  1468.800  1481.900  1515.700  1427.300  1534.400  2695.500  1830.200  4010.000  5012.400  2834.200     0.000
  1400.700  1384.500  1470.200  1375.100  1425.500  1385.400  2600.300  2295.900  3649.600  4849.700  2958.600     0.000
  1441.200  1408.300  1396.800  1484.400  5542.800  3310.700  2228.000  4547.000  5031.100     0.000     0.000     0.000
  1452.000  1391.900  1465.400  1382.000  6250.100  4214.000  1990.100  4170.900  4867.200     0.000     0.000     0.000
  1407.500  1416.600  1445.600  1486.700  1429.100  1446.100  2404.600  4484.200  4691.300  4753.300  5219.500     0.000
  1480.600  1479.700  1569.700  1480.200  1500.300  1460.000  2469.800  4437.300  4667.900  4719.700  5128.200     0.000
  1379.500  1386.600  1392.700  1448.900  1370.000  1414.800  2359.700  4523.300  4715.000  4777.600  5242.900     0.000
  1404.400  1395.000  1465.800  1386.100  1421.700  1389.200  2374.500  4527.700  4715.000  4787.400  5231.200     0.000
  1397.700  1406.500  1432.300  1492.200  1418.600  1441.100  2438.200  4656.200  4891.000  4880.900  5401.300     0.000
  1428.200  1426.400  1512.300  1448.600  1467.700  1451.000  2473.400  4702.300  4946.900  4916.300  5432.100     0.000
  1377.300  1392.900  1390.700  1447.700  1367.600  1420.900  2409.000  4702.300  4861.000  5020.000  5475.700     0.000
  1390.300  1387.200  1456.200  1386.800  1421.400  1387.700  2414.000  4688.400  4886.000  5004.200  5532.900     0.000
  1376.700  1383.200  1408.900  1461.600  1393.300  1425.800  2487.300  4850.500  5037.300  5091.700  5475.900     0.000
  1327.200  1333.200  1392.000  1365.600  1361.400  1321.100  2406.300  4855.500  4978.700  5026.500  5463.200     0.000
  1333.200  1343.800  1339.700  1408.900  1317.600  1374.100  2448.800  5031.900  5147.300  5209.800  4351.900     0.000
  1387.100  1383.600  1440.200  1369.400  1439.300  1368.600  2495.400  4989.200  5186.900  5256.300  4429.900     0.000
  1366.300  1386.700  1395.700  1459.700  1381.300  1426.300  2579.300  5226.600  5398.400  5462.500     0.000     0.000
  1368.500  1369.800  1435.400  1366.300  1403.500  1345.300  2547.000  5232.600  5430.300  5541.400     0.000     0.000
  1377.800  1391.200  1384.400  1448.900  1358.500  1423.500  2627.700  5411.100  5548.100  3110.900  3257.700     0.000
  1373.800  1384.000  1437.800  1368.500  1411.300  1359.400  2629.300  5501.700  5748.900  3318.600  3214.800     0.000
  1386.100  1391.300  1401.200  1461.700  1391.300  1421.500  2726.400  5569.400  2056.900  4971.700  1669.000     0.000
  1388.000  1379.200  1450.400  1381.500  1416.100  1362.300  2697.400  5626.100  2103.800  5174.100  1658.400     0.000
  1416.100  1412.700  1405.500  1466.400  1384.700  1448.900  2858.100  3060.000  4563.400  4345.500     0.000     0.000
  1349.700  1335.700  1394.600  1323.200  1381.900  1316.400  2784.400  3025.900  4765.000  4373.900     0.000     0.000
  1428.300  1464.900  1439.400  1508.500  1442.200  1473.700  2649.700  2386.600  3711.800  4896.600  3076.900     0.000
  1343.900  1365.900  1398.200  1334.600  1373.900  1332.100  2576.000  2041.000  4161.900  5174.100  3009.800     0.000
  1433.800  1389.000  1370.100  1454.000  6321.700  4327.400  2095.300  4225.900  4950.800     0.000     0.000     0.000
  1392.900  1349.200  1412.400  1312.300  5562.100  3353.100  2325.200  4493.500  5143.000     0.000     0.000     0.000
  1315.300  1298.100  1313.300  1363.000  1290.800  1341.600  2319.600  4998.400  5118.400  4966.600  4774.400     0.000
  1386.300  1384.100  1444.300  1335.900  1404.100  1358.300  2325.500  5036.000  5250.000  5163.400  4904.300     0.000
  1294.600  1283.500  1325.700  1333.400  1271.500  1313.300  2310.200  5030.600  5046.800  4961.400  4848.500     0.000
  1408.600  1402.700  1435.300  1405.000  1412.700  1379.300  2392.700  5118.400  5112.800  5101.700  4982.500     0.000
  1306.100  1305.300  1378.000  1359.400  1297.600  1341.700  2407.600  5001.100  5214.600  5175.000  5022.200     0.000
  1376.700  1356.100  1426.100  1365.700  1395.700  1355.700  2438.000  5113.900  5313.400  5260.700  5103.000     0.000
  1308.000  1314.200  1307.200  1362.700  1289.300  1347.400  2377.900  5249.100  5231.800  5175.000  4995.900     0.000
  1377.100  1390.500  1402.300  1375.000  1397.000  1351.500  2458.700  5266.500  5331.300  5220.300  5130.400     0.000
  1323.900  1307.700  1272.300  1369.400  1323.900  1371.100  2408.900  5186.900  5406.900  5351.700  5080.700     0.000
  1360.500  1331.200  1382.300  1341.000  1384.100  1344.700  2430.600  5227.200  5406.900  5351.700  5141.700     0.000
  1337.300  1333.200  1288.100  1368.100  1312.000  1364.700  2434.500  5488.600  5579.400  5469.500  3982.000     0.000
  1302.700  1290.000  1336.500  1357.600  1324.300  1271.200  2500.900  5488.600  5572.800  5514.200  4016.200     0.000
  1297.000  1282.600  1311.000  1352.100  1278.300  1331.000  2536.900  5657.100  5821.500  5741.800     0.000     0.000
  1349.100  1333.100  1397.500  1285.300  1372.500  1318.700  2493.100  5678.100  5806.900  5692.100     0.000     0.000
  1305.400  1307.000  1339.800  1360.300  1281.800  1349.500  2618.500  5972.400  5956.900  3299.300  3222.500     0.000
  1325.200  1316.200  1371.100  1262.800  1348.700  1293.900  2548.500  5903.500  5972.400  3403.300  3234.900     0.000
  1261.800  1270.400  1269.300  1324.700  1264.200  1311.200  2626.400  6043.400  2292.600  5159.500  1615.400     0.000
  1254.100  1262.200  1297.900  1302.000  1282.400  1237.700  2624.800  6035.200  2244.400  5016.600  1600.800     0.000
  1326.900  1331.200  1329.000  1375.700  1301.600  1359.300  2787.600  3412.200  4816.300  4360.100     0.000     0.000
  1345.500  1322.100  1384.000  1342.500  1375.200  1290.100  2814.800  3406.800  4617.500  4310.000     0.000     0.000
  1321.300  1328.900  1299.600  1378.900  1306.500  1363.300  2550.600  1913.700  4107.700  5051.600  2953.200     0.000
  1301.500  1298.000  1365.400  1328.900  1326.500  1271.100  2560.500  2307.600  3695.000  4924.700  3012.900     0.000
  1367.900  1326.900  1329.300  1388.900  5564.400  3354.100  2281.000  4543.800  5067.900     0.000     0.000     0.000
  1318.200  1254.100  1329.700  1204.800  6281.900  4261.000  2001.100  4239.800  4937.600     0.000     0.000     0.000
  1299.100  1326.400  1290.600  1306.100  1291.800  1343.600  2308.600  4341.200  4584.100  4602.100  5114.900     0.000
  1248.600  1278.100  1353.200  1338.200  1306.100  1247.500  2242.400  4289.400  4535.200  4570.600  5131.700     0.000
  1171.400  1201.100  1232.300  1284.500  1155.600  1305.700  2154.900  4398.500  4566.200  4652.500  5142.900     0.000
  1218.700  1234.700  1348.100  1257.700  1268.400  1204.800  2203.200  4373.800  4566.200  4666.400  5148.600     0.000
  1288.700  1308.200  1255.600  1316.000  1277.500  1331.000  2314.800  4536.100  4811.800  4758.800  5281.600     0.000
  1282.700  1310.900  1339.900  1298.200  1356.700  1291.000  2327.700  4557.900  4806.900  4797.200  5317.000     0.000
  1253.900  1346.000  1249.200  1311.700  1299.300  1367.600  2289.500  4575.500  4758.800  4856.000  5383.000     0.000
  1285.700  1331.000  1323.800  1245.300  1367.600  1305.100  2319.500  4540.400  4735.100  4901.100  5364.800     0.000
  1255.800  1271.500  1249.300  1322.300  1248.200  1303.400  2351.900  4723.900  4901.000  4973.400  5419.300     0.000
  1247.500  1259.800  1306.500  1196.300  1290.700  1238.300  2322.000  4714.400  4875.600  4880.700  5345.600     0.000
  1242.200  1262.000  1196.300  1338.900  1223.000  1285.800  2350.700  4895.900  5158.600  5113.800  4280.400     0.000
  1254.000  1283.500  1260.900  1242.900  1305.800  1220.900  2364.100  4855.500  5102.700  5124.900  4234.000     0.000
  1237.800  1242.200  1254.300  1303.900  1223.200  1280.400  2422.900  5125.100  5308.700  5370.700     0.000     0.000
  1236.400  1273.500  1324.200  1230.600  1302.300  1248.400  2440.200  5074.200  5254.100  5272.200     0.000     0.000
  1297.200  1307.100  1228.100  1315.600  1266.300  1337.500  2527.100  5302.600  5492.600  3032.200  3102.100     0.000
  1206.800  1226.400  1283.100  1222.800  1252.800  1179.800  2437.500  5272.200  5486.000  2978.100  3077.300     0.000
  1248.200  1245.900  1289.200  1308.100  1234.300  1287.200  2567.500  5476.900  1947.000  4780.900  1410.600     0.000
  1292.900  1285.100  1257.900  1263.700  1266.000  1201.100  2573.700  5463.400  2029.900  4908.200  1399.400     0.000
  1298.600  1294.100  1255.500  1337.100  1255.500  1326.300  2726.700  2931.800  4379.400  4094.200     0.000     0.000
  1318.200  1311.900  1292.500  1190.200  1353.400  1277.100  2747.500  2955.800  4596.100  4106.800     0.000     0.000
  1325.000  1332.200  1317.900  1352.500  1305.800  1369.300  2557.100  2180.500  3530.300  4699.600  2849.500     0.000
  1193.700  1215.200  1286.800  1194.300  1243.100  1165.300  2413.100  1773.000  3914.200  4949.500  2747.600     0.000
  1295.400  1254.100  1257.700  1395.100  6067.000  4152.300  1858.400  3979.200  4761.500     0.000     0.000     0.000
  1343.500  1281.100  1275.600  1191.100  5379.200  3105.200  2100.900  4357.100  4960.000     0.000     0.000     0.000
  1353.400  1370.400  1369.500  1428.400  1363.100  1418.700  2369.800  4981.300  5150.900  5134.000  4955.000     0.000
  1460.700  1461.700  1515.500  1464.100  1496.000  1435.900  2446.100  5067.500  5162.300  5296.200  5150.900     0.000
  1332.700  1355.900  1338.400  1389.100  1321.400  1382.500  2315.500  5083.900  5117.200  5122.800  4997.300     0.000
  1469.000  1455.400  1507.700  1445.800  1514.000  1439.700  2437.000  5095.000  5196.600  5179.300  5067.500     0.000
  1359.300  1368.500  1367.300  1430.200  1363.900  1424.700  2393.500  5018.900  5286.300  5222.600  5094.100     0.000
  1426.000  1425.600  1479.500  1453.500  1471.700  1417.000  2470.100  5177.100  5369.700  5315.800  5216.800     0.000
  1361.400  1377.000  1366.800  1430.600  1360.100  1427.400  2403.400  5262.900  5345.600  5280.400  5160.300     0.000
  1440.800  1461.100  1489.800  1434.800  1475.600  1414.300  2479.400  5315.800  5437.000  5375.700  5188.400     0.000
  1387.800  1400.200  1411.400  1462.900  1386.000  1435.300  2482.100  5242.200  5460.700  5454.400  5213.200     0.000
  1403.700  1418.700  1473.600  1407.800  1449.900  1386.900  2488.900  5224.800  5511.700  5448.100  5259.800     0.000
  1396.600  1422.800  1398.400  1461.900  1369.600  1434.800  2517.600  5610.000  5583.400  5518.200  4063.200     0.000
  1344.900  1354.400  1396.200  1332.200  1394.800  1322.900  2459.500  5531.100  5663.800  5583.400  4098.800     0.000
  1350.700  1350.700  1356.700  1423.300  1351.600  1414.900  2560.700  5630.800  5874.800  5808.200     0.000     0.000
  1409.800  1406.100  1481.100  1412.100  1466.000  1392.900  2594.900  5672.400  5845.000  5786.300     0.000     0.000
  1370.200  1374.600  1360.100  1442.000  1351.600  1425.700  2616.100  5935.300  6012.700  3456.000  3014.600     0.000
  1382.100  1386.600  1442.000  1365.800  1430.400  1358.000  2629.900  5912.500  6028.400  3512.100  3089.000     0.000
  1356.400  1354.600  1356.400  1409.800  1348.900  1404.000  2686.600  6087.800  2428.900  4877.300  1364.600     0.000
  1347.100  1347.500  1418.500  1352.400  1383.300  1328.400  2663.400  6038.100  2403.000  4758.900  1397.800     0.000
  1392.700  1404.500  1381.900  1456.500  1374.100  1445.300  2836.500  3443.500  4575.800  4085.300     0.000     0.000
  1393.100  1408.400  1467.300  1379.600  1439.300  1373.600  2838.400  3429.900  4369.200  4101.400     0.000     0.000
  1392.900  1397.700  1400.800  1468.200  1391.100  1452.500  2631.000  1694.600  3883.400  4834.700  2705.200     0.000
  1368.800  1365.900  1434.700  1366.700  1407.000  1341.900  2575.500  2110.100  3485.700  4706.500  2792.200     0.000
  1445.400  1408.300  1413.700  1483.900  5357.200  3155.300  2103.300  4324.900  4907.900     0.000     0.000     0.000
  1382.900  1329.800  1407.900  1315.900  6054.200  4053.500  1842.900  4013.500  4713.600     0.000     0.000     0.000
  1530.600  1521.600  1549.900  1597.400  1507.600  1603.800  2509.900  4591.700  4818.600  4868.600  5528.000     0.000
  1613.700  1500.400  1675.200  1596.300  1638.700  1465.500  2477.200  4507.600  4731.000  4828.500  5567.300     0.000
  1473.800  1510.200  1476.800  1535.400  1499.900  1529.500  2501.700  4623.500  4883.800  4909.400  5470.100     0.000
  1509.700  1598.600  1569.200  1486.200  1546.100  1563.100  2557.700  4609.800  4798.800  4883.800  5476.500     0.000
  1525.200  1580.500  1505.200  1564.000  1578.900  1558.100  2598.100  4782.800  5078.900  4978.000  5630.800     0.000
  1550.000  1552.100  1625.600  1559.100  1628.600  1533.000  2606.800  4787.600  5014.700  5020.000  5684.400     0.000
  1499.200  1546.800  1500.700  1558.100  1532.000  1548.900  2548.100  4816.700  5020.000  5122.600  5650.800     0.000
  1528.300  1608.800  1555.900  1487.700  1550.500  1571.700  2611.200  4758.800  4988.400  5128.100  5637.400     0.000
  1514.900  1460.900  1519.500  1566.100  1472.600  1557.400  2572.100  4965.200  5195.000  5235.300  5737.700     0.000
  1450.800  1515.400  1508.200  1442.300  1491.400  1478.000  2589.500  4954.800  5044.900  5116.100  5662.100     0.000
  1444.200  1496.900  1431.100  1486.900  1480.400  1486.900  2607.100  5183.600  5306.000  5329.900  4683.700     0.000
  1503.600  1567.200  1555.200  1478.000  1544.400  1540.600  2670.700  5094.000  5311.900  5306.000  4578.800     0.000
  1486.100  1524.300  1502.600  1559.500  1505.800  1548.900  2708.300  5356.900  5611.500  5564.100     0.000     0.000
  1467.400  1461.400  1542.800  1474.900  1520.600  1426.500  2612.100  5301.400  5413.600  5530.700     0.000     0.000
  1480.500  1555.600  1484.500  1535.200  1524.300  1536.800  2815.100  5504.200  5730.100  3281.700  3449.200     0.000
  1488.100  1439.400  1552.800  1476.400  1538.400  1408.700  2703.400  5504.200  5625.200  3262.800  3385.100     0.000
  1520.500  1484.600  1511.100  1561.600  1491.000  1561.600  2810.500  5692.600  2266.500  5141.500  1778.600     0.000
  1498.000  1495.800  1556.400  1510.000  1534.000  1482.500  2799.500  5692.600  2171.900  5406.900  1838.700     0.000
  1533.400  1550.000  1494.200  1556.900  1544.200  1551.100  2978.800  3147.300  4800.500  4456.500     0.000     0.000
  1450.800  1559.900  1487.300  1423.800  1486.700  1516.100  2958.400  3129.200  5061.300  4471.300     0.000     0.000
  1526.600  1525.500  1550.300  1578.700  1513.100  1592.100  2713.400  2560.800  3886.500  4967.800  3221.800     0.000
  1420.600  1507.000  1509.600  1416.500  1480.600  1508.500  2682.100  2121.000  4328.900  5241.600  3156.000     0.000
  1539.700  1570.400  1479.600  1554.100  6469.400  4510.000  2216.700  4367.200  5055.900     0.000     0.000     0.000
  1494.400  1371.900  1516.700  1425.600  5725.100  3478.900  2519.300  4598.400  5232.900     0.000     0.000     0.000
  1510.700  1522.700  1514.800  1602.600  1566.400  1644.200  2547.700  5174.800  5244.200  5226.700  5226.700     0.000
  1590.000  1613.100  1619.000  1592.900  1631.500  1573.600  2539.200  5135.200  5321.400  5303.400  5096.100     0.000
  1563.100  1574.200  1574.700  1615.500  1628.500  1667.600  2552.000  5157.800  5203.500  5192.000  5197.700     0.000
  1540.700  1564.200  1711.200  1521.600  1656.500  1590.000  2619.200  5250.000  5267.700  5291.500  5124.000     0.000
  1545.400  1540.100  1543.200  1672.300  1541.100  1579.100  2661.500  5165.900  5387.900  5369.700  5304.000     0.000
  1573.500  1589.700  1644.300  1579.100  1656.300  1603.800  2635.800  5286.300  5506.100  5480.800  5205.400     0.000
  1569.100  1598.100  1580.200  1615.900  1596.400  1668.000  2573.000  5424.700  5418.500  5424.700  5292.200     0.000
  1534.800  1552.800  1694.900  1507.400  1664.900  1607.900  2672.200  5430.800  5531.600  5468.200  5251.300     0.000
  1563.200  1597.400  1585.500  1566.500  1551.200  1599.700  2563.700  5315.500  5605.800  5592.600  5456.900     0.000
  1605.500  1625.400  1615.400  1602.600  1554.500  1494.700  2616.300  5406.900  5592.600  5527.100  5321.500     0.000
  1565.400  1562.100  1542.000  1582.100  1560.500  1635.000  2635.800  5625.900  5770.100  5798.400  4253.200     0.000
  1599.700  1633.200  1676.700  1587.200  1637.400  1576.500  2707.100  5619.200  5735.100  5742.100  4215.000     0.000
  1542.300  1571.900  1570.200  1609.300  1518.400  1575.900  2722.800  5776.400  5955.500  5872.100     0.000     0.000
  1565.100  1583.400  1540.600  1567.400  1580.000  1519.500  2652.000  5812.800  5986.500  5879.600     0.000     0.000
  1545.600  1562.900  1541.700  1650.200  1442.200  1525.400  2809.600  6057.200  6129.700  3574.000  3356.400     0.000
  1574.200  1578.200  1558.900  1540.100  1621.300  1571.900  2722.800  6025.600  6113.400  3537.800  3462.600     0.000
  1659.200  1667.200  1665.200  1550.200  1508.600  1558.900  2815.500  6188.200  2537.300  5326.300  1779.900     0.000
  1531.900  1529.700  1592.800  1547.900  1602.600  1536.400  2828.400  6188.200  2454.700  5157.400  1846.800     0.000
  1605.100  1616.300  1592.800  1643.000  1484.800  1547.900  2974.100  3607.600  4972.300  4456.300     0.000     0.000
  1556.600  1587.400  1669.200  1541.000  1610.000  1547.900  3023.900  3584.000  4758.600  4466.900     0.000     0.000
  1557.700  1571.300  1561.500  1584.700  1597.600  1655.300  2734.500  2084.400  4242.600  5074.100  3073.000     0.000
  1563.700  1575.800  1642.600  1557.200  1643.800  1567.500  2782.000  2481.400  3917.800  5017.300  3178.400     0.000
  1624.800  1563.700  1539.000  1654.600  5702.700  3499.100  2446.300  4643.500  5231.800     0.000     0.000     0.000
  1682.400  1609.100  1521.700  1585.200  6357.900  4428.900  2234.000  4369.100  5036.100     0.000     0.000     0.000
  1781.300  1707.700  1774.900  1771.400  1651.300  1770.700  2687.400  4756.100  4999.500  5058.800  5676.000     0.000
  1774.200  1747.200  1794.900  1768.600  1801.400  1693.400  2681.100  4741.600  4957.300  4999.500  5621.800     0.000
  1695.300  1652.500  1698.600  1824.900  1713.600  1695.300  2725.800  4895.200  4973.000  5048.000  5561.900     0.000
  1703.100  1774.900  1753.300  1696.600  1833.800  1641.600  2636.400  4864.700  4988.900  5064.300  5655.500     0.000
  1775.000  1706.800  1775.000  1803.900  1687.700  1763.300  2751.700  5004.500  5246.800  5201.100  5663.800     0.000
  1763.300  1745.000  1814.000  1777.100  1802.500  1715.900  2746.800  5073.800  5206.800  5184.100  5704.400     0.000
  1678.300  1727.700  1672.700  1826.300  1722.400  1772.900  2792.900  9999.000  5189.800  5275.900  5738.600     0.000
  1848.600  1784.000  1744.300  1845.600  1806.000  1631.600  2699.100  5036.200  5172.900  5252.600  5752.400     0.000
  1733.600  1736.900  1743.000  1858.900  1753.900  1800.300  2867.400  9999.000  5334.800  5340.800  5813.400     0.000
  1661.000  1751.200  1846.000  1657.900  1756.000  1709.100  2808.100  5171.200  5346.800  5310.800  5842.100     0.000
  1766.300  1780.300  1760.800  1806.000  1722.300  1795.200  2862.000  5228.500  5464.300  5445.400  4697.300     0.000
  1731.600  1641.400  1833.200  1704.600  1691.100  1721.000  2844.400  5316.800  5593.500  5567.200  4697.300     0.000
  1676.200  1692.400  1676.800  1823.700  1716.400  1750.100  2913.500  5611.500  5708.800  5715.900     0.000     0.000
  1703.000  1710.300  1785.000  1678.100  1763.500  1687.200  2867.100  5471.500  5694.700  5744.400     0.000     0.000
  1740.300  1714.400  1724.500  1796.000  1688.500  1773.500  2998.700  5687.700  5876.200  3441.100  3667.600     0.000
  1665.900  1682.600  1774.900  1637.100  1734.100  1677.400  2957.400  5666.700  5944.300  3494.000  3663.300     0.000
  1746.400  1679.400  1725.700  1923.800  1831.400  1713.700  3207.600  5973.600  2349.900  5394.000  1977.200     0.000
  1673.400  1600.500  1755.900  1683.500  1640.700  1633.600  3010.100  5902.200  2374.600  5500.900  1965.600     0.000
  1750.100  1754.400  1719.300  1851.400  1742.800  1800.900  3210.000  3394.900  4988.300  4689.700     0.000     0.000
  1618.500  1720.000  1766.900  1604.200  1752.200  1655.600  3104.700  3384.400  5166.300  4682.700     0.000     0.000
  1748.500  1714.700  1726.500  1792.000  1703.700  1780.000  2936.700  2673.000  4102.700  5203.400  3427.200     0.000
  1680.300  1642.400  1766.200  1705.600  1682.800  1672.200  2898.500  2261.600  4416.100  5500.900  3292.300     0.000
  1764.100  1733.100  1688.500  1829.500  6636.300  4682.700  2364.100  4522.500  5323.900     0.000     0.000     0.000
  1650.200  1623.500  1835.400  1586.300  5874.000  3705.500  2622.700  4854.400  5360.200     0.000     0.000     0.000
  1694.100  1734.900  1724.900  1805.700  1734.900  1763.000  2722.500  5304.600  5420.900  5446.000  5216.200     0.000
  1783.400  1776.300  1852.800  1774.900  1805.700  1759.500  2758.500  5365.200  5408.400  5446.000  5080.700     0.000
  1637.900  1774.900  1773.500  1830.800  1730.900  1776.300  2719.300  5427.100  5383.600  5427.100  5245.400     0.000
  1810.800  1731.600  1797.700  1720.200  1770.700  1711.600  2711.300  5396.000  5471.300  5484.100  5170.300     0.000
  1695.700  1696.300  1694.400  1769.200  1682.400  1746.700  2720.300  5330.100  5625.400  5579.400  5318.200     0.000
  1771.300  1846.900  1908.800  1863.500  1977.400  1905.600  2945.300  5439.500  5678.900  5638.700  5282.800     0.000
  1695.700  1768.500  1752.800  1813.700  1718.200  1801.500  2763.900  5489.500  5579.400  5489.500  5408.600     0.000
  1788.000  1784.500  1826.900  1776.800  1818.800  1753.500  2787.000  5618.800  5761.100  5592.500  5306.300     0.000
  1713.400  1686.300  1684.400  1772.400  1671.100  1731.300  2787.100  5542.800  5766.200  5738.200  5523.400     0.000
  1748.200  1747.500  1811.700  1745.500  1780.100  1766.100  2805.800  5582.200  5844.600  5682.900  5478.500     0.000
  1750.900  1739.400  1714.100  1809.500  1722.600  1770.300  2821.200  5780.300  5815.900  5844.600  4361.100     0.000
  1661.200  1727.300  1803.000  1711.400  1781.500  1704.300  2795.600  5808.700  5992.800  5866.400  4348.900     0.000
  1648.900  1765.800  1760.100  1819.300  1714.500  1811.100  2911.400  5955.500  6170.700  6089.200     0.000     0.000
  1735.600  1758.700  1834.600  1772.200  1800.600  1721.900  2938.000  5947.900  6146.000  6025.600     0.000     0.000
  1691.900  1776.500  1768.600  1844.600  1746.700  1802.100  3020.700  6220.600  6322.800  3763.400  3659.600     0.000
  1716.500  1697.800  1752.300  1668.500  1734.200  1665.300  2903.900  6220.600  6297.000  3760.300  3611.400     0.000
  1643.400  1750.500  1754.900  1817.100  1743.300  1799.200  3047.900  6344.400  2725.300  5478.500  1885.000     0.000
  1618.600  1668.300  1732.500  1668.300  1712.700  1648.600  2972.600  6427.100  2720.200  5348.100  2002.400     0.000
  1716.200  1664.400  1644.100  1719.000  1630.600  1693.300  3060.800  3780.500  5152.200  4509.900     0.000     0.000
  1745.400  1677.700  1721.800  1658.400  1721.100  1640.900  3071.600  3722.600  4933.600  4704.100     0.000     0.000
  1707.000  1748.600  1749.300  1810.100  1737.900  1790.100  2946.200  2266.800  4420.700  5523.400  3243.600     0.000
  1661.700  1739.200  1825.400  1727.900  1805.800  1727.200  2959.300  2678.500  4018.600  5387.800  3378.100     0.000
  1788.700  1802.200  1799.300  1898.600  5981.500  3678.400  2596.000  4869.800  5300.000     0.000     0.000     0.000
  1693.600  1634.000  1729.900  1621.600  6552.900  4575.800  2312.800  4555.800  5127.000     0.000     0.000     0.000
