     0.000     0.000     0.000     0.000     0.000     0.000  5121.200  5748.600  6051.100  2541.200  3627.100  4575.900
     0.000     0.000     0.000     0.000     0.000     0.000  4788.400  5480.900  5000.000  2098.400  4154.300  4798.000
     0.000     0.000     0.000  1924.700  2009.000  2413.900  4321.300  4832.200  5295.100  6374.000  2190.600  4011.400
     0.000     0.000     0.000  2038.100  1898.200  3509.300  3992.800  4381.300  5013.200  5721.100  1933.300  4361.100
  1309.400  1932.400  2165.900  2339.900  2079.000  2385.600  3159.500  3776.300  4134.200  4593.000  4982.300  5839.300
  1511.400  1672.600  2324.000  2135.200  2160.100  1972.200  5001.300  3385.100  3796.800  4062.500  4540.700  5524.200
  1428.500  1835.500  2077.100  2171.800  1948.700  2042.000  2845.500  3021.000  3588.600  3910.900  4263.500  5484.700
  1848.700  1409.800  2137.700  1944.800  2113.800  1911.800  4394.600  2573.800  3246.800  3618.600  3885.900  4728.100
  1424.000  1788.600  1908.700  2057.600  1901.900  1992.700  2601.500  2022.200  2546.600  3928.000  3713.500  4383.300
  1782.900  1435.900  2070.800  1833.200  1958.100  1757.600  3959.700  2998.500  2227.000  3371.200  3362.600  4002.200
  1377.700  1686.900  1859.800  1929.600  1842.200  1854.400  2426.300  3621.000  2022.600     0.000  3196.700  3786.000
  1658.700  1353.700  1921.400  1780.000  1893.500  1743.900  3691.400  5005.800  2890.400     0.000  2716.300  3423.400
  1376.000  1649.800  1792.600  1894.100  1779.400  1858.100  2310.400  3682.700  3590.500  2013.100     0.000  3213.200
  1613.100  1345.800  1882.600  1756.800  1838.000  1703.000  3400.300  4303.000  4907.900  2900.100     0.000  2897.400
  1381.200  1596.900  1763.700  1858.900  1706.200  1809.200  2227.500  3536.000  3678.400  3493.500  2388.300  2440.600
  1561.600  1317.600  1791.500  1706.200  1789.700  1660.900  3193.300  4139.500  4303.000  4788.000  3329.600  2157.200
  1340.900  1617.300  1716.800  1724.600  1734.700  1737.000  1968.700  3198.000  3293.500  3349.300  3234.000  1732.100
  1546.100  1309.300  1761.100  1649.600  1734.700  1626.600  3152.300  4279.500  4440.100  4754.600  5149.000  2203.700
  1424.700  1434.900  1719.700  1770.300  1690.200  1759.400  2207.300  3506.200  3647.200  3801.400  3912.000  4035.900
  1456.000  1499.800  1772.000  1661.900  1824.100  1636.200  2702.800  4049.500  4247.200  4483.700  4712.600  2163.200
  1368.400  1459.500  1720.300  1722.000  1667.600  1704.800  2185.100  3549.700  3555.100  3618.000  3720.900  3279.600
  1391.100  1331.300  1700.300  1672.900  1717.100  1582.000  2455.600  3989.900  3655.900  3773.000  3876.900  3668.700
  1392.000  1487.200  1663.600  1694.500  1700.000  1701.900  2140.800  3529.800  3547.100  3414.400  3578.100  3129.500
  1401.000  1412.300  1667.000  1618.800  1708.600  1644.500  2351.300  3734.200  3623.600  3613.800  3749.000  3245.500
  1351.500  1437.900  1666.500  1690.900  1710.300  1687.700  2118.800  3402.300  3571.200  3373.800  3412.300  2993.500
  1303.000  1393.200  1671.200  1592.400  1691.500  1570.400  2253.600  3590.500  3639.800  3506.400  3554.800  3110.600
  1355.200  1386.400  1635.300  1705.700  1626.600  1653.800  2108.000  3226.800  3373.800  3432.500  3392.300  2868.600
  1367.500  1421.900  1631.700  1644.600  1700.900  1599.000  2232.500  3490.600  3557.500  3561.600  3489.300  2956.100
  1440.100  1385.000  1822.000     0.000     0.000     0.000  2073.300  3140.700  3268.800  3379.400  3459.000  2896.500
  1372.100  1458.000  1865.400     0.000     0.000     0.000  2205.700  3408.900  3506.800  3573.300  3576.000  2975.900
  1365.200  1383.900  1769.800     0.000     0.000     0.000  2044.600  3050.600  3065.600  3207.400  3258.600  2808.400
  1371.500  1396.500  1773.900     0.000     0.000     0.000  2118.700  3341.000  3331.500  3413.800  3415.100  2861.900
  1334.000  1353.400  1757.900     0.000     0.000     0.000  2047.500  2920.500  3068.400  3079.900  3116.000  2728.500
  1343.600  1341.300  1746.000     0.000     0.000     0.000  2090.100  3242.100  3245.600  3313.200  3342.500  2801.600
  1293.400  1360.700  1758.600     0.000     0.000     0.000  2031.500  2926.200  2874.900  2954.900  3002.100  2622.500
  1274.400  1380.600  1785.500     0.000     0.000     0.000  2052.700  3207.600  3194.100  3246.700  3250.200  2750.200
  1361.600  1341.400  1776.200     0.000     0.000     0.000  1990.000  2940.400  2919.000  2873.600  2962.100  2622.100
  1353.200  1397.900  1758.500     0.000     0.000     0.000  2015.300  3149.900  3224.500  3174.700  3203.300  2702.300
  1346.800  1419.300  1750.900     0.000     0.000     0.000  2032.900  3003.600  2955.500  2868.200  2847.800  2521.800
  1354.900  1378.100  1743.700     0.000     0.000     0.000  2058.800  3084.800  3137.100  3154.200  3159.600  2674.000
  1379.100  1475.900  1899.200  2231.500     0.000     0.000     0.000  3548.800  3627.500  3777.200  3872.800  3386.100
  1346.400  1400.900  1861.500  2220.600     0.000     0.000     0.000  3433.600  3473.300  3645.900  3702.400  3209.500
  1307.400  1333.100  1784.700  2127.200     0.000     0.000     0.000  3267.100  3335.100  3523.300  3587.000  3131.500
     0.000     0.000     0.000     0.000     0.000     0.000     0.000  2958.400  3081.500  3152.800  3179.800  2736.500
     0.000     0.000     0.000     0.000     0.000     0.000     0.000     0.000     0.000  3040.100  3064.200  2666.800
  1405.300  2266.600  1444.500  2232.000  1556.300  2020.300  1584.300  2123.300  1338.200  1915.500  1362.000  1817.000
     0.000     0.000     0.000     0.000     0.000     0.000     0.000     0.000     0.000     0.000     0.000     0.000
  1757.000  2024.400  1766.600  2163.400  1461.100  1846.600  1457.300  1702.400  1675.200  1617.900     0.000     0.000
     0.000     0.000     0.000     0.000     0.000     0.000  4702.200  5341.400  5001.700  2054.900  4130.300  4754.000
     0.000     0.000     0.000     0.000     0.000     0.000  5095.500  5723.000  5947.600  2498.200  3585.500  4564.200
     0.000     0.000     0.000  1871.500  1913.600  3470.300  3898.500  4366.600  4996.500  5588.800  1887.800  4297.200
     0.000     0.000     0.000  1960.500  1822.400  2399.000  4332.600  4758.800  5302.700  6288.100  2172.200  3885.600
  1463.400  1612.000  2088.100  2254.800  1970.700  2236.000  4964.000  3444.700  3792.500  4057.500  4552.500  5571.600
  1312.600  1946.700  2243.900  2113.500  2159.900  2017.600  3110.900  3655.400  4081.100  4543.500  4892.600  5653.700
  1805.500  1382.700  1890.700  2120.100  1852.000  2054.100  4393.000  2544.900  3203.500  3608.900  3842.100  4748.300
  1416.000  1813.700  2072.000  1947.600  2020.800  1901.300  2795.400  2981.500  3533.200  3911.400  4174.400  5348.200
  1683.800  1356.600  1809.500  2030.600  1802.200  1968.700  3990.800  3745.500  2194.400  3367.000  3354.800  4021.700
  1336.500  1691.800  1963.500  1897.400  1928.600  1794.300  2568.000  3670.200  2468.300  3889.300  3610.400  4297.200
  1612.400  1322.300  1846.700  1881.900  1733.800  1843.700  3683.300  5112.100  3430.500     0.000  2748.700  3414.100
  1330.200  1635.300  1895.000  1783.200  1829.400  1749.000  2412.900  4953.200  3331.900     0.000  3130.300  3750.000
  1582.000  1324.600  1732.200  1836.000  1708.100  1836.700  3397.000  4644.200  5075.100  3724.300     0.000  2874.300
  1318.200  1593.400  1852.600  1748.100  1800.000  1706.800  2271.600  4365.600  4825.400  3536.400     0.000  3179.500
  1537.700  1306.000  1706.400  1816.000  1667.300  1822.600  3197.000  4469.600  4653.400  4893.100  4107.300  2176.600
  1291.300  1540.100  1782.500  1674.200  1743.300  1667.600  2147.300  4094.700  4343.400  4641.900  3944.500  2452.000
  1567.900  1335.300  1648.500  1721.600  1619.800  1688.200  3145.300  4274.300  4348.000  4511.600  4734.000  2134.600
  1254.500  1526.200  1715.700  1634.100  1679.800  1625.000  1948.600  3751.000  4010.900  4208.500  4448.800  2131.100
  1415.700  1401.800  1674.000  1751.200  1671.500  1730.000  2659.500  3488.600  3584.500  3577.800  3783.700  3453.100
  1384.300  1448.500  1738.200  1663.300  1762.300  1603.600  2230.800  3497.600  3684.300  3920.400  4058.600  3588.600
  1465.800  1344.000  1636.300  1721.900  1610.800  1698.900  2448.500  3792.800  3454.400  3481.200  3546.900  3069.500
  1401.600  1354.100  1674.900  1672.100  1712.400  1594.800  2164.800  3584.800  3546.900  3654.400  3886.600  3409.200
  1352.200  1310.900  1636.000  1689.400  1647.100  1674.300  2371.800  3536.300  3448.000  3324.600  3430.400  2945.600
  1303.000  1357.000  1678.400  1620.700  1685.300  1590.300  2124.700  3624.900  3548.300  3434.100  3622.100  3218.400
  1383.700  1305.500  1582.400  1696.000  1600.400  1682.300  2261.600  3333.100  3516.500  3318.700  3358.500  2899.400
  1345.400  1337.000  1642.800  1604.800  1666.500  1601.900  2073.600  3483.500  3594.200  3362.100  3410.400  3009.400
  1372.900  1301.600  1579.900  1667.100  1567.300  1673.700  2219.600  3243.100  3378.100  3420.500  3358.500  2792.800
  1305.500  1350.000  1645.800  1617.100  1650.100  1544.300  2058.000  3333.100  3477.000  3495.300  3357.200  2845.600
  1396.200  1348.900  1810.800     0.000     0.000     0.000  2187.900  3205.900  3368.100  3290.200  3399.800  2824.400
  1335.000  1359.600  1801.500     0.000     0.000     0.000  2067.600  3271.900  3370.500  3363.300  3452.200  2826.900
  1422.000  1360.000  1793.600     0.000     0.000     0.000  2141.500  3082.500  3164.800  3183.000  3269.600  2743.700
  1380.500  1357.900  1762.600     0.000     0.000     0.000  2044.100  3139.300  3214.700  3249.200  3294.800  2742.100
  1393.900  1314.000  1760.700     0.000     0.000     0.000  2112.500  3026.100  3112.700  3092.400  3127.800  2743.800
  1320.700  1342.300  1744.900     0.000     0.000     0.000  2011.500  3015.900  3106.300  3154.000  3109.500  2684.700
  1381.500  1342.100  1703.400     0.000     0.000     0.000  2064.200  2953.700  3007.900  2975.100  3010.900  2613.500
  1284.800  1297.600  1686.200     0.000     0.000     0.000  1983.000  2969.300  3022.000  3063.000  3062.000  2587.000
  1305.400  1340.300  1749.000     0.000     0.000     0.000  2058.800  2957.300  3017.200  2948.800  2987.900  2578.300
  1325.400  1297.400  1679.600     0.000     0.000     0.000  1980.700  2935.600  2970.600  2986.000  2990.800  2524.300
  1336.000  1281.000  1724.400     0.000     0.000     0.000  2032.000  2893.200  2882.400  2918.000  2937.500  2494.700
  1332.100  1284.400  1717.400     0.000     0.000     0.000  1996.900  2931.900  2945.900  2980.200  2933.700  2495.400
  1341.200  1319.400  1872.400  2225.300     0.000     0.000     0.000  3525.300  3636.700  3713.500  3819.900  3324.900
  1333.100  1372.900  1840.300  2206.400     0.000     0.000     0.000  3383.000  3421.600  3612.800  3646.700  3116.000
  1360.200  1292.300  1747.900  2087.800     0.000     0.000     0.000  3326.100  3374.400  3512.000  3540.000  3056.400
     0.000     0.000     0.000     0.000     0.000     0.000     0.000  2934.200  2944.500  3171.500  3264.100  2714.800
     0.000     0.000     0.000     0.000     0.000     0.000     0.000     0.000     0.000  2863.200  2933.300  2556.300
  1288.100  2234.700  1240.700  2232.500  1494.900  2094.300  1423.800  1976.500  1286.900  1810.500  1197.000  1858.900
     0.000     0.000     0.000     0.000     0.000     0.000     0.000     0.000     0.000     0.000     0.000     0.000
  1756.500  2010.400  1615.600  1995.300  1362.000  1637.800  1255.300  1845.500  1669.700  1639.300     0.000     0.000
     0.000     0.000     0.000     0.000     0.000     0.000  4935.600  5420.800  5771.100  2313.900  3307.400  4358.800
     0.000     0.000     0.000     0.000     0.000     0.000  4559.600  5193.700  4774.800  1855.000  3773.500  4619.500
     0.000     0.000     0.000  1916.600  2002.200  2230.600  4129.200  4509.900  5107.500  6090.600  1970.700  3760.000
     0.000     0.000     0.000  1810.400  1691.600  3320.300  3723.000  4132.800  4758.100  5402.400  1724.400  4088.200
  1102.100  1753.300  2136.900  2231.800  2029.300  2190.600  2958.400  3548.900  3946.700  4374.900  4716.700  5406.500
  1321.300  1471.800  2096.500  1862.700  1999.500  1804.200  4846.000  3211.400  3576.800  3806.800  4282.900  5092.800
  1234.300  1661.100  2030.700  2108.500  1933.400  2004.400  2672.400  2806.600  3306.200  3722.900  4007.200  5231.600
  1653.800  1235.000  1977.500  1752.600  1873.400  1666.100  4278.900  2389.600  2996.700  3442.800  3628.100  4535.000
  1225.800  1601.000  1884.100  2027.700  1876.600  1974.900  2423.400  2959.200  2298.900  3726.400  3397.000  4174.900
  1561.300  1181.600  1815.900  1676.400  1777.400  1618.500  3810.300  3366.200  2008.700  3126.500  3140.300  3788.600
  1224.600  1505.800  1812.600  1927.600  1822.500  1855.700  2272.500  4879.200  2760.600     0.000  2943.200  3562.400
  1446.600  1156.700  1689.100  1696.800  1703.200  1499.700  3512.600  4726.900  3236.900     0.000  2509.200  3216.600
  1185.700  1455.500  1764.100  1879.800  1766.200  1836.100  2128.900  4417.300  4900.300  2800.900     0.000  3019.400
  1406.400  1142.900  1652.200  1533.900  1642.800  1487.100  3230.700  4288.200  4690.500  3425.800     0.000  2671.100
  1172.600  1400.600  1730.400  1834.600  1680.500  1786.900  2044.600  4023.300  4305.900  4463.400  3117.900  2242.600
  1359.900  1123.400  1611.900  1491.800  1605.300  1464.200  3014.500  4061.700  4300.000  4427.700  3731.300  1961.800
  1119.100  1406.400  1692.100  1706.900  1705.600  1713.600  1823.900  3596.100  3846.700  3971.300  4107.600  1710.400
  1339.900  1108.200  1574.700  1437.100  1589.000  1435.500  2959.600  3763.400  3937.000  4062.300  4175.600  1874.800
  1222.600  1245.000  1518.600  1581.500  1502.000  1578.800  2086.100  3338.800  3490.700  3557.200  3700.700  2843.900
  1253.300  1254.700  1567.100  1461.500  1604.600  1447.900  2487.600  3374.400  3472.900  3633.000  3764.900  3224.400
  1184.900  1195.000  1533.000  1557.500  1482.200  1548.100  2048.800  3337.300  3381.800  3376.900  3569.400  3131.900
  1217.900  1227.000  1568.100  1466.100  1543.600  1417.800  2306.200  3427.500  3387.900  3436.300  3599.500  3118.300
  1216.300  1202.400  1483.400  1544.400  1513.000  1552.900  1998.200  3431.200  3356.400  3145.600  3330.200  2943.400
  1232.200  1213.100  1515.300  1466.100  1548.600  1454.400  2197.700  3381.800  3338.500  3248.200  3367.200  2916.700
  1170.000  1190.400  1494.800  1531.700  1501.000  1520.900  1984.500  3230.900  3444.900  3172.200  3166.700  2760.600
  1147.800  1185.100  1498.400  1427.000  1508.600  1423.100  2147.200  3279.000  3391.900  3223.100  3236.600  2790.800
  1181.100  1192.500  1467.200  1541.300  1450.500  1499.200  1953.100  3081.200  3283.700  3291.900  3184.200  2665.200
  1201.100  1240.900  1488.500  1458.000  1499.400  1425.200  2059.200  3160.300  3274.400  3296.500  3189.700  2717.300
  1235.400  1153.100  1662.200     0.000     0.000     0.000  1916.700  2991.900  3164.800  3155.200  3244.700  2615.000
  1198.000  1228.700  1648.800     0.000     0.000     0.000  2072.600  3081.500  3162.600  3176.600  3183.000  2635.800
  1197.300  1167.500  1623.600     0.000     0.000     0.000  1937.400  2932.700  3049.400  3016.900  3113.300  2618.000
  1187.900  1196.200  1648.500     0.000     0.000     0.000  2006.300  2972.800  3043.400  3054.400  3077.500  2575.900
  1158.000  1121.600  1602.000     0.000     0.000     0.000  1935.600  2847.500  2921.300  2913.700  2960.600  2542.300
  1172.500  1182.500  1604.400     0.000     0.000     0.000  1905.900  2865.600  2927.000  2923.200  2959.600  2485.800
  1120.600  1158.500  1599.400     0.000     0.000     0.000  1842.100  2789.300  2841.200  2826.900  2890.400  2453.100
  1103.900  1218.500  1599.100     0.000     0.000     0.000  1858.400  2845.700  2870.200  2867.400  2888.500  2446.400
  1197.300  1175.000  1608.000     0.000     0.000     0.000  1892.000  2804.100  2859.000  2813.600  2831.700  2411.800
  1176.700  1161.800  1576.600     0.000     0.000     0.000  1919.500  2797.300  2815.300  2793.100  2817.000  2362.600
  1165.700  1133.700  1584.000     0.000     0.000     0.000  1899.600  2765.400  2760.400  2726.000  2748.900  2332.900
  1179.600  1171.600  1606.900     0.000     0.000     0.000  1881.300  2745.600  2743.100  2771.200  2777.900  2344.300
  1213.900  1211.200  1741.200  2091.700     0.000     0.000     0.000  3328.800  3404.300  3496.400  3611.600  3115.400
  1176.000  1209.900  1689.900  2078.200     0.000     0.000     0.000  3231.500  3299.200  3411.800  3480.700  3008.100
  1141.700  1205.800  1621.500  1949.000     0.000     0.000     0.000  3167.500  3223.600  3295.700  3411.800  2894.200
     0.000     0.000     0.000     0.000     0.000     0.000     0.000  2763.300  2782.500  2946.800  3051.700  2522.300
     0.000     0.000     0.000     0.000     0.000     0.000     0.000     0.000     0.000  2715.300  2752.600  2344.100
  1222.800  2091.400  1323.300  2078.900  1332.800  1836.000  1449.800  1915.300  1155.200  1686.200  1211.700  1616.700
     0.000     0.000     0.000     0.000     0.000     0.000     0.000     0.000     0.000     0.000     0.000     0.000
  1587.600  1863.000  1611.500  1893.200  1211.700  1641.500  1298.700  1478.600  1517.700  1377.400     0.000     0.000
     0.000     0.000     0.000     0.000     0.000     0.000  4523.800  5147.300  4792.700  2039.200  3786.500  4521.600
     0.000     0.000     0.000     0.000     0.000     0.000  4970.200  5528.700  5821.500  2461.500  3311.700  4292.800
     0.000     0.000     0.000  1657.900  1754.500  3256.600  3694.700  4175.600  4812.100  5551.200  1885.000  4054.200
     0.000     0.000     0.000  1713.700  1607.400  2162.500  4144.600  4627.200  5136.200  6234.600  2096.000  3651.800
  1227.100  1401.100  1840.100  2064.300  1763.600  1947.100  4759.300  3237.400  3613.100  3915.400  4465.400  5363.800
  1037.800  1693.000  2115.000  1907.500  2105.000  1859.600  2928.400  3526.300  3882.200  4346.900  4821.700  5468.700
  1621.600  1207.300  1754.400  1910.400  1663.000  1824.100  4182.200  2362.400  3006.300  3387.100  3791.900  4708.100
  1167.200  1604.900  1904.200  1783.000  1822.200  1698.600  2589.100  2784.700  3344.700  3677.200  4157.500  5366.900
  1476.200  1161.300  1620.400  1813.500  1605.200  1758.700  3792.800  3588.100  2003.200  3153.800  3318.800  3978.800
  1185.300  1523.500  1798.600  1688.200  1707.600  1629.300  2349.600  2447.800  2289.900  3673.100  3543.000  4285.400
  1429.000  1154.200  1569.400  1695.900  1558.400  1641.300  3457.300  4863.400  3287.000     0.000  2717.000  3383.000
  1117.000  1469.500  1687.000  1595.100  1658.400  1549.400  2214.100  4121.100  2383.300     0.000  3117.700  3744.000
  1374.800  1154.800  1515.900  1647.000  1502.900  1622.800  3192.600  4280.400  4744.300  3477.500     0.000  2869.600
  1099.500  1349.300  1623.100  1517.800  1602.400  1479.500  2053.900  3856.300  4095.500  2412.000     0.000  3175.100
  1350.900  1138.100  1486.500  1607.100  1450.700  1576.900  2969.900  4067.100  4251.300  4413.000  3743.700  2142.900
  1066.900  1330.100  1593.800  1491.700  1545.700  1472.200  1975.600  3621.800  3837.300  4063.600  2652.000  2433.100
  1329.700  1108.000  1453.500  1488.000  1456.100  1504.000  2938.600  3688.800  3894.700  4061.600  4165.700  1834.600
  1009.100  1316.400  1538.400  1437.400  1491.100  1439.400  1730.300  3408.100  3571.500  3798.800  3780.800  1606.600
  1253.100  1184.600  1470.800  1525.500  1484.500  1523.700  2452.200  3341.100  3461.300  3655.000  3748.200  3274.400
  1128.600  1255.700  1528.800  1452.100  1551.800  1424.900  2023.800  3212.400  3316.600  3551.600  3586.300  2729.700
  1190.000  1239.700  1444.300  1524.900  1442.100  1524.400  2266.200  3398.900  3441.200  3448.800  3617.300  3219.200
  1178.000  1213.500  1524.100  1486.100  1510.200  1441.700  1987.200  3291.500  3220.300  3351.500  3379.300  3006.000
  1203.600  1270.000  1483.200  1519.500  1461.100  1522.800  2207.400  3369.600  3397.600  3252.700  3384.100  2996.400
  1198.500  1197.900  1498.300  1466.300  1521.000  1426.900  1962.400  3365.900  3257.200  3156.200  3211.400  2806.100
  1166.300  1193.400  1431.400  1518.000  1406.700  1457.900  2094.300  3283.800  3409.100  3237.900  3253.800  2816.800
  1111.400  1183.900  1486.600  1428.900  1466.900  1431.900  1882.700  3168.200  3291.900  3161.700  3105.600  2687.700
  1157.400  1184.600  1411.500  1484.100  1405.400  1487.400  2051.200  3118.100  3247.000  3313.100  3252.700  2715.500
  1159.400  1204.800  1471.500  1417.800  1464.900  1384.800  1895.800  3045.300  3231.200  3297.800  3142.400  2579.800
  1224.100  1200.600  1614.100     0.000     0.000     0.000  2023.000  3025.300  3173.700  3200.700  3217.200  2655.500
  1152.900  1221.200  1577.600     0.000     0.000     0.000  1885.800  2973.400  3089.100  3147.100  3175.900  2545.800
  1174.600  1176.000  1605.700     0.000     0.000     0.000  1948.100  2990.500  3097.200  3047.900  3074.900  2635.200
  1152.100  1188.600  1594.900     0.000     0.000     0.000  1879.600  2876.500  2994.300  3024.300  3053.900  2548.600
  1128.700  1161.700  1581.900     0.000     0.000     0.000  1938.100  2899.000  2981.300  2940.500  2970.500  2529.200
  1138.500  1136.900  1568.800     0.000     0.000     0.000  1839.400  2718.900  2808.800  2918.700  2913.000  2504.400
  1103.500  1156.900  1563.700     0.000     0.000     0.000  1924.200  2789.700  2856.800  2873.200  2890.700  2475.400
  1082.000  1168.800  1540.400     0.000     0.000     0.000  1826.400  2778.500  2786.200  2839.700  2846.900  2417.200
  1168.400  1146.500  1560.800     0.000     0.000     0.000  1895.200  2808.400  2838.700  2847.500  2845.700  2416.300
  1145.400  1172.700  1558.100     0.000     0.000     0.000  1811.200  2769.500  2793.100  2731.700  2780.400  2334.700
  1140.900  1193.100  1561.400     0.000     0.000     0.000  1892.400  2744.800  2721.200  2753.800  2780.400  2328.800
  1143.300  1174.500  1539.400     0.000     0.000     0.000  1797.400  2736.600  2772.900  2751.300  2714.000  2314.000
  1160.100  1190.100  1675.000  2047.300     0.000     0.000     0.000  3331.800  3427.500  3497.000  3609.300  3048.500
  1177.200  1231.600  1654.300  2039.000     0.000     0.000     0.000  3188.900  3232.200  3408.700  3470.900  2941.000
  1115.200  1134.600  1557.200  1923.000     0.000     0.000     0.000  3130.800  3152.100  3303.400  3361.900  2868.100
     0.000     0.000     0.000     0.000     0.000     0.000     0.000  2763.400  2778.300  2989.500  3021.700  2530.900
     0.000     0.000     0.000     0.000     0.000     0.000     0.000     0.000     0.000  2748.500  2742.800  2389.800
  1422.200  2082.300  1289.600  2094.800  1537.200  1946.700  1552.700  1811.100  1471.600  1635.200  1308.200  1708.300
     0.000     0.000     0.000     0.000     0.000     0.000     0.000     0.000     0.000     0.000     0.000     0.000
  1735.100  1882.600  1739.100  1841.100  1491.000  1516.000  1377.900  1607.200  1394.200  1485.700     0.000     0.000
     0.000     0.000     0.000     0.000     0.000     0.000  5340.800  5877.100  6193.200  2804.900  3804.300  4688.100
     0.000     0.000     0.000     0.000     0.000     0.000  5025.100  5677.900  5175.400  2308.900  4283.600  4983.000
     0.000     0.000     0.000  2082.400  2177.300  2553.700  4581.700  5027.800  5529.800  6567.200  9999.000  4150.300
     0.000     0.000     0.000  2174.700  2069.300  3671.000  4132.100  4577.300  5215.100  5884.300  9999.000  4459.000
  1468.700  2107.500  2376.900  2542.000  2269.100  2546.300  3341.800  3908.000  4294.000  4785.400  5162.100  6188.700
  1646.800  1798.800  2509.900  2279.600  2363.100  2163.600  5185.400  3520.800  3955.500  4230.400  4690.000  5866.000
  1595.100  2022.200  2165.700  2342.000  2159.300  2268.600  3060.300  3185.500  3767.400  4130.900  4429.200  5706.200
  2029.600  1579.200  2305.000  2122.100  2269.100  2075.800  4584.400  2739.200  3417.400  3811.500  4044.900  4988.300
  1598.100  1976.400  2074.400  2211.500  2091.600  2226.100  2735.800  2950.600  2727.700  4167.900  3818.300  4579.900
  1842.100  1498.900  2223.400  2053.700  2164.600  1998.300  4123.800  3914.500  2414.300  3573.500  3522.000  4216.800
  1570.400  1923.700  2043.500  2145.100  1995.600  2099.900  2598.000  4588.800  2791.500     0.000  3346.800  4001.800
  1829.000  1686.900  2151.700  1970.300  2089.200  1906.200  3848.300  5265.500  3630.700     0.000  2968.700  3608.200
  1566.000  1893.400  1992.400  2100.800  1962.500  2068.800  2479.900  4266.800  4558.900  2938.100     0.000  3449.300
  1783.800  1549.300  2088.800  1962.100  2018.600  1868.300  3550.500  4649.100  5007.800  3764.000     0.000  3093.200
  1543.900  1822.900  1918.800  2040.400  1900.200  2000.700  2417.800  4014.500  4241.700  4502.100  3108.800  2657.100
  1708.100  1496.200  1994.100  1847.600  1997.200  1836.700  3368.100  4390.600  4642.300  4808.400  4168.100  2335.700
  1478.200  1746.000  1905.300  1930.400  1871.200  1942.200  2163.700  3818.100  3970.500  4215.500  4243.500  2059.900
  1740.000  1516.600  1949.600  1865.500  1912.000  1804.000  3307.300  4106.900  4353.400  4349.400  4566.900  2279.200
  1471.700  1542.400  1792.800  1846.500  1763.100  1834.700  2288.100  3600.400  3668.300  3904.000  3957.300  3148.100
  1583.000  1529.100  1845.700  1738.400  1899.800  1703.400  2748.600  3548.000  3769.800  3838.100  3982.100  3564.000
  1438.300  1443.900  1766.400  1770.200  1724.700  1758.900  2235.800  3518.000  3545.900  3622.300  3661.800  3292.300
  1474.000  3123.200  1798.000  1652.700  1797.200  1642.100  2541.100  3619.500  3609.800  3697.700  3722.600  3339.100
  1447.200  1438.300  1723.700  1755.800  1760.900  1749.700  2213.200  3640.500  3553.900  3305.000  3532.600  3075.000
  1505.200  1443.200  1755.800  1683.200  1752.400  1711.600  2469.200  3589.200  3597.400  3498.400  3570.100  3166.500
  1407.200  1412.900  1722.200  1741.700  1743.400  1749.900  2167.200  3405.500  3627.600  3405.500  3345.300  2911.100
  1473.400  1447.500  1727.200  1646.800  1750.200  1626.600  2314.500  3460.100  3573.200  3440.800  3363.500  2996.200
  1405.600  1433.100  1678.500  1758.100  1684.500  1698.000  2144.100  3340.400  3453.600  3466.500  3391.800  2842.800
  1443.500  1457.100  1672.500  1700.200  1770.700  1647.400  2282.000  3389.300  3457.500  3501.800  3391.800  2889.200
  1457.800  1421.800  1878.100     0.000     0.000     0.000  2148.700  3219.800  3404.000  3436.300  3551.600  2874.000
  1465.200  1464.000  1910.400     0.000     0.000     0.000  2261.500  3179.400  3453.900  3290.800  3354.200  2901.700
  1433.200  1420.000  1844.300     0.000     0.000     0.000  2121.900  3164.400  3239.800  3289.700  3290.800  2818.500
  1447.900  1454.200  1860.900     0.000     0.000     0.000  2214.800  3197.800  3272.500  3265.700  3234.200  2815.100
  1433.200  1387.900  1811.900     0.000     0.000     0.000  2075.900  3023.300  3149.600  3152.900  3176.100  2771.600
  1431.600  1408.800  1804.100     0.000     0.000     0.000  2137.900  3041.600  3186.200  3087.300  3140.900  2758.900
  1405.100  1416.200  1803.700     0.000     0.000     0.000  2074.400  3068.500  2998.300  3125.700  3100.000  2730.400
  1395.300  1389.500  1835.700     0.000     0.000     0.000  2124.100  3039.600  3109.600  3056.000  3087.300  2672.000
  1405.300  1416.900  1833.700     0.000     0.000     0.000  2033.400  3007.600  3047.200  3007.600  3023.300  2644.300
  1405.600  1443.600  1816.700     0.000     0.000     0.000  2100.400  3042.200  3039.200  3041.200  3039.200  2604.500
  1391.500  1410.300  1807.600     0.000     0.000     0.000  2062.100  2941.500  3001.700  2910.000  2941.500  2561.600
  1398.900  1405.800  1801.400     0.000     0.000     0.000  2107.700  2980.400  2974.700  3017.400  3025.300  2573.900
  1446.800  1433.000  1960.200  2300.600     0.000     0.000     0.000  3529.300  3604.200  3732.400  3911.800  3280.800
  1439.300  1466.700  1939.200  2281.700     0.000     0.000     0.000  3429.400  3496.200  3472.800  3702.800  3189.600
  1408.100  1409.600  1831.800  2167.900     0.000     0.000     0.000  3356.500  3391.900  3497.500  3538.700  3076.600
     0.000     0.000     0.000     0.000     0.000     0.000     0.000  3010.700  3022.400  3201.700  3243.000  2761.700
     0.000     0.000     0.000     0.000     0.000     0.000     0.000     0.000     0.000  3007.700  2950.300  2597.600
  1503.800  2495.400  1555.200  2416.200  1712.600  2212.900  1729.000  2307.300  1377.800  2084.200  1469.500  2048.800
     0.000     0.000     0.000     0.000     0.000     0.000     0.000     0.000     0.000     0.000     0.000     0.000
  1850.400  2220.500  1883.300  2268.200  1523.200  1973.500  1569.100  1896.200  1922.900  1768.300     0.000     0.000
     0.000     0.000     0.000     0.000     0.000     0.000  4880.200  5551.700  5089.100  2239.600  4188.400  4915.500
     0.000     0.000     0.000     0.000     0.000     0.000  5301.600  5953.300  6047.500  2667.900  3721.300  4687.500
     0.000     0.000     0.000  2025.500  2094.100  3667.700  4138.900  4537.400  5133.000  5752.500  2107.100  4414.900
     0.000     0.000     0.000  2185.300  2012.200  2604.300  4520.100  4953.900  5413.000  6438.400  2346.800  4059.000
  1620.800  1782.800  2300.200  2441.900  2163.000  2401.800  5163.300  3543.600  3971.900  4128.200  4705.500  5916.300
  1470.800  2072.900  2496.500  2310.300  2342.500  2258.200  3294.000  3854.400  4428.000  4627.100  5044.200  6132.500
  1977.800  1560.200  2099.500  2312.100  2048.000  2239.900  4620.100  2705.200  3358.700  3666.500  4028.000  4981.300
  1585.300  2004.300  2242.200  2154.600  2202.200  2096.000  2950.900  3127.800  3913.900  3971.900  4356.400  5627.400
  1842.400  1516.600  1999.000  2225.200  2018.200  2130.200  4195.500  3689.500  2331.200  3544.700  3513.900  4199.300
  1517.200  1898.000  2149.400  2094.800  2100.100  2024.900  2761.400  3244.800  2630.200  4034.300  3768.700  4485.000
  1801.700  1701.600  2149.900  2213.300  1901.600  2070.400  3827.500  5071.400  3555.600     0.000  2943.200  3591.300
  1494.600  1817.400  2081.800  1972.300  2072.300  1892.400  2582.800  5220.500  3102.300     0.000  3354.000  3960.700
  1790.900  1523.800  1925.000  2023.200  1880.400  2031.000  3559.900  4673.200  5154.500  3822.600     0.000  3120.900
  1431.800  1720.800  2043.800  1912.700  2023.200  1891.900  2441.600  4668.500  5017.200  3170.000     0.000  3397.400
  1735.500  1521.000  1869.500  1990.700  1814.400  1993.400  3406.100  4354.500  4604.500  4849.100  4067.100  2350.000
  1437.800  1729.800  1967.800  1861.000  1974.700  1867.200  2348.200  4310.500  4715.400  4782.600  3460.600  2685.200
  1724.400  1538.000  1826.800  1911.800  1792.200  1877.900  3366.700  4131.300  4290.500  4411.000  4579.500  2266.200
  1387.200  1723.400  1929.000  1831.200  1901.500  1803.100  2150.400  3932.500  4209.400  4306.000  4380.800  2023.200
  1534.100  1483.100  1747.100  1816.300  1774.900  1801.700  2762.800  3663.700  3787.400  3943.800  4083.700  3518.800
  1489.000  1536.200  1809.200  1745.800  1853.700  1709.300  2306.000  3461.200  3591.800  3697.800  3825.300  3047.400
  1429.900  3120.100  1690.200  1775.900  1672.700  1731.300  2488.300  3629.500  3515.500  3706.700  3724.300  3387.400
  1431.100  1449.700  1737.000  1729.000  1765.800  1659.400  2237.800  3522.100  3526.100  3526.100  3693.600  3235.500
  1429.500  1440.600  1714.600  1753.500  1702.300  1761.300  2397.900  3619.700  3563.500  3479.100  3615.500  3147.400
  1468.800  1433.900  1754.200  1682.000  1750.100  1663.700  2230.200  3551.400  3476.500  3316.800  3450.900  3122.200
  1420.700  1406.400  1654.400  1745.400  1643.700  1671.800  2297.400  3423.600  3582.200  3436.300  3433.800  3032.900
  1434.600  1415.700  1699.900  1654.100  1738.300  1681.600  2112.400  3349.400  3507.800  3265.500  3220.100  2946.700
  1402.300  1405.900  1652.900  1726.500  1670.300  1714.600  2285.900  3301.600  3399.800  3447.800  3370.100  2920.500
  1414.800  1421.600  1709.300  1632.600  1712.600  1611.200  2103.600  3230.200  3469.700  3418.600  3282.900  2821.100
  1434.000  1417.600  1833.300     0.000     0.000     0.000  2203.300  3253.700  3407.100  3409.600  3440.700  2889.200
  1421.900  1438.100  1853.500     0.000     0.000     0.000  2136.700  3119.500  3225.700  3255.900  3318.100  2818.500
  1417.300  1414.400  1791.100     0.000     0.000     0.000  2160.300  3179.800  3252.600  3271.800  3309.900  2814.300
  1411.700  1416.900  1832.200     0.000     0.000     0.000  2101.500  3104.000  3182.000  3162.600  3240.200  2789.000
  1412.100  1410.500  1821.800     0.000     0.000     0.000  2168.800  3055.200  3129.300  3132.500  3164.300  2757.100
  1409.300  1421.200  1810.200     0.000     0.000     0.000  2058.500  2970.800  3021.500  3116.300  3063.500  2720.400
  1381.600  1380.800  1795.000     0.000     0.000     0.000  2141.600  3084.400  3114.200  3123.900  3143.400  2638.900
  1361.900  1364.700  1748.000     0.000     0.000     0.000  2012.100  2965.900  3017.500  3005.400  9999.000  2656.800
  1374.100  1389.100  1793.400     0.000     0.000     0.000  2084.700  3008.100  3048.800  3012.000  3029.800  2602.400
  1379.000  1378.200  1749.700     0.000     0.000     0.000  2080.800  2952.300  2972.300  2959.000  9999.000  2561.700
  1360.800  1386.900  1762.400     0.000     0.000     0.000  2080.800  2903.100  2873.200  2942.000  2934.500  2563.200
  1374.100  1389.100  1782.000     0.000     0.000     0.000  2056.700  2947.600  3001.300  2932.600  2961.800  2549.600
  1418.900  1424.700  1938.700  2282.900     0.000     0.000     0.000  3510.000  3599.500  3680.400  3801.800  3371.400
  1401.600  1415.300  1881.700  2229.300     0.000     0.000     0.000  3312.500  3362.900  3491.600  3580.100  3183.100
  1366.300  1375.300  1795.800  2183.900     0.000     0.000     0.000  3320.800  3360.400  3461.700  3558.300  3079.500
     0.000     0.000     0.000     0.000     0.000     0.000     0.000  2921.000  2963.200  3137.900  3200.700  2738.200
     0.000     0.000     0.000     0.000     0.000     0.000     0.000     0.000     0.000  2939.600  2877.400  2586.600
  1568.700  2391.800  1504.300  2458.800  1834.000  2283.900  1723.200  2126.000  1598.500  1979.300  1485.800  2007.500
     0.000     0.000     0.000     0.000     0.000     0.000     0.000     0.000     0.000     0.000     0.000     0.000
  1992.900  2255.500  1966.300  2197.100  1678.800  1774.700  1552.600  2000.400  1743.600  1864.500     0.000     0.000
     0.000     0.000     0.000     0.000     0.000     0.000  5487.000  6154.900  6271.800  2901.800  4018.200  5027.000
     0.000     0.000     0.000     0.000     0.000     0.000  5222.600  5878.700  5487.000  2458.400  4544.100  5113.300
     0.000     0.000     0.000  2344.400  2421.200  2811.700  4715.600  5211.200  5720.400  6623.100  2621.700  4338.500
     0.000     0.000     0.000  2407.900  2297.200  3881.300  4252.800  4760.400  5312.800  5974.200  2343.200  4727.300
  1679.600  2331.300  2638.600  2622.400  2443.500  2631.600  3672.900  4071.300  4535.200  4972.500  5194.300  6655.000
  1884.800  2055.100  2701.200  2438.200  2595.800  2413.800  5420.600  3689.300  4141.400  4354.200  4836.400  6340.300
  1767.900  2193.900  2482.900  2532.000  2334.900  2404.700  3235.900  3356.900  4087.700  4377.100  4528.500  5929.400
  2195.000  1776.900  2625.400  2338.000  2462.400  2219.700  4801.000  2912.700  3692.300  3929.400  4156.400  5179.700
  1863.300  2136.500  2286.900  2446.200  2289.200  2386.200  2953.300  4062.900  2850.200  4370.300  4045.400  4731.900
  2152.200  1756.800  2415.200  2289.800  2388.100  2206.500  4342.000  4003.700  2539.200  3847.000  3646.800  4325.900
  1759.600  2093.600  2240.800  2355.400  2233.100  2240.200  2824.000  5305.900  3652.500     0.000  3468.700  4253.200
  2057.900  1777.000  2277.200  2317.700  2310.100  2036.200  4113.000  5406.400  3790.700     0.000  3153.800  3834.400
  1797.300  2101.100  2162.600  2285.700  2175.000  2241.300  2681.400  4675.100  5389.000  4008.100     0.000  3604.500
  1906.400  1662.900  2236.400  2126.700  2231.400  2062.000  3781.200  4932.300  5379.800  3938.900     0.000  3236.000
  1811.700  2048.900  2137.700  2254.600  2091.900  2199.700  2658.900  4472.600  4710.200  4984.500  4312.400  2919.900
  1911.300  1690.200  2208.200  2076.100  2203.900  2041.500  3587.800  4736.300  4974.000  5173.300  4372.700  2567.600
  1690.300  2003.600  2106.500  2092.700  2160.800  2141.400  2404.800  4075.100  4380.700  4661.400  4866.600  2537.700
  1923.500  1723.100  2169.900  2000.100  2226.000  2039.800  3553.500  4540.200  4786.700  4931.400  5055.700  2489.200
  1680.000  1740.700  1991.100  2071.200  1969.000  2039.300  2543.200  3830.300  3934.300  4282.800  4362.700  3932.700
  1799.100  1770.000  2057.000  1932.800  2101.200  1914.700  2988.500  3686.800  3750.500  3845.700  3947.300  3647.300
  1609.600  1683.000  2014.100  2023.900  1946.700  1984.800  2507.700  3814.000  3851.400  3891.100  4223.400  3763.800
  1694.100  1698.900  2017.700  1881.500  2023.000  1865.300  2777.900  3725.100  3612.200  3681.400  3788.000  3309.300
  1660.400  1696.900  1939.200  2032.500  2000.000  1971.100  2479.500  3908.900  3859.300  3711.900  3938.200  3536.100
  1760.000  1710.800  1958.000  1920.000  1975.400  1967.300  2704.400  3783.400  3687.200  3586.000  3654.300  3100.100
  1619.000  1650.200  1939.700  1963.800  1974.100  2017.800  2412.800  3752.400  3897.000  3689.900  3793.700  3296.500
  1722.300  1683.300  1934.700  1886.400  1972.400  1849.800  2587.000  3580.400  3720.900  3536.800  3527.400  3039.600
  1624.900  1664.400  1909.200  2019.600  1921.000  1937.600  2406.400  3595.700  3704.600  3812.400  3650.800  3167.800
  1730.700  1714.100  1943.800  1951.900  1960.800  1895.900  2543.800  3490.200  3570.800  3681.100  3512.700  3025.600
  1640.400  1682.600  2139.200     0.000     0.000     0.000  2402.900  3440.700  3611.000  3658.600  3750.300  3170.100
  1709.600  1713.900  2173.600     0.000     0.000     0.000  2525.400  3444.500  3532.400  3589.000  3623.500  3029.600
  1633.000  1665.200  2086.700     0.000     0.000     0.000  2389.900  3408.300  3541.700  3560.500  3631.800  3043.400
  1670.800  1692.100  2054.000     0.000     0.000     0.000  2455.800  3301.700  3450.800  3403.400  3463.500  2955.900
  1582.900  1671.700  2053.000     0.000     0.000     0.000  2385.200  3291.900  3428.800  3415.900  3501.500  3016.500
  1658.300  1697.000  2072.200     0.000     0.000     0.000  2411.600  3252.900  3232.100  3269.400  3250.600  2973.800
  1624.000  1637.800  1984.300     0.000     0.000     0.000  2334.600  3310.000  3251.800  3396.700  3293.100  2885.300
  1623.400  1651.100  2086.900     0.000     0.000     0.000  2365.000  3209.200  3294.300  3194.400  3284.800  2876.100
  1604.400  1662.500  2063.100     0.000     0.000     0.000  2347.100  3266.900  3263.500  3335.100  3287.800  2803.000
  1504.400  1651.400  2074.900     0.000     0.000     0.000  2367.800  3143.800  3260.000  3146.000  3270.400  2736.300
  1749.800  1627.600  1990.800     0.000     0.000     0.000  2320.200  3279.600  3212.500  3272.700  3215.900  2782.600
  1591.700  1649.900  2029.300     0.000     0.000     0.000  2375.800  3159.900  3156.700  3204.800  3180.500  2771.700
  1696.000  1688.000  2200.700  2557.600     0.000     0.000     0.000  3723.900  3920.700  4014.900  4152.000  3524.100
  1688.300  1693.400  2165.100  2531.500     0.000     0.000     0.000  3701.700  3700.300  3933.900  3967.300  3448.400
  1574.200  1657.900  2094.800  2431.500     0.000     0.000     0.000  3593.400  3600.300  3802.700  3857.700  3288.700
     0.000     0.000     0.000     0.000     0.000     0.000     0.000  3165.400  3210.200  3413.000  3526.700  3003.300
     0.000     0.000     0.000     0.000     0.000     0.000     0.000     0.000     0.000  3086.300  3117.500  2853.100
  1679.100  2553.700  1714.100  2393.200  1813.400  2361.000  1861.700  2481.000  1615.900  2263.000  1692.100  2214.500
     0.000     0.000     0.000     0.000     0.000     0.000     0.000     0.000     0.000     0.000     0.000     0.000
  2016.600  2405.800  2004.200  2452.300  1749.900  2150.500  1718.900  2079.900  2086.100  1940.800     0.000     0.000
     0.000     0.000     0.000     0.000     0.000     0.000  5026.800  5683.100  5330.600  2460.300  4627.900  4406.600
     0.000     0.000     0.000     0.000     0.000     0.000  5493.400  6088.800  6288.900  2874.200  3965.400  4943.300
     0.000     0.000     0.000  2232.500  2271.500  3883.900  4275.400  4657.400  5286.300  5922.800  2305.000  4810.700
     0.000     0.000     0.000  2366.500  2268.700  2794.100  4598.800  5105.000  5622.900  6583.000  2494.100  4316.300
  1814.400  1985.300  2520.000  2671.100  2377.100  2536.400  5305.600  3731.600  4201.200  4425.000  4869.500  6360.600
  1677.100  2322.500  2725.500  2478.800  2692.700  2470.500  3493.400  3974.300  4384.600  4815.800  5239.100  6564.000
  2164.100  1757.500  2302.700  2524.300  2253.700  2447.500  4785.700  2890.200  3528.800  3976.000  4172.400  5049.000
  1708.400  2208.800  2606.600  2358.800  2421.600  2285.600  3147.400  3265.600  3886.200  4226.500  4575.400  5749.800
  2026.500  1729.200  2206.200  2450.800  2204.600  2334.200  4392.100  3343.300  2528.100  3700.400  3697.500  4394.100
  1721.500  2096.500  2370.600  2272.400  2339.600  2214.800  2960.900  2251.600  2841.300  4139.200  3939.900  4667.900
  2001.800  1733.500  2111.200  2335.400  2110.700  2289.000  4018.000  5276.700  3127.500     0.000  3081.600  3737.600
  1687.000  2013.400  2291.900  2248.800  2279.200  2049.000  2787.900  3831.400  2261.100     0.000  3515.600  4108.200
  2003.800  1793.000  2139.400  2231.300  2138.400  2250.500  3753.200  4626.400  5426.200  3220.700     0.000  3285.600
  1685.400  1999.400  2235.100  2122.500  2219.800  2081.600  2655.900  3895.600  3757.700  2176.800     0.000  3481.200
  1951.900  1753.100  2086.400  2202.100  2024.800  2199.500  3550.300  4434.200  4615.100  5064.800  3603.800  2551.900
  1636.600  1902.100  2175.300  2074.400  2149.600  2060.800  2556.200  3708.400  3865.000  3660.400  2549.100  2785.200
  1943.300  1719.400  2015.800  2113.200  2006.100  2083.800  3543.900  4523.200  4772.700  5156.200  5435.300  2544.800
  1626.600  1931.100  2137.000  1995.700  2174.000  2035.200  2284.400  3403.200  3550.500  3594.800  3433.900  1958.500
  1763.400  1632.100  1969.400  2028.600  2003.100  2046.500  2947.100  4358.800  4553.300  4777.400  5008.700  2430.000
  1650.700  1717.100  2020.600  1966.500  2053.800  1914.700  2589.700  3662.500  3759.200  3927.700  4023.600  4213.200
  1606.000  1665.500  1970.600  2031.500  1900.700  2031.500  2734.200  3879.800  3891.000  4090.000  4234.700  3989.700
  1660.300  1674.800  2007.000  2003.500  2016.300  1928.500  2452.100  3685.500  3585.800  3649.800  3812.300  3378.100
  1638.800  1623.100  1982.600  1957.900  1941.200  2028.400  2669.000  3903.900  3804.600  3748.600  3998.200  3506.800
  1708.000  1656.600  1954.100  1965.100  1999.100  1911.900  2607.500  3781.700  3720.500  3549.200  3701.500  3292.700
  1621.500  1656.800  1893.300  1986.800  9999.000  1964.800  2682.300  3891.600  3942.600  3813.600  3869.000  3355.300
  1806.500  1666.100  1939.800  1917.100  1978.100  1943.200  2411.100  3636.400  3796.500  3604.000  3566.600  3192.300
  1624.700  1621.200  1868.900  1971.600  1871.300  1944.400  2590.700  3761.300  3821.400  3861.000  3778.100  3234.600
  1779.200  1623.800  1947.800  1879.500  1960.100  1864.300  2429.700  3443.700  3590.100  3546.200  3551.600  3053.100
  1649.800  1587.900  2107.100     0.000     0.000     0.000  2509.000  3600.000  3717.700  3748.700  3793.900  3125.100
  1726.000  1630.500  2086.900     0.000     0.000     0.000  2431.300  3396.200  3501.100  3547.200  3609.700  3052.800
  1631.300  1666.900  2049.700     0.000     0.000     0.000  2563.000  3518.100  3547.200  3589.100  3631.900  3058.800
  1602.400  1652.900  2085.500     0.000     0.000     0.000  2465.000  3269.900  3344.300  3407.300  3435.900  3000.900
  1623.000  1657.500  2041.600     0.000     0.000     0.000  2419.900  3527.600  3583.100  3605.800  3637.500  3135.100
  1619.900  1637.900  2054.400     0.000     0.000     0.000  2324.800  3178.000  3265.000  3309.100  3328.500  2938.400
  1621.800  1605.900  1980.800     0.000     0.000     0.000  2389.500  3381.800  3463.100  3436.900  3459.100  2973.200
  1604.100  1601.200  2067.400     0.000     0.000     0.000  2344.300  3137.300  3094.400  3179.100  3249.800  2837.600
  1562.300  1296.800  2050.700     0.000     0.000     0.000  2457.800  3431.200  3449.000  3456.700  3463.100  2987.400
  1590.000  1595.700  1962.500     0.000     0.000     0.000  2274.700  3109.000  3113.200  3070.800  3134.200  2761.900
  1640.700  9999.000  2013.700     0.000     0.000     0.000  2357.000  3348.300  3253.100  3447.700  3487.800  2953.000
  1791.700  1551.900  2017.300     0.000     0.000     0.000  2465.700  3081.000  3057.600  3059.600  2992.200  2653.500
  1660.800  1639.800  2186.100  2542.700     0.000     0.000     0.000  3822.900  3865.500  4018.100  4074.000  3566.000
  1619.800  1651.600  2127.400  2558.200     0.000     0.000     0.000  3603.200  3632.600  3802.600  3867.100  3372.400
  1672.600  1592.900  2050.600  2455.000     0.000     0.000     0.000  3484.700  3528.200  3706.100  3761.300  3279.700
     0.000     0.000     0.000     0.000     0.000     0.000     0.000  3215.000  3244.200  3336.200  3393.300  2951.100
     0.000     0.000     0.000     0.000     0.000     0.000     0.000     0.000     0.000  3139.000  3157.100  2750.800
  1784.000  1575.800  1686.300  2446.100  1956.300  2445.500  1870.400  2260.500  1769.400  2117.100  1684.000  2262.700
     0.000     0.000     0.000     0.000     0.000     0.000     0.000     0.000     0.000     0.000     0.000     0.000
  2225.900  2407.400  2098.900  2314.500  1827.100  9999.000  1703.300  2185.500  1943.500  2008.900     0.000     0.000
