  1792.200  1763.200  1792.900  1881.000  1798.700  1843.100  2795.200  4791.700  5039.100  5155.400  5088.300     0.000
  1800.100  1797.900  1846.900  1803.700  1826.600  1775.100  2775.000  4733.600  5001.500  5066.300  3149.100     0.000
  1808.100  1805.900  1782.900  1923.700  1816.200  1822.800  2763.300  4912.300  5082.800  5071.800  5012.100     0.000
  1723.700  1735.100  1837.100  1729.000  1786.400  1764.600  2704.600  4836.300  5033.700  5093.800  3208.200     0.000
  1705.600  1721.200  1719.900  1817.100  1723.800  1763.400  2748.200  4975.000  5278.100  5226.100  5180.600     0.000
  1887.100  1842.800  1848.100  1846.600  1890.300  1790.600  2889.500  5054.200  5272.300  5214.600  3221.700     0.000
  1788.400  1799.800  1775.200  1872.400  1798.400  1823.600  2814.600  5017.000  5208.900  5307.500  5289.900     0.000
  1786.300  1792.000  1835.400  1778.600  1818.500  1774.500  2816.300  5027.500  5237.600  5307.500  3232.800     0.000
  1727.300  1738.700  1729.300  1819.000  1770.200  1775.100  2833.100  5235.300  5415.500  5366.300  5329.900     0.000
  1760.500  1755.000  1747.500  1757.100  1775.100  1665.600  2826.200  5138.400  5282.200  5378.500  3216.900     0.000
  1799.300  1798.600  1775.800  1819.700  1721.300  1839.000  2900.700  5306.000  5516.700  5503.900  4453.000     0.000
  1732.000  1751.600  1842.800  1681.900  1773.000  1757.100  2826.200  5247.000  5562.200  5601.700  3136.500     0.000
  1765.500  1787.100  1753.400  1774.800  1711.500  1808.500  2948.300  5548.100  5814.200  5785.000     0.000     0.000
  1738.800  1752.000  1759.100  1739.500  1804.000  1693.600  2915.900  5521.500  5643.300  5756.100     0.000     0.000
  1816.700  1809.200  1793.700  1736.000  1646.200  1873.400  3056.200  5678.100  5933.900  3508.600  3208.500     0.000
  1696.200  1696.200  1846.600  1681.800  1729.200  1764.800  2938.700  5734.600  5896.000  3552.500     0.000     0.000
  1805.800  1812.300  1805.800  1769.200  1695.000  1852.200  3132.700  5969.800  2497.900  4938.800  1832.200     0.000
  1698.800  1698.200  1809.400  1707.800  1728.700  1713.000  3013.700  5932.800  2451.600  2190.700     0.000     0.000
  1695.700  1713.700  1689.300  1884.400  1694.400  1756.200  3145.300  3453.000  4876.200  4374.200     0.000     0.000
  1713.000  1683.700  1813.700  1672.400  1727.400  1712.400  3130.600  3368.900  4235.000     0.000     0.000     0.000
  1766.800  1764.800  1759.900  1876.900  1778.800  1820.600  2995.500  2564.000  4033.400  5130.900  3155.100     0.000
  1748.900  1750.300  1836.300  1750.300  1781.600  1744.800  2960.900  2117.300  4537.700  2981.200     0.000     0.000
  1910.300  1843.000  1825.800  1770.300  6433.200  4522.700  2304.500  4627.300  4951.500     0.000     0.000     0.000
  1717.300  1647.600  1780.900  1636.700  5772.800  3701.900  2580.200  4732.200  1848.000     0.000     0.000     0.000
  1632.300  1676.000  1625.800  1696.500  1701.700  1669.800  2612.600  5167.900  5375.000  5443.500  2898.200     0.000
  1699.100  1732.800  1780.500  1725.400  1729.400  1703.600  2689.300  5296.200  5488.000  5393.500  5179.300     0.000
  1646.300  1692.600  1683.000  1727.400  1612.200  1724.100  2627.600  5344.400  5405.900  5296.200  2940.800     0.000
  1613.900  1679.800  1704.900  1607.500  1659.200  1655.500  2632.100  5381.200  5488.000  5449.800  5243.000     0.000
  1648.900  1623.400  1639.900  1713.300  1653.200  1680.800  2666.600  5311.100  5630.400  5539.100  2966.700     0.000
  1659.200  1777.800  1728.300  1666.600  1715.200  1700.400  2724.300  5370.900  5643.700  5623.800  5376.900     0.000
  1701.100  1706.200  1682.700  1753.700  1599.200  1734.300  2718.000  5432.000  5577.900  5610.600  2959.200     0.000
  1647.700  1726.300  1685.200  1647.700  1698.500  1791.800  2669.700  5469.300  5584.400  5630.400  5407.400     0.000
  1672.800  1636.700  1707.300  1767.200  1645.100  1735.700  2807.900  5524.400  5802.300  5732.000  2985.600     0.000
  1701.500  1684.200  1792.600  1698.200  1758.200  1597.400  2802.800  5423.000  5670.200  5725.100  5511.500     0.000
  1686.100  1700.200  1658.600  1721.100  1669.100  1719.100  2770.800  5718.200  5802.300  5802.300  2892.300     0.000
  1706.000  1686.100  1781.200  1689.300  1754.100  1677.900  2823.400  5795.200  5911.100  5802.300  4358.900     0.000
  1649.300  1659.400  1663.200  1724.400  1586.700  1709.500  2842.300  5888.500  6139.300  6042.800     0.000     0.000
  1668.900  1704.200  1731.200  1670.200  1717.600  1626.500  2858.500  5851.100  6139.300  6058.600     0.000     0.000
  1668.900  1726.400  1655.600  1716.200  1661.900  1721.000  2908.400  6139.300  6255.800  3776.800  2908.600     0.000
  1685.700  1640.000  1740.900  1670.200  1724.400  1609.000  2919.700  6188.700  6350.400  3718.100  3449.800     0.000
  1798.700  1709.100  1805.200  1856.100  1659.500  1869.800  3127.000  6393.900  2681.100  4730.600  1720.200     0.000
  1673.600  1636.500  1725.400  1673.600  1720.800  1650.900  2979.600  6428.300  2682.700  5307.300  1836.300     0.000
  1722.100  1619.500  1709.700  1786.700  1674.200  1786.700  3160.800  3757.600  5069.800  3873.400     0.000     0.000
  1672.400  1616.600  1742.700  1652.800  1722.100  1585.800  3141.700  3713.100  4949.800  4521.200     0.000     0.000
  1633.600  1666.100  1642.700  1712.200  1656.800  1695.200  2858.300  2129.700  4493.700  4998.700  2759.600     0.000
  1653.700  1674.200  1717.400  1660.500  1700.400  1643.900  2867.200  2627.700  4085.400  5226.700  3177.300     0.000
  1702.400  1751.100  1649.400  1757.300  5837.100  3627.400  2593.600  4906.900  4601.400     0.000     0.000     0.000
  1801.200  1586.900  1809.200  1716.800  6508.900  4531.900  2266.200  4583.800  5223.800     0.000     0.000     0.000
  1526.200  1629.600  1574.600  1692.900  1561.800  1653.200  2619.500  4625.900  4851.300  4886.700  5386.100     0.000
  1577.400  1644.700  1685.200  1547.000  1645.300  1526.700  2579.600  4607.700  4856.300  4846.300  5429.700     0.000
  1553.000  1552.500  1600.200  1705.800  1560.100  1703.900  2651.400  4719.300  4896.900  4959.100  5461.300     0.000
  1523.500  1564.500  1662.500  1629.000  1642.200  1622.400  2570.900  4724.000  4912.300  4974.900  5506.100     0.000
  1551.100  1614.500  1642.700  1636.200  1629.100  1611.600  2604.500  4842.800  5102.100  5074.900  5605.300     0.000
  1567.300  1629.100  1679.300  1593.400  1664.500  1599.000  2656.600  4902.600  5140.600  5064.100  5598.700     0.000
  1616.800  1548.400  1582.200  1697.000  1581.100  1687.500  2682.600  4867.500  5058.800  5179.600  5658.400     0.000
  1521.600  1698.900  1679.300  1627.900  1645.100  1641.500  2662.600  4852.700  5058.800  5179.600  5598.700     0.000
  1630.400  1583.600  1538.100  1652.800  1548.300  1640.600  2737.200  5066.900  5241.300  5282.300  5850.600     0.000
  1606.400  1531.300  1588.100  1574.600  1555.900  1563.000  2608.600  5039.900  5206.600  5133.000  5689.000     0.000
  1599.500  1596.000  1557.500  1678.800  1548.900  1668.800  2706.700  5161.100  5396.900  5396.900  4584.000     0.000
  1600.600  1597.200  1665.100  1616.300  1655.800  1619.800  2721.000  5133.000  5396.900  5390.700  4629.100     0.000
  1591.900  1553.700  1598.300  1636.900  1594.200  1628.300  2782.700  5434.100  5599.200  5682.000     0.000     0.000
  1579.200  1566.600  1613.800  1506.100  1586.700  1499.800  2738.600  5402.200  5612.800  5558.700     0.000     0.000
  1609.600  1621.600  1621.000  1576.300  1624.600  1565.500  2769.000  5640.300  5862.600  3362.800  3270.100     0.000
  1581.500  1556.500  1674.000  1481.300  1638.700  1509.300  2840.700  5592.400  5825.600  3308.800  3217.900     0.000
  1719.900  1628.000  1572.800  1652.500  1548.900  1635.100  2931.600  5898.200  2329.600  4954.400  1674.300     0.000
  1554.300  1609.400  1664.100  1576.100  1639.900  1564.000  2931.600  5862.000  2286.800  5117.800  1657.900     0.000
  1681.500  1647.100  1611.700  1638.700  1619.800  1631.600  3009.000  3249.300  4537.800  4356.400     0.000     0.000
  1576.700  1539.900  1670.300  1622.200  1661.700  1640.500  3032.500  3285.700  4677.100  4346.500     0.000     0.000
  1582.000  1620.100  1569.100  1708.300  1544.500  1688.900  2849.200  2346.300  3685.900  4908.900  3089.800     0.000
  1552.100  1574.100  1661.800  1586.500  1643.400  1565.800  2821.200  2008.900  4095.500  5134.100  2969.500     0.000
  1650.700  1584.300  1603.100  1620.100  6333.600  4390.300  2062.200  4196.100  4918.900     0.000     0.000     0.000
  1683.800  1488.900  1610.100  1451.200  5589.700  3455.700  2282.600  4493.200  5061.300     0.000     0.000     0.000
  1547.200  1495.800  1515.900  1582.100  1506.600  1554.800  2501.700  5068.600  5327.500  5124.000  5030.600     0.000
  1617.300  1518.500  1694.300  1527.400  1549.400  1503.000  2529.400  5152.100  5303.400  5203.500  5009.100     0.000
  1455.300  1513.300  1500.900  1524.800  1511.700  1541.800  2477.200  5169.100  5157.800  5152.100  5003.700     0.000
  1507.600  1599.800  1583.700  1582.100  1630.300  1581.500  2500.300  5180.500  5297.400  5192.000  5063.100     0.000
  1513.000  1578.500  1587.400  1555.500  1558.200  1620.000  2502.500  5108.400  5379.400  5266.500  5130.400     0.000
  1584.600  1556.600  1624.100  1568.000  1597.000  1553.900  2531.200  5266.500  5471.900  5319.400  5180.600     0.000
  1483.900  1509.000  1531.600  1547.000  1501.400  1570.800  2518.800  5391.500  5409.900  5272.300  5203.300     0.000
  1544.800  1617.600  1576.300  1611.800  1645.400  1591.900  2552.100  5422.100  5471.900  5391.500  5260.700     0.000
  1492.400  1466.700  1467.700  1561.200  1445.200  1517.500  2551.000  5363.800  5539.900  5463.000  5321.500     0.000
  1460.500  1526.900  1515.400  1529.500  1563.400  1523.700  2582.500  5345.600  5572.500  5469.400  5333.600     0.000
  1405.200  1489.400  1473.600  1473.100  1458.000  1520.100  2595.700  5748.600  5632.200  5625.500  4281.400     0.000
  1526.300  1572.800  1576.100  1543.300  1619.000  1572.800  2616.300  5652.400  5741.600  5598.900  4242.700     0.000
  1475.000  1498.600  1509.600  1550.200  1493.400  1544.600  2667.100  5717.700  5954.200  5833.600     0.000     0.000
  1490.300  1472.500  1556.300  1467.900  1493.400  1451.100  2696.000  5767.800  5985.100  5789.600     0.000     0.000
  1465.400  1560.800  1537.500  1528.300  1519.700  1597.000  2722.200  6032.100  6112.000  3545.300  3294.300     0.000
  1516.500  1472.500  1571.000  1444.800  1515.900  1450.600  2732.100  6008.500  6120.100  3578.800  3302.300     0.000
  1489.400  1489.400  1473.200  1559.500  1462.600  1537.000  2808.400  6283.300  2495.900  5176.100  1655.400     0.000
  1538.600  1522.900  1604.700  1540.200  1566.000  1520.900  2837.500  6250.400  2487.800  5019.600  1664.400     0.000
  1519.300  1546.600  1516.700  1561.100  1529.700  1590.500  2988.400  3579.600  4862.300  4321.500     0.000     0.000
  1467.900  1605.800  1523.400  1574.300  1648.100  1557.900  2946.900  3571.500  4568.600  4319.600     0.000     0.000
  1490.700  1477.700  1475.200  1548.700  1455.700  1524.100  2726.000  1986.700  4087.200  5123.800  3030.800     0.000
  1441.900  1512.100  1506.900  1497.700  1576.200  1478.700  2673.600  2398.400  3699.200  4832.900  3061.200     0.000
  1503.900  1529.400  1533.100  1530.400  5642.700  3443.600  2324.900  4608.000  5115.600     0.000     0.000     0.000
  1488.600  1392.000  1528.300  1377.200  6397.100  4423.200  2120.900  4235.500  4932.100     0.000     0.000     0.000
  1371.800  1415.700  1389.200  1449.300  1369.200  1430.400  2370.500  4458.300  4724.000  4719.300  5301.000     0.000
  1439.800  1491.600  1496.600  1442.200  1450.300  1412.500  2418.300  4407.800  4667.500  4738.400  5271.200     0.000
  1353.500  1375.200  1355.600  1423.500  1348.500  1402.500  2338.800  4567.200  4748.000  4757.600  5349.300     0.000
  1432.800  1390.500  1511.500  1446.900  1503.300  1443.600  2427.300  4518.600  4714.500  4861.400  5319.000     0.000
  1371.600  1405.000  1388.700  1445.100  1376.300  1425.200  2398.800  4662.900  4908.300  4878.100  5416.000     0.000
  1407.200  1460.700  1461.600  1409.000  1455.000  1394.400  2458.700  4709.100  4928.700  4954.300  5503.400     0.000
  1396.100  1399.700  1381.400  1444.600  1368.200  1431.600  2412.600  4699.800  4878.100  4990.700  5478.200     0.000
  1438.500  1397.000  1479.500  1417.900  1472.200  1417.500  2470.500  4704.400  4883.100  5022.200  5522.500     0.000
  1403.200  1384.300  1419.500  1458.400  1392.600  1455.500  2489.400  4872.100  5065.800  5028.000  5626.800     0.000
  1408.200  1329.000  1457.400  1408.200  1449.300  1395.200  2493.500  4827.200  4985.500  5087.600  5515.300     0.000
  1445.000  1365.000  1408.200  1486.300  1401.500  1491.300  2525.000  4943.700  5182.600  5182.600  4491.100     0.000
  1354.400  1423.600  1405.500  1329.000  1397.900  1325.000  2464.000  4969.700  5298.900  5269.300  4419.300     0.000
  1366.200  1394.700  1388.800  1447.800  1377.200  1432.800  2559.300  5204.200  5444.400  5374.400     0.000     0.000
  1399.700  1380.800  1462.500  1401.500  1444.400  1378.500  2587.400  5210.100  5412.400  5457.300     0.000     0.000
  1411.200  1414.400  1398.300  1467.500  1387.000  1465.500  2639.200  5361.900  5610.200  3199.700  3052.500     0.000
  1377.700  1399.700  1434.300  1361.400  1425.200  1349.400  2606.900  5418.700  5644.600  3181.700  3055.500     0.000
  1388.500  1401.700  1387.700  1447.700  1375.200  1435.600  2714.000  5665.800  2106.100  4703.800  1429.900     0.000
  1337.400  1411.000  1399.500  1344.700  1364.600  1315.900  2673.400  5659.100  2070.000  4925.100  1410.000     0.000
  1431.000  1422.300  1412.400  1478.900  1406.600  1480.400  2880.200  3110.400  4319.000  4154.300     0.000     0.000
  1403.900  1359.200  1436.100  1396.400  1452.500  1365.000  2869.600  3043.600  4516.000  4141.800     0.000     0.000
  1404.800  1421.700  1409.800  1480.000  1400.800  1457.500  2626.700  2175.200  3453.100  4726.900  2829.700     0.000
  1344.000  1339.900  1401.300  1345.300  1390.100  1322.500  2552.100  1746.400  3851.800  4910.100  2809.500     0.000
  1462.800  1383.100  1393.200  1517.100  6097.200  4209.100  1840.500  4080.000  4761.900     0.000     0.000     0.000
  1358.700  1335.800  1396.800  1303.500  5390.300  3167.700  2016.900  4280.400  4965.700     0.000     0.000     0.000
  1262.500  1261.400  1272.200  1367.600  1286.100  1379.200  2313.000  4834.600  4946.800  4957.300  4849.600     0.000
  1303.400  1324.400  1366.300  1296.800  1351.100  1278.200  2339.200  4915.700  5075.300  4962.500  4874.800     0.000
  1167.400  1258.900  1261.800  1216.800  1151.700  1227.500  2303.700  4936.400  4962.500  4978.300  4799.900     0.000
  1351.500  1298.400  1308.900  1348.600  1318.400  1243.700  2302.500  4967.800  5053.400  5086.300  4854.600     0.000
  1272.200  1240.600  1314.200  1346.600  1275.900  1336.500  2286.100  4868.100  5169.400  5180.600  4969.800     0.000
  1311.100  1259.500  1383.100  1329.200  1387.900  1303.000  2365.700  5006.400  5175.000  5243.300  4990.700     0.000
  1256.600  1252.300  1257.700  1379.300  1236.100  1314.600  2318.200  5124.900  5119.400  5226.100  5001.100     0.000
  1329.600  1292.700  1402.300  1335.200  1374.600  1293.500  2345.300  5158.200  5191.900  5301.600  5059.600     0.000
  1238.500  1218.000  1237.500  1317.000  1249.200  1318.600  2342.100  5110.600  5311.900  5323.900  5105.000     0.000
  1295.900  1263.700  1354.800  1291.700  1344.900  1280.000  2320.700  5099.500  5317.900  5366.300  5121.700     0.000
  1240.300  1250.600  1237.500  1298.200  1213.300  1294.000  2384.900  5465.700  5409.300  5440.500  3875.000     0.000
  1294.800  1269.200  1325.800  1312.700  1346.500  1271.000  2429.100  5428.000  5491.100  5510.300  4031.900     0.000
  1210.900  1221.700  1254.200  1274.900  1197.500  1280.300  2434.100  5493.800  5754.800  5614.500     0.000     0.000
  1265.100  1259.100  1339.500  1226.300  1324.900  1270.800  2443.400  5533.500  5676.700  5621.300     0.000     0.000
  1282.300  1238.500  1287.700  1347.500  1261.300  1342.000  2463.600  5783.700  5812.800  3342.300  3037.700     0.000
  1243.900  1259.800  1295.500  1218.900  1285.700  1213.300  2547.900  5776.400  5917.300  3325.100  3092.300     0.000
  1233.100  1241.400  1254.200  1294.000  1227.900  1288.300  2612.700  6022.000  2266.700  4906.800  1439.000     0.000
  1322.700  1273.100  1333.500  1283.100  1360.500  1304.000  2639.400  6014.400  2258.900  4768.200  1446.800     0.000
  1269.400  1305.900  1272.000  1322.300  1258.900  1340.800  2696.100  3326.100  4573.100  4121.200     0.000     0.000
  1352.600  1272.000  1397.000  1299.700  1409.800  1318.000  2763.400  3309.700  4359.200  4105.300     0.000     0.000
  1313.600  1274.000  1268.800  1371.300  1294.100  1366.600  2518.900  1755.300  3830.700  4962.400  2781.900     0.000
  1239.500  1235.600  1286.900  1270.700  1267.000  1245.500  2520.300  2134.300  3492.600  4680.000  2784.400     0.000
  1295.300  1203.000  1268.100  1294.500  5389.700  3190.100  2067.300  4357.300  4911.800     0.000     0.000     0.000
  1363.600  1190.700  1383.000  1156.800  6163.000  4121.200  1841.500  4009.000  4705.200     0.000     0.000     0.000
  1287.400  1314.600  1319.800  1364.800  1282.800  1361.400  2304.900  4339.200  4622.400  4701.400  5145.300     0.000
  1336.000  1305.900  1383.400  1300.100  1348.800  1299.300  2289.800  4315.100  4572.700  4622.400  5150.900     0.000
  1267.100  1337.600  1350.000  1333.100  1248.500  1419.700  2300.300  4472.100  4608.800  4710.800  5202.300     0.000
  1347.500  1381.600  1408.700  1353.400  1362.700  1305.900  2360.000  4433.900  4613.300  4677.900  5202.300     0.000
  1296.500  1365.700  1377.100  1360.200  1288.900  1350.300  2386.500  4577.500  4838.400  4863.200  5319.400     0.000
  1300.300  1329.600  1376.300  1333.200  1367.800  1303.800  2398.800  4599.700  4814.000  4784.900  5313.400     0.000
  1308.800  1328.000  1317.800  1366.100  1287.800  1398.800  2350.100  4586.400  4784.900  4975.000  5379.400     0.000
  1324.100  1393.500  1378.400  1354.400  1380.500  1311.500  2402.600  4595.200  4770.500  4898.200  5355.200     0.000
  1305.000  1274.900  1285.400  1376.700  1311.200  1374.100  2378.800  4791.200  4936.900  5021.200  5553.100     0.000
  1298.400  1303.000  1372.800  1308.900  1282.000  1292.300  2392.500  4686.200  4921.500  4968.200  5425.500     0.000
  1334.400  1308.100  1299.200  1389.800  1305.800  1355.900  2408.900  4860.500  5198.400  5250.400  4272.600     0.000
  1239.700  1355.000  1295.300  1337.300  1341.000  1217.100  2459.300  4855.500  5147.300  5186.900  4304.000     0.000
  1292.100  1326.300  1323.000  1365.700  1280.000  1344.200  2515.800  5183.000  5339.500  5358.200     0.000     0.000
  1307.100  1262.900  1369.200  1258.000  1314.800  1281.600  2442.800  5063.000  5296.500  5364.400     0.000     0.000
  1312.000  1366.500  1346.700  1379.800  1296.800  1314.800  2591.500  5327.100  5532.200  3077.700  3239.500     0.000
  1285.400  1276.600  1344.600  1248.400  1362.200  1253.600  2500.300  5254.100  5572.400  3071.400  3219.700     0.000
  1297.900  1301.300  1305.200  1358.100  1283.900  1361.100  2653.900  5629.900  1995.800  4902.400  1604.200     0.000
  1230.700  1321.200  1301.700  1304.000  1348.200  1215.700  2635.800  5551.200  2003.700  5080.800  1584.100     0.000
  1361.500  1382.300  1369.500  1405.500  1323.200  1357.300  2804.400  3016.700  4498.700  4280.000     0.000     0.000
  1306.000  1366.900  1382.300  1328.800  1364.800  1311.400  2809.500  2985.800  4639.900  4257.200     0.000     0.000
  1331.500  1306.400  1323.100  1394.400  1316.700  1422.400  2536.700  2352.700  3667.700  4884.900  3033.200     0.000
  1262.400  1321.500  1321.000  1309.500  1366.500  1233.000  2508.900  1933.600  4021.200  5115.900  2898.400     0.000
  1397.500  1357.600  1343.000  1411.400  6255.300  4324.400  2010.500  4186.500  4862.700     0.000     0.000     0.000
  1274.300  1204.800  1313.900  1195.500  5561.100  3338.500  2244.100  4465.200  5030.400     0.000     0.000     0.000
  1440.800  1482.000  1482.000  1476.600  1449.300  1506.400  2432.500  5022.900  5212.700  5172.500  4922.700     0.000
  1550.800  1553.000  1560.100  1558.500  1576.200  1515.200  2531.000  5099.400  5271.200  5241.800  4933.000     0.000
  1394.000  1402.100  1390.900  1438.400  1368.700  1427.600  2371.700  5116.000  5178.200  5161.100  4907.200     0.000
  1456.500  1473.100  1583.000  1448.400  1484.500  1430.000  2410.600  5138.500  5230.100  5206.900  4964.400     0.000
  1420.200  1442.700  1445.100  1467.400  1429.300  1472.200  2447.000  5065.000  5301.600  5272.300  5038.200     0.000
  1498.900  1518.200  1536.900  1513.500  1563.100  1493.900  2542.300  5214.600  5367.200  5367.200  5124.900     0.000
  1412.500  1430.700  1409.900  1475.600  1390.500  1451.600  2435.400  5325.300  5325.300  5301.600  5141.500     0.000
  1455.900  1487.400  1540.600  1464.000  1494.900  1449.300  2465.300  5355.200  5428.300  5428.300  5186.300     0.000
  1406.600  1418.400  1416.600  1503.400  1401.700  1456.300  2488.700  5303.600  5533.600  5495.000  5268.000     0.000
  1388.500  1405.300  1541.500  1396.400  1421.200  1433.600  2483.300  5279.800  5514.200  5579.400  5291.700     0.000
  1342.600  1377.100  1344.700  1488.700  1330.000  1392.800  2451.400  5659.600  5586.000  5579.400  4104.200     0.000
  1463.100  1452.000  1450.100  1428.100  1498.800  1432.700  2560.900  5599.200  5686.800  5721.200  4207.400     0.000
  1388.600  1402.700  1406.800  1456.900  1389.500  1449.000  2569.800  5676.700  5940.200  5842.300     0.000     0.000
  1419.400  1419.400  1518.400  1426.900  1462.800  1394.900  2587.700  5726.100  5917.300  5849.700     0.000     0.000
  1393.600  1405.400  1382.300  1471.800  1376.100  1444.600  2644.200  6009.900  6073.200  3470.200  3247.700     0.000
  1426.900  1453.900  1477.400  1429.800  1470.800  1411.400  2658.300  5971.000  6121.600  3502.400  3270.100     0.000
  1424.700  1427.900  1418.400  1444.100  1397.000  1454.500  2745.400  6201.800  2423.900  5097.800  1612.900     0.000
  1454.000  1466.900  1456.400  1465.000  1489.900  1439.900  2779.900  6161.800  2410.000  4933.200  1603.800     0.000
  1421.100  1425.600  1424.300  1505.000  1395.200  1479.100  2861.900  3512.800  4774.000  4342.000     0.000     0.000
  1408.900  1406.200  1519.800  1381.700  1442.700  1371.500  2846.200  3484.100  4518.000  4330.300     0.000     0.000
  1411.000  1437.800  1430.800  1491.400  1418.300  1480.300  2622.800  1917.800  4010.900  5171.700  2966.800     0.000
  1363.600  1374.300  1450.100  1371.800  1418.300  1348.100  2575.600  2302.500  3625.400  4918.000  2967.700     0.000
  1424.800  1371.300  1360.700  1498.900  5508.600  3358.000  2261.700  4547.900  5036.400     0.000     0.000     0.000
  1403.400  1360.700  1444.000  1359.800  6221.600  4264.700  2052.400  4204.800  4838.900     0.000     0.000     0.000
  1500.200  1507.400  1486.600  1567.300  1468.300  1551.900  2517.400  4601.800  4760.900  4844.600  5414.600     0.000
  1568.400  1550.800  1609.400  1566.700  1610.000  1520.900  2538.400  4633.700  4732.000  4741.600  5371.300     0.000
  1449.900  1431.400  1434.300  1495.200  1420.300  1487.100  2416.100  4592.800  4809.800  4869.700  5310.600     0.000
  1468.300  1472.700  1506.400  1463.900  1505.400  1434.700  2453.800  4615.400  4775.400  4809.800  5389.800     0.000
  1449.600  1467.200  1496.700  1538.800  1474.900  1523.700  2497.400  4787.600  4978.000  4946.900  5469.400     0.000
  1511.300  1514.900  1572.200  1528.900  1571.100  1516.400  2569.300  4846.100  5020.000  4931.500  5456.900     0.000
  1475.400  1465.700  1453.300  1515.400  1444.400  1508.300  2484.000  4797.200  4941.800  5062.700  5520.100     0.000
  1495.200  1485.700  1528.900  1459.000  1501.200  1447.700  2496.000  4787.600  4993.700  5078.900  5494.600     0.000
  1454.100  1459.900  1467.200  1515.900  1446.500  1507.100  2540.800  4949.600  5138.400  5172.200  5549.100     0.000
  1404.200  1391.700  1446.500  1431.100  1432.000  1379.100  2481.700  4908.300  5072.100  5050.300  5555.600     0.000
  1410.000  1412.700  1394.400  1454.100  1392.600  1455.600  2507.500  5077.500  5229.500  5282.200  4465.700     0.000
  1459.400  1464.300  1520.600  1451.800  1491.900  1441.800  2562.100  5138.400  5306.000  5252.800  4453.000     0.000
  1466.500  1449.200  1453.100  1513.800  1447.300  1510.700  2636.100  5312.400  5496.400  5549.400     0.000     0.000
  1442.400  1430.900  1489.800  1430.400  1473.000  1414.000  2611.500  5355.700  5509.500  5529.400     0.000     0.000
  1462.500  1451.700  1428.100  1503.300  1418.600  1495.500  2677.000  5556.100  5658.500  3197.500  3207.700     0.000
  1453.100  1454.100  1496.500  1439.100  1471.500  1414.900  2673.800  5583.000  5757.400  3250.300  3111.900     0.000
  1501.100  1479.800  1480.300  1542.500  1466.600  1529.900  2809.700  5797.900  2156.100  4894.100  1618.200     0.000
  1489.600  1493.100  1537.800  1482.200  1517.400  1463.800  2825.000  5756.000  2121.200  5034.900  1510.500     0.000
  1508.700  1485.200  1465.200  1531.400  1466.200  1539.300  2913.300  3161.600  4506.200  4213.200     0.000     0.000
  1433.600  1429.500  1459.000  1390.600  1467.100  1396.300  2859.700  3142.500  4668.300  4229.900     0.000     0.000
  1499.000  1503.100  1507.700  1557.600  1477.900  1536.500  2693.900  2218.600  3600.200  4852.100  3010.000     0.000
  1378.800  1411.600  1449.200  1414.300  1439.800  1403.000  2593.500  1843.000  3927.700  5061.400  2845.800     0.000
  1524.300  1448.800  1431.800  1518.600  6112.900  4187.400  1941.600  4110.100  4914.100     0.000     0.000     0.000
  1459.800  1395.900  1457.400  1389.300  5441.500  3279.800  2177.600  4429.300  5115.200     0.000     0.000     0.000
  1541.100  1538.400  1542.200  1612.400  1572.900  1628.400  2563.700  5166.800  5313.000  5155.400  5093.800     0.000
  1565.600  1567.300  1614.700  1551.400  1641.000  1569.000  2585.400  5093.800  5398.500  5271.200  4959.100     0.000
  1537.900  1585.800  1553.000  1638.600  1624.200  1680.700  2591.300  5271.200  5271.200  5183.900  5055.400     0.000
  1663.100  1651.400  1705.200  1644.000  1663.700  1600.700  2592.800  5265.300  5398.500  5355.400  5044.500     0.000
  1611.900  1617.700  1602.700  1681.000  1519.200  1564.800  2542.000  5194.100  5430.800  5381.800  5194.100     0.000
  1603.300  1618.800  1663.000  1589.700  1652.100  1594.700  2673.700  5363.600  5642.800  5525.200  5177.100     0.000
  1548.000  1567.500  1542.200  1597.600  1575.700  1634.700  2637.300  5424.700  5512.500  5381.800  5251.300     0.000
  1671.700  1677.300  1716.800  1630.000  1643.700  1609.600  2652.400  5609.700  5662.900  5443.200  5228.300     0.000
  1478.400  1485.900  1495.400  1557.400  1535.300  1595.400  2615.700  5393.300  5719.900  5604.600  5368.700     0.000
  1576.700  1578.400  1634.600  1555.200  1550.800  1484.900  2583.300  5519.400  5713.000  5597.900  5332.300     0.000
  1515.300  1516.400  1503.000  1576.100  1546.500  1569.500  2645.800  5624.600  5861.800  5591.300  4342.900     0.000
  1616.800  1622.700  1672.500  1606.300  1663.800  1568.900  2676.600  5775.800  5957.800  5761.800  4267.800     0.000
  1529.300  1525.600  1545.700  1598.200  1513.300  1560.200  2702.500  5818.800  6087.800  5885.700     0.000     0.000
  1511.200  1512.200  1572.100  1478.000  1587.700  1524.500  2715.600  5796.900  6120.100  5870.700     0.000     0.000
  1584.200  1588.300  1564.200  1641.700  1435.600  1525.000  2700.900  6128.300  6252.900  3584.500  3164.200     0.000
  1533.100  1511.200  1564.700  1491.800  1644.200  1565.300  2821.300  6087.800  6252.900  3639.000  3180.100     0.000
  1516.000  1514.000  1524.800  1586.300  1520.200  1574.100  2865.900  6347.200  2595.400  5105.200  1563.300     0.000
  1581.300  1564.800  1644.400  1556.100  1596.500  1561.000  2899.800  6372.600  2524.700  4889.800  1543.900     0.000
  1580.200  1600.500  1585.200  1640.800  1492.200  1562.000  2943.700  3613.700  4751.900  4356.900     0.000     0.000
  1641.400  1639.000  1684.300  1586.900  1592.500  1561.500  3018.000  3602.700  4460.300  4250.500     0.000     0.000
  1533.100  1512.100  1538.400  1610.000  1587.000  1653.800  2798.900  1845.800  3958.400  4999.100  2913.500     0.000
  1574.500  1571.200  1635.500  1557.400  1643.400  1564.000  2781.900  2281.800  3563.300  4850.300  2949.000     0.000
  1631.900  1574.500  1573.400  1661.800  5489.300  3274.600  2194.100  4542.700  5067.600     0.000     0.000     0.000
  1472.200  1412.100  1509.000  1389.300  6294.400  4281.000  1982.000  4158.200  4912.300     0.000     0.000     0.000
  1639.100  1636.100  1628.900  1680.000  1608.300  1641.600  2593.100  4661.400  4931.200  4988.900  5304.600     0.000
  1634.900  1638.500  1687.600  1629.500  1650.100  1595.500  2593.100  4606.300  4839.600  4834.600  5377.500     0.000
  1685.100  1699.200  1683.200  1756.800  1663.000  1592.700  2590.200  4775.400  4983.600  4957.300  5408.400     0.000
  1623.600  1643.400  1687.600  1645.200  1687.600  1621.200  2572.700  4717.700  4895.200  4926.000  5484.100     0.000
  1588.000  1614.200  1605.500  1659.300  1592.500  1632.300  2628.600  4898.200  5186.300  5130.400  5613.400     0.000
  1635.200  1655.700  1687.200  1652.000  1660.500  1635.800  2622.700  4913.400  5130.400  5001.100  5680.200     0.000
  1671.000  1705.000  1675.900  1720.600  1660.500  1647.200  2639.100  4928.700  5147.100  5278.100  5567.600     0.000
  1635.800  1663.000  1716.000  1633.500  1681.500  1609.500  2643.600  4838.400  5043.500  5141.500  5567.600     0.000
  1600.300  1626.600  1615.400  1688.700  1605.500  1672.900  2669.400  5091.700  5303.600  5297.600  5714.300     0.000
  1527.200  1544.200  1586.600  1555.000  1633.200  1511.600  2660.200  5005.200  5175.500  5221.400  5572.800     0.000
  1626.600  1627.200  1621.300  1688.700  1614.800  1684.900  2726.300  5158.600  5456.900  5527.100  4532.600     0.000
  1633.200  1631.400  1683.600  1596.300  1567.600  1599.700  2705.500  5108.200  5406.900  5444.300  4608.100     0.000
  1578.000  1590.800  1568.900  1633.900  1566.100  1627.800  2758.300  5375.700  5625.600  5660.200     0.000     0.000
  1557.100  1576.300  1604.900  1559.900  1630.200  1533.300  2765.100  5369.500  5537.600  5530.900     0.000     0.000
  1531.100  1549.800  1517.200  1585.000  1525.200  1651.900  2820.600  5639.400  5929.800  3416.300  3375.200     0.000
  1607.900  1624.100  1683.200  1600.200  1625.300  1609.700  2810.100  5544.200  5744.900  3360.600  3356.100     0.000
  1596.300  1612.900  1614.700  1663.000  1600.900  1629.300  2922.200  5908.800  2348.200  5105.800  1805.300     0.000
  1614.100  1626.900  1647.800  1632.200  1581.100  1595.700  2918.600  5843.700  2288.700  5282.200  1755.900     0.000
  1592.900  1613.500  1581.100  1647.200  1569.500  1689.800  3121.500  3247.000  4673.800  4446.300     0.000     0.000
  1632.200  1648.400  1677.800  1619.900  1651.400  1606.600  3050.200  3295.000  4833.700  4427.900     0.000     0.000
  1663.600  1661.700  1675.500  1727.400  1656.200  1658.600  2870.700  2420.500  3817.900  4989.300  3210.700     0.000
  1618.800  1625.300  1683.100  1630.100  1581.300  1610.500  2787.200  2084.500  4239.700  5311.400  3228.200     0.000
  1600.100  1550.800  1548.100  1637.300  6373.900  4560.500  2139.300  4325.900  5116.600     0.000     0.000     0.000
  1605.900  1559.600  1639.100  1559.000  5697.400  3521.500  2391.400  4676.100  5250.600     0.000     0.000     0.000
  1907.500  1939.600  1863.100  1867.800  1809.000  1952.200  2911.700  5401.000  5607.100  5451.100  5321.400     0.000
  1951.300  1863.900  2049.900  1974.500  1991.000  1901.800  2825.800  5528.000  5647.500  5580.500  5382.400     0.000
  1921.300  1862.300  1854.600  1932.900  1862.300  1942.100  2825.800  5554.100  5593.700  5476.500  5413.400     0.000
  1891.400  1938.700  1941.200  1895.400  1957.300  1848.500  2913.500  5560.700  5640.700  5528.000  5394.800     0.000
  1829.900  1882.900  1843.300  1889.100  1842.500  1890.700  2860.100  5448.100  5805.700  5601.500  5511.000     0.000
  2015.800  1993.900  2022.900  1898.600  2087.400  1906.500  3003.400  5627.900  5869.900  5708.600  5581.900     0.000
  1919.300  1939.700  1847.000  1943.800  1894.600  1951.300  2941.100  5641.200  5729.200  5601.500  5536.600     0.000
  1920.900  1892.300  1963.900  1913.700  1971.500  1849.200  2920.900  5784.600  5834.100  5763.700  5581.900     0.000
  1846.600  1972.400  1811.600  1972.400  1893.900  1878.100  3047.800  5648.600  5909.700  5815.300  5668.900     0.000
  1888.300  1943.600  1988.900  1896.300  1959.600  1981.100  3055.800  5723.800  5909.700  5822.500  5595.100     0.000
  1873.400  1855.700  1852.600  1932.000  1858.000  1949.500  2935.700  5865.800  5976.900  5873.000  4487.000     0.000
  1882.000  1900.300  1981.100  1848.800  1913.200  1915.600  2986.900  5939.400  6108.000  5939.400  4508.500     0.000
  1908.300  1820.500  1822.000  1926.700  1846.600  1968.000  2989.400  6058.600  6307.000  6139.300     0.000     0.000
  1915.800  1932.600  1940.300  1859.100  1948.900  1868.600  3087.500  6082.600  6376.700  6188.700     0.000     0.000
  1930.900  1871.000  1817.500  1921.700  1819.800  1980.400  3093.900  6307.000  6430.000  3876.400  3420.900     0.000
  1832.700  1872.600  1954.100  1828.100  1870.200  1883.000  3089.600  6367.900  6539.200  3923.100  3450.700     0.000
  1932.100  1845.100  1825.800  2087.400  2033.600  1985.900  3158.000  6559.100  2877.800  5293.900  1747.800     0.000
  1840.600  1856.400  1949.400  1848.900  1879.400  1866.300  3175.100  6622.600  2854.900  5117.000  1747.800     0.000
  1824.300  2007.700  1919.000  2000.700  1928.800  1860.200  3433.200  3951.900  4908.400  4491.300     0.000     0.000
  1839.100  1839.100  1933.700  1844.400  1894.300  1888.800  3281.900  3893.200  4706.800  4447.600     0.000     0.000
  1880.400  1832.800  1897.100  1923.900  1841.000  1938.800  3062.100  2083.300  4180.100  5388.500  3252.400     0.000
  1882.000  1991.100  1927.200  1825.300  1923.900  1842.500  3186.800  2481.100  3835.100  5081.900  3238.000     0.000
  2028.700  1814.200  1784.500  1968.500  5734.000  3515.700  2390.600  4697.600  5265.000     0.000     0.000     0.000
  1838.800  1777.400  2025.100  1763.400  6452.500  4433.200  2212.200  4398.700  5081.900     0.000     0.000     0.000
  1724.900  1848.200  1805.000  1795.600  1730.900  1767.200  2727.400  4824.600  5064.300  5015.600  5662.400     0.000
  1791.300  1838.300  1844.400  1824.100  1807.200  1755.400  2773.500  4824.600  5053.400  5119.500  5575.100     0.000
  1786.300  1823.400  1810.800  1861.200  1782.700  1817.500  2793.800  4936.400  5091.800  5091.800  5548.800     0.000
  1720.200  1783.400  1772.100  1757.500  1751.300  1714.900  2708.100  4910.500  5069.800  5227.900  5628.500     0.000
  1763.400  1784.900  1789.900  1833.200  1779.300  1822.900  2789.300  5038.200  5289.900  5214.600  5741.600     0.000
  1782.800  1920.500  1847.300  1890.300  1833.200  1778.600  2835.100  5191.900  5361.200  5367.200  5776.400     0.000
  1826.500  1883.200  1860.900  1884.000  1821.400  1886.300  2857.700  5054.200  5249.100  5284.000  5783.300     0.000
  1737.700  1845.100  1784.900  1806.200  1773.100  1719.300  2767.800  5119.400  5313.400  5453.100  5734.800     0.000
  1851.500  1784.600  1788.200  1917.600  1834.900  1868.300  2948.100  5269.200  5458.100  5408.100  5792.600     0.000
  1846.100  1817.800  1895.800  1817.800  1851.500  1810.500  2898.200  5228.400  5377.300  5401.900  5778.500     0.000
  1799.600  1834.900  1842.400  1872.200  1802.500  1859.900  2909.200  5292.900  5521.900  5528.400  4677.900     0.000
  1837.100  1786.700  1868.300  1763.600  1862.200  1800.300  2944.400  5328.700  5587.200  5694.900  4654.800     0.000
  1797.600  1822.200  1836.000  1856.200  1802.000  1854.600  2981.300  5591.400  5788.200  5817.500     0.000     0.000
  1788.700  1813.200  1855.400  1823.800  1820.000  1764.200  2975.400  5632.500  5817.500  5869.400     0.000     0.000
  1802.700  1868.000  1860.900  1859.300  1791.700  1861.700  3025.400  5702.200  5876.900  3487.300  3563.400     0.000
  1817.700  1754.300  1857.800  1723.800  1858.600  1780.000  3039.600  5824.800  6062.400  3514.300  3579.500     0.000
  1964.500  1887.100  1883.200  2024.600  1956.000  2007.700  3303.500  5996.600  2469.400  5280.000  1910.700     0.000
  1742.200  1765.300  1806.800  1758.400  1775.600  1724.900  3106.200  6034.500  2494.700  5437.700  1870.000     0.000
  1891.100  1794.600  1754.300  1951.000  1871.600  1942.700  3329.300  3516.400  4810.900  4619.100     0.000     0.000
  1791.800  1759.100  1845.800  1715.000  1844.300  1786.900  3273.500  3495.500  5037.300  4621.400     0.000     0.000
  1785.500  1847.400  1830.100  1867.400  1793.400  1862.000  3013.300  2620.500  3982.400  5175.200  3337.300     0.000
  1774.200  1810.800  1840.600  1835.300  1865.900  1770.700  3001.600  2190.500  4333.600  5380.100  3350.200     0.000
  1876.800  1906.300  1916.000  1905.500  6593.700  4568.600  2337.600  4553.500  5155.900     0.000     0.000     0.000
  1917.700  1733.600  1988.900  1732.900  5789.500  3704.600  2450.900  4739.800  5401.200     0.000     0.000     0.000
  1869.000  1871.300  1887.100  1955.200  1849.000  1926.700  2936.500  5628.500  5752.300  5648.800  5408.400     0.000
  2009.300  1954.300  2034.600  1962.000  1986.200  1913.600  2986.000  5601.700  5724.300  5773.500  5353.000     0.000
  1935.800  1942.500  1903.100  1989.700  1886.300  1969.700  3023.200  5588.400  5561.900  5635.200  5420.900     0.000
  1899.000  1917.700  1935.800  1862.000  1927.500  1858.200  2959.200  5745.300  5780.600  5717.400  5452.300     0.000
  1918.500  1908.800  1912.800  1982.600  1892.200  1960.500  2937.900  5599.000  5824.300  5831.400  5483.200     0.000
  2004.300  2033.700  2037.300  1936.400  1977.400  1922.500  3069.000  5733.500  5903.500  5999.800  5699.300     0.000
  1951.300  1964.700  1955.400  2011.400  1922.500  1998.200  3035.200  5874.500  5874.500  5867.200  5489.500     0.000
  1912.800  1921.700  2036.400  1992.100  1986.000  1904.000  3065.000  5874.500  5918.100  5992.300  5712.900     0.000
  1946.100  1974.200  1981.900  2010.100  1969.000  1981.900  3059.900  5744.700  5946.800  6061.100  5635.100     0.000
  1971.600  1986.300  2065.000  1993.300  2037.200  1989.800  3035.800  5939.400  6092.200  6053.300  5689.400     0.000
  1947.000  1920.500  1912.300  1988.900  1897.100  1981.900  3023.900  6053.300  6061.100  6108.000  4448.700     0.000
  1991.500  2003.000  2028.100  1938.600  2040.900  1964.700  3102.900  6045.600  6171.600  6236.600  4578.800     0.000
  1943.300  1942.400  1906.200  1985.300  1922.900  1984.400  3076.300  6187.200  6375.200  6375.200     0.000     0.000
  1940.700  1945.000  2004.200  1929.600  1958.000  1906.200  3076.300  6254.300  6401.700  6428.500     0.000     0.000
  1922.100  1922.900  1909.500  1989.800  1892.300  1966.700  3074.200  6519.200  6574.900  4029.700  3630.600     0.000
  1948.400  1953.600  2011.600  1924.600  1987.100  1918.700  3211.900  6437.400  6510.000  3980.400  3576.000     0.000
  2077.000  2092.200  2081.700  2162.200  2083.600  2127.100  3250.800  6693.800  2912.500  5427.400  1933.300     0.000
  1945.200  1950.200  2008.600  1934.500  1968.700  1906.100  3285.000  6703.100  2892.600  5255.800  1919.200     0.000
  1998.000  2012.100  1970.400  2047.200  1967.900  2026.400  3303.500  4020.800  5028.000  4635.300     0.000     0.000
  1932.000  1951.900  1979.000  1930.400  1974.700  1933.600  3419.100  4027.600  4816.500  4582.200     0.000     0.000
  1885.400  1924.200  1903.800  1960.200  1886.200  1947.500  3175.800  2182.500  4403.400  5442.700  3306.100     0.000
  1902.200  1922.500  1971.400  1903.800  1944.100  1885.400  3186.800  2721.600  3997.100  5215.900  3324.700     0.000
  1974.900  1920.900  1913.500  1998.500  5920.000  3672.500  2583.900  4816.500  5364.000     0.000     0.000     0.000
  2055.000  2018.200  2086.300  1998.500  6643.600  4615.200  2287.000  4509.000  5168.400     0.000     0.000     0.000
  2011.400  2021.400  2035.000  2082.000  2000.700  2056.400  2980.100  4948.600  5195.400  5361.500  5692.700     0.000
  2002.500  2035.000  2106.300  2009.600  2034.100  1958.900  2955.200  4948.600  5224.300  5183.900  5685.900     0.000
  1896.100  1905.800  1914.700  1958.100  1881.000  1951.300  2915.900  5088.300  5265.300  5398.500  5762.500     0.000
  1918.000  1920.400  1973.500  1909.000  1955.500  1896.100  2934.500  5060.800  5277.200  5241.800  5783.700     0.000
  1940.500  1988.700  1971.500  2011.400  1968.100  2000.800  2995.700  5215.800  5479.400  5485.700  5906.100     0.000
  1989.500  2002.600  2064.900  1997.300  2073.300  2004.300  3034.600  5256.100  5523.800  5423.400  5862.700     0.000
  1900.900  1920.900  1892.300  1938.900  1882.900  1953.000  3005.400  5296.900  5466.800  5595.000  5942.800     0.000
  2114.300  2115.300  2131.000  2094.100  2140.900  2082.700  3032.600  5181.800  5392.700  5530.200  5950.200     0.000
  1944.800  1958.300  1950.700  2024.900  1930.700  1996.300  3049.100  5426.700  5627.100  5729.400  6162.200     0.000
  1897.400  1898.200  1955.800  1899.800  1925.800  1859.900  3037.100  5426.700  5640.600  5521.900  6075.200     0.000
  1990.200  1985.800  1995.500  2062.700  1949.900  2015.000  2997.800  5528.400  5806.800  5799.700  4943.300     0.000
  1981.500  1959.200  2033.100  1960.000  2011.400  1955.800  3059.200  5458.100  5743.400  5708.700  5001.000     0.000
  1912.400  1925.800  1919.900  1973.300  1905.000  1964.500  3172.800  5724.800  5946.500  6136.400     0.000     0.000
  1924.100  1947.100  1984.800  1925.000  1980.400  1918.200  3103.100  5746.200  5961.900  5969.600     0.000     0.000
  1993.800  2006.500  1985.700  2050.300  1970.600  2030.500  3186.200  6032.100  6252.900  3704.300  3815.700     0.000
  1920.800  1911.600  1962.700  1884.500  1933.400  1887.800  3181.700  5938.800  6177.500  3734.700  3812.700     0.000
  1990.600  1996.700  1995.000  2058.800  2010.800  2071.800  3311.300  6273.600  2701.700  5567.200  2115.800     0.000
  1982.000  1981.100  2005.500  1982.000  2014.300  1952.300  3251.600  6192.300  2649.300  5681.900  2097.200     0.000
  2031.300  2008.100  1988.900  2091.700  1970.000  2044.100  3422.400  3573.400  5120.500  4849.400     0.000     0.000
  1874.300  1880.500  1917.800  1859.800  1923.500  1845.400  3412.400  3668.100  5283.400  4791.400     0.000     0.000
  1977.500  2011.900  1979.300  2047.600  1977.500  2053.100  3132.000  2801.100  4231.300  5386.800  3531.400     0.000
  1935.800  1939.200  1974.000  1924.200  1993.300  1934.200  3166.400  2369.500  4546.400  5702.000  3380.700     0.000
  1987.100  1972.300  1925.900  2037.400  6758.000  4770.000  2464.400  4700.000  5469.300     0.000     0.000     0.000
  1899.800  1858.200  1942.500  1841.400  6003.300  3714.700  2722.500  4964.600  5560.700     0.000     0.000     0.000
  2096.000  2174.600  2149.800  2206.400  2142.700  2202.100  3159.100  5733.100  5733.100  5712.200  5479.100     0.000
  2134.600  2191.500  2267.100  2180.900  2229.200  2082.500  3172.200  5705.300  5883.700  5847.100  5583.300     0.000
  2047.500  2047.500  2043.800  2098.900  2040.100  2097.900  3050.500  5664.000  5832.600  5698.300  5657.200     0.000
  2108.700  2110.700  2147.800  2085.400  2118.600  2013.700  3108.100  5847.100  5920.700  5747.100  5603.300     0.000
  2090.300  2101.800  2090.300  2147.000  2066.700  2160.100  3139.000  5699.300  6030.100  5838.600  5712.900     0.000
  2127.100  2209.900  2231.300  2212.000  2214.100  2117.300  3284.000  5845.700  6030.100  6007.300  5719.700     0.000
  2088.400  2033.700  2029.200  2075.100  1978.300  2078.900  3089.300  5992.300  5977.300  5918.100  5789.100     0.000
  2148.000  2284.400  2322.300  2278.800  2324.700  2224.800  3366.400  6014.900  5977.300  6022.500  5719.700     0.000
  2066.400  2084.500  2105.700  2121.400  2049.600  2145.500  3205.100  5835.500  6235.200  6114.500  5908.400     0.000
  2105.700  2053.300  2097.900  2052.400  2080.600  1978.900  3159.200  5938.000  6059.700  6098.700  5908.400     0.000
  1991.100  2108.600  2077.800  2162.800  2057.100  2152.600  3213.900  6178.300  6202.600  6170.200  4734.400     0.000
  2092.100  2164.900  2182.500  2122.400  2180.400  2095.000  3275.100  6194.400  6310.000  6293.200  4748.800     0.000
  2079.700  2037.600  2030.100  2084.600  1995.200  2076.800  3236.300  6308.500  6531.400  6387.000     0.000     0.000
  2045.100  2111.500  2131.800  2075.800  2130.800  2013.400  3304.800  6369.400  6458.400  6431.500     0.000     0.000
  2052.700  2138.000  2111.500  2173.600  2072.900  2159.900  3361.200  6577.900  6615.600  4152.600  3805.300     0.000
  2068.100  2059.400  2110.500  2044.200  2088.600  2011.600  3309.700  6559.300  6711.600  4122.600  3800.800     0.000
  2066.200  2151.600  2136.500  2184.300  2098.400  2156.600  3510.900  6802.900  3057.500  5771.700  2138.500     0.000
  2030.500  2134.500  2179.100  2135.500  2155.600  2076.500  3466.900  6832.000  3067.600  5562.100  2096.900     0.000
  2069.000  2118.800  2111.900  2201.000  2113.900  2194.700  3594.100  4161.600  5388.000  4937.500     0.000     0.000
  2084.100  2043.200  2074.600  2002.000  2068.100  1978.600  3472.000  4154.300  5168.300  4823.500     0.000     0.000
  2006.600  2091.200  2103.800  2154.800  2080.600  2174.500  3328.900  2382.600  4628.200  5549.300  3469.700     0.000
  2088.300  2067.300  2168.200  2097.900  2131.500  2037.400  3321.700  2880.600  4187.300  5409.200  3532.900     0.000
  2121.500  2063.500  2035.600  2129.500  6057.700  3878.000  2731.100  5148.900  5636.900     0.000     0.000     0.000
  2115.600  2000.400  2060.700  1971.600  6798.500  4855.200  2543.200  4770.800  5442.800     0.000     0.000     0.000
