     0.000     0.000     0.000     0.000     0.000     0.000  5624.300  6326.400  6317.900  2979.700  3990.400  5121.900
     0.000     0.000     0.000     0.000     0.000     0.000  5224.400  5906.500  5407.700  2503.400  4645.000  5280.200
     0.000     0.000     0.000  2764.800  2840.800  3252.500  4851.800  5250.700  5797.400  6809.900  2669.100  4450.600
     0.000     0.000     0.000  2918.300  2726.200  4331.100  4400.400  4874.500  5477.000  6133.100  2391.300  4824.300
  2224.300  2867.600  2945.400  3353.000  2957.000  3224.100  4070.200  4232.400  4644.800  5093.400  5423.900  6808.900
  2289.600  2505.000  3151.100  3060.300  2998.300  2842.300  5862.300  3837.200  4296.000  4521.000  5059.700  6479.600
  2257.000  2698.900  2891.500  3036.700  2843.200  2926.300  3736.500  3503.200  4088.400  4437.800  4760.600  5892.200
  2647.900  2236.000  2989.400  2799.800  2953.100  2826.200  5283.700  3043.800  3653.900  4072.000  4316.300  5220.700
  2274.600  2685.800  2806.400  2862.400  2788.800  2850.200  3528.700  2566.300  3021.700  4498.000  4229.100  4881.800
  2643.000  2224.700  3020.700  2710.800  2921.600  2668.800  4965.900  3527.400  2702.900  3847.000  3927.000  4521.600
  2266.800  2630.300  2877.400  2866.800  2653.600  2826.000  3311.100  4053.400  2447.000     0.000  3694.800  4265.300
  2521.600  2232.200  2780.400  2682.700  2709.200  2630.300  4591.600  5480.200  3341.800     0.000  3199.300  3889.800
  2185.400  2484.500  2666.000  2788.100  2785.600  2753.000  3215.500  4027.700  3991.500  2634.600     0.000  3685.300
  2419.400  2228.300  2753.000  2622.500  2718.000  2566.000  4340.000  4810.000  5445.200  3231.200     0.000  3385.900
  2265.500  2573.900  2627.800  2775.500  2606.900  2639.900  3108.600  3911.200  4032.900  3906.300  2763.800  3017.200
  2427.100  2223.400  2659.000  2617.300  2525.700  2546.700  4102.000  4584.300  4867.400  5277.300  3734.100  2737.500
  2119.200  2436.500  2594.200  2632.700  2531.900  2607.900  2893.000  3579.800  3660.900  3712.200  3561.000  2178.300
  2427.000  2225.700  2648.300  2531.900  2594.200  2498.900  4009.800  4663.100  4981.900  5196.900  5594.700  2584.900
  2298.700  2350.200  2622.400  2677.700  2644.600  2644.600  3192.600  3898.600  4052.300  4227.600  4358.300  4453.400
  2298.700  2326.800  2663.300  2539.500  2676.900  2537.400  3601.400  4609.400  4699.600  4984.500  5205.300  2599.900
  2220.500  2199.200  2534.500  2672.500  2465.600  2582.500  3062.500  4090.000  3938.200  4129.300  4280.700  3693.000
  2207.700  2248.700  2607.200  2501.000  2616.800  2409.100  3357.900  4053.200  4113.200  4116.800  4294.300  4081.200
  2168.600  2222.100  2464.300  2607.200  2549.200  2598.500  3038.600  3976.400  3900.800  3774.300  3939.900  3487.600
  2179.900  2204.000  2518.000  2519.300  2547.800  2512.500  3206.300  4278.800  4123.900  4084.700  4271.100  3742.900
  2169.800  2208.200  2454.400  2622.700  2431.600  2520.500  2997.700  3855.200  4041.800  3852.000  3867.900  3441.200
  2202.300  2247.400  2527.500  2443.900  2548.500  2452.400  3137.900  4024.400  4102.000  3919.800  3996.900  3519.300
  2197.600  2207.700  2462.300  2558.500  2429.700  2548.500  2999.700  3746.900  3769.600  3951.300  3897.000  3255.700
  2160.500  2225.500  2514.300  2496.500  2532.300  2499.900  3177.600  4017.500  4022.700  4096.600  4008.900  3423.500
  2175.700  2200.500  2696.800     0.000     0.000     0.000  2964.300  3562.900  3752.600  3725.600  3801.600  3297.200
  2235.100  2223.100  2727.200     0.000     0.000     0.000  2985.300  3866.300  3823.400  3918.200  3992.000  3264.600
  2222.600  2201.000  2657.000     0.000     0.000     0.000  2925.700  3567.000  3572.500  3666.900  3736.100  3253.200
  2232.900  2228.000  2613.900     0.000     0.000     0.000  3072.800  3809.400  3828.200  3892.100  3897.000  3326.800
  2215.500  2183.400  2686.200     0.000     0.000     0.000  2831.600  3354.800  3442.600  3503.600  3564.000  3134.400
  2137.200  2174.300  2672.600     0.000     0.000     0.000  2957.900  3679.300  3691.200  3735.100  3748.900  3258.400
  2175.900  2199.600  2586.400     0.000     0.000     0.000  2920.600  3453.000  3243.200  3517.200  3537.700  2998.200
  2191.000  2149.600  2673.400     0.000     0.000     0.000  2982.400  3600.700  3668.900  3642.500  3716.800  3243.200
  2120.700  2226.300  2634.800     0.000     0.000     0.000  2858.500  3360.600  3420.500  3348.600  3420.500  3039.600
  2146.900  2270.100  2681.800     0.000     0.000     0.000  2962.700  3679.500  3739.200  3709.800  3734.800  3267.200
  2180.000  2232.800  2597.200     0.000     0.000     0.000  2865.500  3382.400  3492.800  3277.400  3268.300  2956.100
  2203.900  2210.300  2621.400     0.000     0.000     0.000  3002.600  3596.700  3602.200  3685.200  3655.200  3183.000
  2266.000  2214.200  2812.800  3213.300     0.000     0.000     0.000  4061.000  4078.700  4264.900  4316.000  3756.700
  2209.900  2278.000  2736.600  3139.200     0.000     0.000     0.000  3969.500  3922.700  4169.800  4214.900  3642.100
  2141.600  2203.400  2693.300  3101.300     0.000     0.000     0.000  3707.400  3888.400  3937.600  3989.800  3535.400
     0.000     0.000     0.000     0.000     0.000     0.000     0.000  3498.200  3473.300  3620.800  3678.100  3171.500
     0.000     0.000     0.000     0.000     0.000     0.000     0.000     0.000     0.000  3465.500  3495.500  3089.900
  2135.900  2783.700  2199.500  2775.400  2237.600  2550.600  2287.100  2668.400  1932.100  2388.300  2077.900  2351.500
     0.000     0.000     0.000     0.000     0.000     0.000     0.000     0.000     0.000     0.000     0.000     0.000
  2407.800  2590.900  2583.200  2607.800  2114.400  2264.500  2138.000  2213.900  2223.100  2040.300     0.000     0.000
     0.000     0.000     0.000     0.000     0.000     0.000  5085.200  5803.900  5441.500  2494.900  4454.400  5206.500
     0.000     0.000     0.000     0.000     0.000     0.000  5527.900  6136.400  6300.400  2876.000  3978.000  4938.100
     0.000     0.000     0.000  2772.800  2776.200  4395.800  4358.900  4760.100  5419.600  6022.800  2418.900  4748.000
     0.000     0.000     0.000  2831.800  2636.500  3340.200  4801.500  5229.600  5719.300  6721.900  2577.200  4292.800
  2399.300  2571.200  2972.600  3123.800  2874.000  3032.600  5941.600  3819.500  4298.100  4609.800  4958.700  6086.600
  2087.600  2790.200  3113.100  3062.400  3035.600  2918.700  4157.300  4153.500  4595.900  4996.400  5311.200  6700.300
  2677.900  2265.700  2865.800  2990.400  2792.000  2942.500  5320.400  2923.500  3591.800  4050.300  4320.400  5048.600
  2197.900  2636.200  2932.000  2826.200  2907.400  2792.000  3624.800  3391.900  3940.100  4300.100  4647.200  5873.500
  2614.600  2292.700  2859.600  2981.900  2773.600  2818.100  4956.700  4233.800  2645.900  3837.000  3865.200  4458.900
  2206.500  2575.400  2856.900  2857.800  2887.900  2714.600  3569.700  4157.600  2984.800  4423.500  4157.600  4858.000
  2548.500  2273.500  2715.400  2817.200  2658.000  2818.100  4610.500  5597.100  3868.400     0.000  3206.600  3879.500
  2149.700  2509.900  2736.900  2708.300  2664.100  2652.700  3350.900  5437.600  3753.000     0.000  3626.000  4305.000
  2434.100  2175.800  2642.900  2767.200  2602.400  2740.800  4283.900  5010.000  5528.400  4256.600     0.000  3370.400
  2137.800  2523.500  2732.600  2645.200  2710.100  2612.800  3184.900  4777.900  5386.000  3842.900     0.000  3692.000
  2535.400  2309.000  2609.800  2681.600  2532.600  2652.900  4112.300  4884.900  5053.100  5307.000  4511.100  2639.100
  2198.400  2480.400  2684.700  2586.200  2631.600  2590.600  3115.200  4522.000  4802.400  5113.600  4323.500  2914.400
  2393.400  2177.100  2526.500  2713.400  2499.600  2604.400  4057.700  4643.700  4823.200  4952.400  5099.400  2619.600
  2145.400  2457.600  2596.500  2532.700  2542.300  2522.400  2825.800  4149.200  4523.300  4579.500  4899.400  2535.400
  2317.400  2252.500  2497.600  2632.100  2549.200  2620.400  3606.800  3895.600  4037.100  4049.100  4158.200  3802.500
  2233.500  2237.800  2591.400  2485.600  2652.900  2458.900  3114.600  3929.200  4117.100  4286.700  4447.800  4001.600
  2146.600  2135.600  2482.300  2625.200  2440.300  2576.300  3317.700  3950.700  3847.500  3935.900  4035.200  3539.200
  2176.100  2210.700  2640.900  2599.400  2601.600  2423.700  3098.000  4064.800  4001.000  4021.500  4274.400  3849.100
  2214.500  2174.100  2542.300  2557.100  2483.000  2499.100  3226.200  3955.700  3906.500  3728.700  3824.100  3423.000
  2146.100  2236.000  2589.300  2522.900  2612.600  2416.700  2994.600  4050.800  3997.600  3903.300  9488.800  3670.500
  2166.300  2140.200  2416.600  2433.300  2404.500  2508.000  3127.900  3910.500  4035.400  3876.400  3866.700  3271.400
  2174.600  2400.100  2556.900  2444.400  2470.100  2454.900  2914.000  3849.200  3992.300  3779.100  8908.500  3418.400
  2188.700  2206.200  2440.500  2566.200  2454.200  2471.400  3146.000  3686.400  3838.100  3799.100  3701.100  3207.000
  2220.700  2388.800  2455.500  2514.200  2512.100  2453.600  2919.500  3685.000  3884.400  3933.500  3805.300  3297.000
  2154.800  2153.700  2609.600     0.000     0.000     0.000  3014.600  3612.600  3731.300  3752.400  3821.600  3194.800
  2112.100  2277.300  2571.500     0.000     0.000     0.000  2834.900  3609.800  3750.900  3726.900  3784.400  3183.800
  2149.200  2138.000  2675.000     0.000     0.000     0.000  3008.800  3486.600  3629.500  3646.600  3732.800  3244.000
  2137.000  2201.300  2697.700     0.000     0.000     0.000  2855.100  3556.000  3609.800  3678.300  3712.000  3203.700
  2085.400  2181.400  2644.300     0.000     0.000     0.000  2902.100  3530.800  3544.600  3509.000  3551.500  3194.800
  2136.200  2183.500  2653.700     0.000     0.000     0.000  2883.600  3406.300  3537.700  3529.500  9999.000  3049.300
  2146.500  2179.800  2522.900     0.000     0.000     0.000  3016.700  3372.100  3536.300  3360.800  3393.500  3002.700
  2112.800  2155.900  2599.800     0.000     0.000     0.000  2858.800  3466.100  3455.600  3496.800  9999.000  3107.000
  2075.400  2088.100  2645.900     0.000     0.000     0.000  2863.100  3435.400  3477.300  3415.400  3437.900  3020.500
  2218.200  2236.500  2696.500     0.000     0.000     0.000  3054.000  3504.500  3496.700  3532.200  3533.500  3111.800
  2369.800  2234.300  2613.100     0.000     0.000     0.000  2868.300  3365.300  3389.600  3403.100  3427.900  2956.400
  2179.800  2406.200  2575.400     0.000     0.000     0.000  3059.000  3408.000  3456.900  3432.900  3404.300  2964.900
  2200.900  2205.200  2769.100  3130.600     0.000     0.000     0.000  4041.400  3982.700  4302.200  4338.100  3814.600
  2132.600  2170.400  2748.400  3058.000     0.000     0.000     0.000  3887.900  3965.700  4062.500  4098.200  3635.700
  2113.600  2139.100  2560.300  2802.100     0.000     0.000     0.000  3830.400  3873.400  3957.300  4001.500  3542.700
     0.000     0.000     0.000     0.000     0.000     0.000     0.000  3365.300  3418.700  3621.500  3696.400  3189.000
     0.000     0.000     0.000     0.000     0.000     0.000     0.000     0.000     0.000  3333.800  3370.200  2927.800
  1952.300  2662.800  1848.000  2796.300  2130.000  2544.800  2093.600  2520.300  1959.000  2308.500  1849.200  2345.200
     0.000     0.000     0.000     0.000     0.000     0.000     0.000     0.000     0.000     0.000     0.000     0.000
  2354.000  2505.800  2271.800  2541.900  2040.400  2129.700  1917.800  2326.100  2013.300  2099.600     0.000     0.000
     0.000     0.000     0.000     0.000     0.000     0.000  5394.000  6083.300  6106.900  2758.200  3758.900  4861.200
     0.000     0.000     0.000     0.000     0.000     0.000  5030.500  5629.400  5180.200  2311.000  4223.400  5011.700
     0.000     0.000     0.000  2581.300  2663.800  3133.100  4624.000  5071.200  5527.000  6475.300  2434.300  4187.500
     0.000     0.000     0.000  2740.900  2518.800  4256.100  4154.000  4583.300  5197.400  5897.000  2208.300  4578.800
  2012.100  2606.700  2798.300  3057.300  2767.300  2873.300  3866.000  3965.100  4504.200  4831.600  5157.000  6434.400
  2098.500  2276.600  2924.600  2843.400  2858.700  2639.600  5756.500  3592.900  4087.600  4415.200  4778.800  6119.100
  2099.500  2499.700  2683.000  2816.700  2680.600  2726.200  3549.400  3275.300  3844.800  4141.300  4458.100  5789.000
  2563.400  2055.100  2805.300  2612.000  2774.100  2525.800  5165.700  2826.400  3488.100  3924.200  4118.900  5168.600
  2176.900  2485.000  2630.700  2771.700  2577.500  2680.800  3287.800  3504.700  2941.100  4261.900  3898.600  4719.500
  2424.500  1989.100  2822.900  2527.000  2711.200  2498.400  4776.400  3929.400  2539.400  3717.500  3702.900  4412.600
  2105.600  2422.000  2649.500  2690.100  2475.000  2638.900  3118.500  5448.100  3261.600     0.000  3466.000  4089.000
  2360.800  2046.900  2552.700  2571.100  2531.800  2438.600  4443.600  5305.800  3711.700     0.000  2990.000  3707.300
  2072.700  2349.200  2458.600  2617.400  2577.000  2563.300  2987.000  4831.500  5258.400  3401.900     0.000  3554.200
  2251.700  2029.900  2558.300  2416.400  2627.900  2375.500  4125.200  4816.600  5285.000  3851.200     0.000  3184.600
  1938.000  2357.100  2403.700  2586.400  2411.300  2462.600  2949.800  4530.500  4789.600  5049.600  3629.100  2800.900
  2138.800  2009.200  2492.800  2418.300  2499.600  2360.200  3904.400  4548.100  4796.900  4985.300  4218.200  2441.600
  1944.000  2248.700  2413.000  2466.400  2354.700  2435.600  2709.600  4096.600  4341.500  4460.500  4568.600  2197.800
  2204.500  2033.700  2459.900  2341.200  2413.000  2303.600  3863.400  4202.600  4431.600  4502.300  4684.400  2314.500
  2070.500  2135.300  2406.200  2489.900  2434.300  2446.400  3034.200  3871.200  4005.800  4100.100  4241.600  3342.000
  2150.100  2184.400  2467.700  2344.700  2493.200  2324.300  3414.000  3811.000  3931.700  4087.800  4256.700  3697.400
  1986.400  2093.400  2379.100  2517.200  2321.500  2429.200  2923.800  3833.000  3831.400  3966.900  4071.300  3601.200
  2054.800  2158.000  2466.800  2442.700  2455.600  2284.600  3225.900  3862.900  3859.700  3951.900  4105.000  3637.400
  2017.100  2153.900  2302.900  2447.200  2397.600  2441.400  2886.700  3856.500  3732.700  3640.200  3831.400  3394.200
  2068.300  2048.400  2365.000  2385.800  2455.000  2299.500  3079.200  3883.600  3856.500  3728.300  3898.000  3451.600
  2021.400  2141.800  2309.700  2469.400  2445.000  2375.800  2789.700  3774.500  3948.500  3679.200  3682.100  3264.500
  2050.700  2142.300  2370.900  2322.000  2389.500  2333.300  2986.600  3732.200  3861.900  3689.400  3707.000  3217.000
  2047.500  2086.100  2287.100  2354.400  2294.000  2383.200  2858.900  3554.200  3723.200  3874.800  3674.800  3113.200
  2061.000  2032.800  2365.300  2383.200  2409.600  2316.100  2926.000  3658.900  3738.200  3745.700  3714.300  3172.900
  2046.200  2074.400  2546.000     0.000     0.000     0.000  2771.300  3486.300  3663.600  3678.100  3781.100  3157.400
  1989.000  2158.400  2566.000     0.000     0.000     0.000  2915.200  3492.900  3576.200  3642.100  3625.000  3095.000
  1985.500  2102.300  2488.600     0.000     0.000     0.000  2771.300  3442.400  3500.800  3468.100  3574.900  3017.200
  2018.400  2132.500  2455.200     0.000     0.000     0.000  2787.300  3487.700  3535.400  3566.600  3572.100  3007.400
  1906.100  2192.300  2524.200     0.000     0.000     0.000  2692.300  3373.100  3435.700  3463.200  3497.800  3040.200
  1966.000  1992.600  2505.100     0.000     0.000     0.000  2833.100  3404.700  3459.200  3417.600  3402.200  2959.500
  2005.700  1934.100  2446.900     0.000     0.000     0.000  2823.300  3311.600  3364.400  3394.600  3363.100  2884.800
  2005.700  1925.600  2502.300     0.000     0.000     0.000  2739.900  3350.700  3394.600  3348.200  3381.900  2953.700
  1955.100  2116.800  2480.900     0.000     0.000     0.000  2713.400  3353.100  3386.900  3307.100  3412.700  2918.800
  1993.000  2130.000  2509.100     0.000     0.000     0.000  2967.900  3376.000  3391.800  3344.800  3348.300  2866.000
  1952.200  2097.000  2483.600     0.000     0.000     0.000  2772.300  3393.000  3388.100  3261.200  3317.600  2832.100
  1976.700  2031.000  2467.700     0.000     0.000     0.000  2935.300  3278.200  3266.800  3317.600  3305.900  2882.800
  2011.100  2094.500  2590.500  2959.300     0.000     0.000     0.000  3843.200  3886.500  4038.000  4098.300  3514.800
  2047.600  2269.600  2585.400  2967.900     0.000     0.000     0.000  3759.400  3785.400  3935.700  3989.600  3452.100
  2044.800  2031.500  2525.400  2892.400     0.000     0.000     0.000  3651.600  3674.700  3777.700  3870.300  3429.100
     0.000     0.000     0.000     0.000     0.000     0.000     0.000  3207.000  3346.100  3371.700  3599.300  3022.300
     0.000     0.000     0.000     0.000     0.000     0.000     0.000     0.000     0.000  3274.000  3326.900  2873.400
  1882.100  2553.800  1975.900  2563.800  2039.300  2317.200  2083.500  2460.600  1838.400  2203.500  1870.200  2148.800
     0.000     0.000     0.000     0.000     0.000     0.000     0.000     0.000     0.000     0.000     0.000     0.000
  2214.800  2383.700  2310.500  2426.100  1907.800  2080.900  2020.100  2016.900  2021.900  1861.000     0.000     0.000
     0.000     0.000     0.000     0.000     0.000     0.000  4928.500  5692.100  5181.300  2313.100  4231.600  4970.200
     0.000     0.000     0.000     0.000     0.000     0.000  5361.500  6000.000  6152.600  2739.200  3741.000  4729.700
     0.000     0.000     0.000  2555.900  2642.200  4220.100  4174.800  4595.200  5230.300  5895.000  2192.100  4526.400
     0.000     0.000     0.000  2667.500  2467.000  3095.300  4613.300  5045.000  5489.700  6613.600  2392.000  4158.100
  2123.900  2290.600  2724.300  3089.900  2720.200  2854.100  5681.800  3651.800  4136.000  4411.600  4879.300  6039.300
  1896.100  2551.300  2987.600  2780.000  3006.500  2749.300  3846.300  3966.900  4467.700  4828.000  5170.700  6247.900
  2479.200  2052.000  2630.800  2843.300  2615.400  2747.700  5098.900  2774.800  3539.400  3849.600  4121.100  4996.200
  2055.300  2445.900  2808.600  2649.500  2738.400  2569.700  3457.100  3215.300  3852.800  4206.500  4489.600  5633.100
  2414.300  2081.000  2554.700  2753.800  2526.200  2644.200  4754.600  3990.200  2484.900  3831.600  3711.100  4300.100
  1960.200  2342.100  2819.600  2658.600  2705.000  2549.100  3348.100  3017.200  2725.500  4227.200  3976.700  4668.200
  2355.200  2075.400  2613.000  2672.300  2422.500  2628.500  4333.500  5386.700  3690.700     0.000  3079.800  3693.600
  1971.700  2309.300  2542.100  2529.000  2570.300  2495.600  3154.500  4709.800  2884.100     0.000  3478.100  4039.600
  2296.700  2049.700  2425.000  2584.700  2543.700  2565.800  4098.800  4771.700  5154.100  3908.200     0.000  3156.300
  2017.200  2307.800  2543.700  2456.900  2507.500  2425.600  2967.700  4334.500  4512.100  2885.900     0.000  3483.800
  2279.400  2060.900  2381.300  2568.000  2395.700  2455.000  3938.000  4497.000  4781.400  4911.500  4228.700  2442.500
  1956.000  2240.700  2502.000  2362.800  2451.700  2412.200  2883.200  4061.400  4308.600  4549.400  3186.800  2748.000
  2266.000  2035.300  2314.300  2444.900  2332.800  2428.500  3873.000  4186.500  4357.700  4552.000  4687.400  2382.700
  1971.600  2255.500  2414.100  2346.200  2427.800  2333.400  2604.400  3887.200  4121.700  4164.700  4278.100  2068.900
  2100.700  2075.400  2340.400  2462.900  2364.000  2468.100  3323.400  3846.500  3959.700  4175.600  4268.500  3744.000
  1978.300  2035.300  2502.400  2345.100  2446.900  2298.900  2923.500  3741.100  3788.600  3996.100  4060.500  3232.900
  2037.900  2051.200  2347.900  2426.900  2290.100  2496.400  3170.800  3916.100  3990.600  3952.200  4085.600  3666.200
  2029.800  2049.300  2482.300  2477.000  2431.400  2291.300  2931.100  3810.100  3677.700  3844.300  3888.700  3506.300
  2006.600  2009.200  2380.600  2423.700  2361.700  2419.300  3068.900  3830.200  3775.000  3659.100  3790.200  3381.300
  2000.000  1979.600  2405.400  2370.800  2407.300  2290.700  2816.800  3831.800  3800.900  3611.400  3725.700  3334.500
  2017.000  2021.900  2254.100  2433.000  2398.600  2363.200  2951.100  3787.100  3879.900  3738.600  3726.600  3282.500
  2007.600  1979.500  2411.800  2292.700  2418.200  2323.600  2772.100  3700.000  3822.800  3598.700  3602.800  3171.500
  2017.000  2030.500  2269.800  2389.800  2274.900  2387.300  2990.300  3635.100  3762.700  3670.900  3595.900  3061.500
  1966.100  1993.000  2425.900  2366.900  2397.900  2300.700  2715.000  3560.200  3722.200  3698.600  3602.800  3095.200
  2012.800  1995.000  2536.300     0.000     0.000     0.000  2866.300  3460.300  3637.600  3578.800  3609.400  3068.400
  1944.700  1971.000  2483.300     0.000     0.000     0.000  2779.800  3448.700  3561.000  3573.300  3602.400  3001.600
  2051.100  2040.000  2512.700     0.000     0.000     0.000  2836.300  3415.700  3547.400  3447.400  3504.600  3020.200
  2032.700  2042.300  2513.400     0.000     0.000     0.000  2698.200  3328.700  3462.800  3400.700  3424.500  2957.300
  2022.900  2042.100  2450.100     0.000     0.000     0.000  2860.200  3436.300  3422.000  3457.200  3364.900  2923.300
  1953.500  1966.100  2482.100     0.000     0.000     0.000  2751.700  3315.700  3315.700  3318.100  3359.900  2932.800
  2001.800  2019.200  2491.800     0.000     0.000     0.000  2849.300  3256.100  3414.300  3273.800  3313.300  2864.700
  1986.100  2007.300  2448.100     0.000     0.000     0.000  2669.900  3263.100  3245.600  3346.300  3325.400  2952.900
  1983.600  1992.300  2477.600     0.000     0.000     0.000  2706.500  3301.000  3330.300  3361.200  3346.900  2902.000
  1969.100  1975.900  2486.900     0.000     0.000     0.000  2703.400  3270.000  3303.300  3330.300  3308.000  2932.100
  1910.600  1917.400  2478.900     0.000     0.000     0.000  2779.200  3175.800  3157.700  3288.300  3212.800  2839.300
  2018.700  2019.100  2430.800     0.000     0.000     0.000  2676.900  3200.800  3257.500  3134.400  3149.200  2759.500
  2019.600  2033.700  2604.000  2975.100     0.000     0.000     0.000  3814.600  3870.200  4032.600  4013.500  3456.900
  2047.100  2051.300  2588.600  2901.100     0.000     0.000     0.000  3635.700  3769.800  3849.400  3964.000  3427.500
  1958.200  1971.900  2526.400  2887.400     0.000     0.000     0.000  3578.200  3597.600  3775.900  3814.600  3293.400
     0.000     0.000     0.000     0.000     0.000     0.000     0.000  3249.500  3297.000  3365.300  3493.400  2998.400
     0.000     0.000     0.000     0.000     0.000     0.000     0.000     0.000     0.000  3227.900  3251.800  2834.900
  1805.900  2478.900  1734.900  2572.500  2017.400  2344.600  1895.200  2221.600  1792.600  2090.200  1723.000  2143.400
     0.000     0.000     0.000     0.000     0.000     0.000     0.000     0.000     0.000     0.000     0.000     0.000
  2258.800  2395.500  2102.800  2311.500  1873.200  1932.200  1736.300  2140.300  1820.500  1921.600     0.000     0.000
     0.000     0.000     0.000     0.000     0.000     0.000  5225.700  5990.000  6126.100  2636.700  3761.500  4781.400
     0.000     0.000     0.000     0.000     0.000     0.000  4858.200  5592.000  5073.400  2202.700  4251.800  4903.800
     0.000     0.000     0.000  2522.000  2565.800  2991.700  4545.000  5027.200  5487.800  6452.500  2288.000  4120.500
     0.000     0.000     0.000  2594.900  2501.300  4126.000  4151.700  4587.300  5182.500  5773.600  2037.200  4473.300
  1866.500  2502.900  2782.400  2920.400  2689.100  2916.700  3741.700  3854.100  4322.900  4775.700  5119.100  6146.900
  2124.900  2275.700  2904.400  2631.600  2730.000  2617.800  5629.300  3557.400  4022.300  4230.900  4628.700  5832.300
  1979.800  2405.300  2647.100  2734.200  2564.600  2653.400  3494.400  3177.300  3813.800  4139.000  4433.900  5498.300
  2491.100  1983.400  2816.300  2517.000  2650.200  2408.500  5002.100  2717.600  3461.100  3801.000  3973.300  4861.700
  2008.400  2395.700  2631.800  2714.000  2525.800  2561.300  3257.100  2953.000  2750.900  4125.900  3907.500  4517.300
  2288.800  1929.900  2624.300  2475.800  2628.800  2434.100  4631.900  4034.300  2449.600  3619.600  3558.100  4225.300
  1967.400  2331.600  2413.200  2579.900  2387.600  2538.900  3086.500  4645.500  2813.200     0.000  3387.600  3978.300
  2283.100  1962.700  2518.900  2456.100  2523.000  2204.900  4323.700  5271.100  3555.400     0.000  2928.900  3629.400
  1991.400  2266.400  2412.900  2498.700  2362.300  2466.300  2904.300  4293.800  4599.700  2897.000     0.000  3467.400
  2110.900  1855.900  2447.800  2332.600  2455.700  2254.600  4022.000  4701.300  5047.700  3751.600     0.000  3028.300
  1975.200  2245.700  2359.800  2406.500  2249.600  2382.600  2847.700  4001.300  4295.700  4493.800  3126.800  2659.000
  2137.300  1925.000  2404.600  2306.600  2395.800  2239.100  3824.000  4500.300  4673.100  4829.600  4090.700  2399.600
  1893.700  2200.800  2354.800  2422.600  2270.000  2325.500  2554.800  3839.200  3994.900  4136.700  4229.900  1929.800
  2119.500  1939.100  2347.700  2194.600  2425.700  2223.400  3756.000  4103.000  4248.700  4341.100  4581.600  2276.700
  1990.100  1946.900  2276.100  2334.800  2311.700  2319.100  2872.300  3676.400  3837.600  4013.400  3943.800  3193.400
  2077.200  2056.900  2388.500  2303.700  2392.200  2223.400  3453.600  3726.700  3787.400  3970.100  4071.500  3669.300
  1863.900  1917.300  2162.400  2253.000  2171.100  2274.200  2780.800  3595.900  3595.900  3725.300  3803.500  3313.200
  1909.200  1923.300  2322.300  2305.500  2300.300  2133.300  3047.900  3677.300  3660.200  3639.000  3774.500  3348.600
  1912.000  1901.300  2200.200  2278.700  2192.400  2200.800  2776.700  3701.900  3616.600  3491.800  3552.400  3164.400
  1933.100  1880.100  2233.400  2222.000  2294.000  2264.100  3185.900  3668.700  3647.400  3543.100  3653.100  3254.500
  1820.600  1920.000  2160.800  2186.200  2115.000  2234.000  2863.700  3471.700  3707.800  3467.800  3439.600  3032.700
  1905.000  1865.200  2238.900  2153.100  2241.600  2168.000  2927.200  3540.300  3661.300  3525.500  3462.600  3041.700
  1895.000  1919.100  2147.500  2240.500  2104.300  2226.300  2728.900  3375.900  3564.700  3622.800  3374.700  2879.700
  1963.400  1894.600  2202.600  2212.300  2249.900  2167.000  2934.600  3409.300  3532.200  3534.900  3484.600  2959.000
  1864.800  1865.900  2365.900     0.000     0.000     0.000  2730.000  3315.700  3461.800  3490.400  3528.900  2916.000
  1846.800  1942.900  2449.000     0.000     0.000     0.000  2751.300  3282.800  3383.500  3403.400  3418.400  2885.000
  1859.000  1853.200  2330.200     0.000     0.000     0.000  2837.900  3197.800  3289.800  3291.000  3336.000  2858.100
  1870.200  1960.200  2412.800     0.000     0.000     0.000  2894.000  3239.200  3314.500  3324.000  3343.200  2875.100
  1797.500  1892.500  2309.500     0.000     0.000     0.000  2655.400  3108.400  3223.700  3234.100  3248.000  2840.100
  1860.800  1892.900  2355.900     0.000     0.000     0.000  2719.000  3186.200  3251.500  3246.800  3255.000  2831.200
  1865.600  1922.700  2236.900     0.000     0.000     0.000  2714.900  3047.600  3056.900  3118.100  3127.800  2741.400
  1849.900  1860.400  2339.200     0.000     0.000     0.000  2731.400  3136.500  3180.600  3171.700  3178.400  2745.600
  1850.400  1812.400  2320.400     0.000     0.000     0.000  2784.400  3085.200  3154.800  3133.700  3147.400  2744.200
  1917.400  1838.000  2339.200     0.000     0.000     0.000  2699.600  3170.800  3206.600  3191.300  3215.400  2748.300
  2028.900  1883.700  2312.200     0.000     0.000     0.000  2684.100  3126.400  3150.600  3082.100  3033.200  2648.100
  1883.700  1887.600  2389.400     0.000     0.000     0.000  2863.100  3034.200  3053.000  3094.400  3100.500  2649.600
  1841.600  1887.300  2460.000  2903.800     0.000     0.000     0.000  3580.100  3654.700  3790.200  3883.400  3348.900
  1906.100  1929.800  2407.400  2853.400     0.000     0.000     0.000  3478.200  3546.000  3667.700  3780.900  3233.200
  1834.100  1948.600  2371.100  2783.400     0.000     0.000     0.000  3434.500  3496.600  3602.300  3651.800  3153.800
     0.000     0.000     0.000     0.000     0.000     0.000     0.000  3082.300  3125.000  3305.900  3334.400  2841.000
     0.000     0.000     0.000     0.000     0.000     0.000     0.000     0.000     0.000  3071.000  3067.900  2662.400
  1823.400  2527.600  1929.200  2419.500  2019.700  2232.100  2037.900  2327.100  1790.200  2057.700  1826.200  1953.800
     0.000     0.000     0.000     0.000     0.000     0.000     0.000     0.000     0.000     0.000     0.000     0.000
  2176.100  2223.900  2266.200  2276.100  1862.200  2007.100  1976.900  1816.400  1841.300  1792.800     0.000     0.000
     0.000     0.000     0.000     0.000     0.000     0.000  4839.000  5527.800  5028.200  2222.400  4261.900  4897.100
     0.000     0.000     0.000     0.000     0.000     0.000  5172.100  5814.400  5987.900  2599.900  3697.500  4681.900
     0.000     0.000     0.000  2458.100  2496.400  4122.800  4086.700  4528.100  5110.300  5691.500  2054.600  4450.600
     0.000     0.000     0.000  2617.700  2523.200  3073.400  4482.500  4912.400  5394.700  6402.200  2336.000  4102.800
  2045.800  2205.200  2773.600  2848.200  2603.800  2836.500  5625.400  3545.200  3953.300  4243.700  4675.100  5899.100
  1916.400  2513.100  2870.000  2712.400  2749.800  2688.000  3798.400  3861.200  4231.900  4616.200  5001.300  6069.900
  2410.700  1983.300  2529.500  2727.200  2494.900  2672.000  5023.200  2713.200  3355.100  3693.500  3987.900  4905.100
  1972.200  2486.600  2799.500  2577.500  2632.800  2518.800  3382.600  3088.200  3671.200  3955.000  4342.500  5581.100
  2328.600  1980.200  2445.700  2693.500  2483.100  2565.600  4693.700  3759.700  2379.000  3497.200  3578.400  4195.400
  1928.300  2299.000  2599.400  2530.600  2619.200  2484.400  3297.200  3310.000  2631.800  4072.600  3822.100  4538.900
  2274.600  1989.200  2462.600  2532.000  2338.700  2517.500  4302.100  5126.400  3589.300     0.000  2908.800  3583.800
  1961.500  2256.300  2543.100  2475.200  2535.400  2252.400  3099.800  5199.200  3116.300     0.000  3289.100  3960.000
  2283.700  1914.200  2366.800  2439.700  2332.300  2480.800  4023.500  4725.400  5111.800  3806.400     0.000  3087.300
  1843.500  2141.900  2455.400  2351.600  2454.100  2300.400  2921.000  4718.300  5073.100  3097.700     0.000  3397.000
  2233.700  1943.200  2313.900  2429.300  2244.700  2441.600  3812.700  4442.800  4697.000  4749.400  4085.200  2344.900
  1899.300  2110.400  2413.200  2321.600  2387.900  2283.100  2836.400  4323.600  4689.900  4827.700  3466.900  2634.400
  2180.200  1846.000  2247.700  2352.700  2210.300  2302.700  3805.100  4133.000  4260.000  4333.300  4496.000  2264.700
  1896.300  2139.500  2362.200  2217.700  2421.000  2256.400  2556.600  3973.100  4174.500  4277.100  4470.800  2010.800
  2052.300  1987.000  2241.800  2322.200  2297.600  2292.500  3295.900  3788.500  3898.500  3956.700  4196.500  3626.900
  2030.700  2037.900  2329.200  2277.400  2381.500  2227.800  2890.800  3632.400  3717.500  3835.800  4020.000  3166.000
  1990.000  1844.900  2127.900  2274.200  2150.300  2169.600  3032.400  3751.100  3696.700  3822.600  3926.000  3470.300
  1880.800  2083.800  2270.300  2282.100  2228.000  2156.900  2778.600  3578.700  3544.900  3540.900  3764.600  3319.400
  1978.400  1985.700  2215.100  2199.200  2194.500  2282.100  2969.700  3705.400  3670.800  3543.600  3660.800  3228.000
  1974.500  2025.700  2267.500  2216.200  2256.900  2167.000  2756.300  3652.300  3577.300  3438.600  3551.600  3135.100
  1878.300  1964.600  2112.100  2248.400  2266.200  2143.000  2902.800  3510.600  3684.200  3559.000  3512.000  3057.400
  1965.000  1934.300  2227.500  2173.700  2264.500  2210.700  2677.700  3455.900  3582.200  3378.100  3380.500  2976.700
  1873.200  1917.000  2116.500  2223.100  2096.000  2193.700  2851.700  3416.500  3466.200  3530.600  3441.800  2957.700
  1938.000  1880.600  2200.000  2123.500  2239.000  2112.100  2725.300  3352.500  3468.800  3574.000  3405.300  2879.300
  2027.000  1891.300  2337.600     0.000     0.000     0.000  2705.200  3348.000  3504.800  3419.600  3485.000  2961.100
  1824.100  2048.100  2335.200     0.000     0.000     0.000  2642.900  3272.300  3325.200  3372.300  3456.500  2842.300
  1960.900  1840.200  2280.800     0.000     0.000     0.000  2709.200  3243.700  3302.700  3320.400  3328.800  2855.600
  1904.500  1929.000  2312.700     0.000     0.000     0.000  2633.800  3167.100  3189.000  3264.300  3303.800  2824.000
  1956.100  1855.800  2282.100     0.000     0.000     0.000  2637.600  3171.300  3232.600  3238.300  3247.600  2804.100
  1985.700  1879.200  2295.700     0.000     0.000     0.000  2600.900  3131.700  3153.600  3162.400  3229.100  2801.500
  1793.500  1830.900  2231.100     0.000     0.000     0.000  2652.500  3171.300  3149.200  3104.800  3083.600  2698.800
  1911.100  1803.800  2353.400     0.000     0.000     0.000  2678.600  3061.600  3092.000  3110.100  3141.500  2718.400
  1877.700  1963.500  2315.400     0.000     0.000     0.000  2680.800  3125.700  3149.800  3156.200  3127.700  2709.000
  1811.100  2112.700  2344.200     0.000     0.000     0.000  2615.900  3087.500  3104.900  3099.800  3138.200  2679.300
  1844.600  1935.200  2274.800     0.000     0.000     0.000  2732.900  3043.300  3048.200  3058.200  3061.200  2633.000
  1861.200  2050.300  2310.700     0.000     0.000     0.000  2649.500  3035.400  3095.700  3038.300  3029.500  2608.500
  1931.500  1937.300  2447.600  2835.700     0.000     0.000     0.000  3589.400  3720.300  3767.000  3846.400  3347.100
  1841.500  1896.800  2371.200  2844.500     0.000     0.000     0.000  3510.700  3561.900  3671.800  3780.800  3233.600
  1840.400  1993.900  2305.200  2775.700     0.000     0.000     0.000  3422.500  3428.900  3556.400  3640.100  3147.700
     0.000     0.000     0.000     0.000     0.000     0.000     0.000  3016.900  3039.800  3235.900  3307.600  2814.900
     0.000     0.000     0.000     0.000     0.000     0.000     0.000     0.000     0.000  3012.000  3002.200  2606.100
  1602.800  2452.300  1509.900  2472.200  1892.800  2324.600  1825.800  2161.300  1625.400  1980.900  1540.000  1938.000
     0.000     0.000     0.000     0.000     0.000     0.000     0.000     0.000     0.000     0.000     0.000     0.000
  2033.800  2222.000  1999.500  2199.000  1713.700  1784.700  1637.200  1980.500  1736.300  1765.400     0.000     0.000
     0.000     0.000     0.000     0.000     0.000     0.000  5095.100  5697.300  5820.500  2534.500  3515.500  4604.600
     0.000     0.000     0.000     0.000     0.000     0.000  4661.900  5311.200  4832.600  2003.200  3989.000  4739.700
     0.000     0.000     0.000  2315.100  2389.800  2785.600  4282.000  4825.200  5213.900  6199.600  2162.300  3935.100
     0.000     0.000     0.000  2360.100  2242.000  3894.000  3908.700  4339.700  4929.200  5549.400  1883.300  4345.700
  1645.100  2253.500  2526.400  2593.000  2411.700  2594.500  3509.000  3760.300  4134.100  4527.500  4869.300  5830.200
  1802.500  1944.200  2657.700  2399.400  2537.100  2364.300  5443.900  3380.700  3802.800  4017.500  4426.700  5575.900
  1746.300  2158.100  2443.400  2493.200  2305.500  2378.900  3242.600  2972.400  3572.500  3888.900  4191.100  5450.300
  2284.800  1779.000  2556.700  2290.700  2401.300  2186.300  4856.400  2554.500  3217.200  3592.300  3826.800  4768.000
  1740.100  2178.900  2303.300  2437.100  2279.300  2373.800  3063.500  3685.700  2576.100  3917.000  3647.200  4430.900
  2099.100  1738.400  2391.600  2266.400  2391.000  2213.500  4474.900  3794.100  2249.300  3416.600  3363.900  4079.400
  1726.800  2047.900  2224.800  2335.300  2210.300  2217.800  2872.200  4995.400  3371.200     0.000  3165.100  3831.100
  1997.000  1693.800  2245.400  2197.100  2281.600  2057.600  4122.100  5113.500  3442.900     0.000  2748.400  3445.400
  1722.800  1991.300  2148.500  2280.800  2161.800  2215.700  2701.000  4420.700  4896.800  3573.100     0.000  3249.900
  1888.100  1622.600  2180.000  2092.800  2212.400  2022.600  3810.400  4614.700  5036.100  3723.500     0.000  2879.600
  1747.800  1989.600  2132.300  2241.400  2073.600  2183.200  2627.500  4122.200  4379.300  4674.600  3952.700  2503.800
  1872.400  1673.300  2173.700  2073.200  2160.800  2009.100  3612.000  4397.800  4603.400  4886.600  4080.800  2180.000
  1691.600  1955.200  2111.700  2096.500  2145.400  2126.700  2405.700  3835.400  4056.900  4247.700  4471.600  2138.000
  1898.100  1670.000  2155.400  1973.100  2185.300  2009.200  3540.500  4182.800  4375.700  4511.600  4741.000  2176.100
  1718.000  1769.400  2053.300  2120.400  2084.700  2113.200  2666.300  3591.300  3792.700  4017.700  4130.400  3668.700
  1790.200  1741.500  2136.000  2025.000  2164.900  2002.600  3120.400  3445.600  3513.100  3599.400  3713.000  3402.500
  1719.200  1744.400  2064.400  2070.000  1993.300  2087.900  2558.500  3602.300  3613.400  3681.200  3918.300  3479.700
  1709.700  1719.200  2104.700  2096.000  2075.100  1946.100  2849.400  3451.600  3368.700  3409.000  3505.700  3015.100
  1706.200  1730.700  1992.000  2091.700  2043.600  2088.800  2500.500  3620.400  3548.000  3404.100  3594.100  3232.800
  1728.400  1708.800  2030.900  1992.800  2100.800  2037.200  2808.200  3499.200  3428.900  3324.500  3406.600  2909.900
  1659.800  1693.700  1969.600  2015.700  1948.800  2074.700  2497.800  3439.500  3629.700  3400.500  3426.800  3031.800
  1742.800  1717.800  2028.300  1958.900  2022.400  1932.500  2696.300  3320.400  3459.900  3296.800  3286.300  2806.300
  1752.400  1778.700  1950.100  2047.100  1962.300  2044.300  2494.400  3325.100  3469.000  3509.500  3373.400  2878.000
  1716.800  1725.000  2018.300  2013.000  2020.100  1970.500  2597.400  3216.900  3355.100  3399.300  3318.000  2748.600
  1673.500  1678.600  2180.900     0.000     0.000     0.000  2454.000  3195.600  3364.900  3384.600  3427.100  2803.500
  1681.100  1696.800  2151.500     0.000     0.000     0.000  2521.000  3097.100  3207.700  3242.500  3287.400  2681.700
  1675.700  1684.000  2116.800     0.000     0.000     0.000  2482.700  3123.300  3200.000  3218.900  3274.600  2771.400
  1659.500  1685.600  2192.500     0.000     0.000     0.000  2513.400  3051.100  3128.600  3146.700  3178.000  2703.800
  1629.800  1654.500  2124.900     0.000     0.000     0.000  2447.000  3046.200  3136.100  3147.000  3168.000  2735.400
  1648.600  1670.100  2133.600     0.000     0.000     0.000  2489.200  2973.000  3036.000  3023.800  3048.300  2633.400
  1671.700  1691.800  2067.400     0.000     0.000     0.000  2406.100  2969.100  3045.200  3062.800  3049.300  2631.900
  1707.000  1708.400  2134.600     0.000     0.000     0.000  2533.600  2944.800  2975.900  2961.300  2991.700  2558.300
  1673.300  1689.300  2122.900     0.000     0.000     0.000  2407.500  2991.700  3089.600  3069.300  3054.300  2616.900
  1722.500  1746.400  2120.000     0.000     0.000     0.000  2450.300  2971.800  3010.000  2976.500  3025.600  2570.600
  1660.400  1690.900  2106.800     0.000     0.000     0.000  2393.200  2949.200  2968.900  2974.600  2948.300  2514.800
  1669.900  1697.900  2169.000     0.000     0.000     0.000  2416.300  2874.800  2887.200  2922.500  2920.600  2485.800
  1690.700  1710.500  2279.700  2665.100     0.000     0.000     0.000  3491.700  3566.800  3740.600  3797.100  3274.400
  1640.200  1672.600  2220.000  2586.800     0.000     0.000     0.000  3395.700  3450.100  3625.300  3675.500  3148.400
  1627.000  1649.400  2169.600  2477.400     0.000     0.000     0.000  3301.300  3364.900  3515.500  3536.900  3012.700
     0.000     0.000     0.000     0.000     0.000     0.000     0.000  2903.500  2967.100  3177.600  3256.000  2714.000
     0.000     0.000     0.000     0.000     0.000     0.000     0.000     0.000     0.000  2862.800  2896.200  2495.700
  1521.600  2272.600  1561.200  2230.800  1712.700  2022.500  1711.400  2176.900  1403.700  1885.600  1470.400  1784.200
     0.000     0.000     0.000     0.000     0.000     0.000     0.000     0.000     0.000     0.000     0.000     0.000
  1888.900  2021.600  1877.100  2143.500  1547.700  1803.200  1591.000  1684.500  1649.300  1588.100     0.000     0.000
     0.000     0.000     0.000     0.000     0.000     0.000  4654.600  5361.500  4882.300  2031.300  3985.900  4751.300
     0.000     0.000     0.000     0.000     0.000     0.000  5028.800  5675.000  5818.600  2456.400  3448.100  4489.500
     0.000     0.000     0.000  2264.200  2361.100  3839.700  3805.200  4357.800  4925.900  5574.200  1885.100  4331.500
     0.000     0.000     0.000  2356.200  2259.100  2805.200  4227.700  4687.100  5256.600  6342.800  2153.000  3904.100
  1809.200  1971.700  2421.400  2631.000  2339.400  2560.200  5378.300  3405.600  3728.800  4025.600  4548.800  5536.900
  1588.600  3054.700  2708.900  2479.300  2679.700  2463.500  3538.500  3580.400  4088.700  4526.300  4893.800  5712.200
  2168.600  1725.000  2378.200  2503.600  2236.400  2394.100  4799.000  2517.000  3162.800  3484.200  3843.800  4676.600
  1834.600  2222.400  2567.600  2346.800  2391.600  2279.500  3167.200  2922.000  3545.400  3894.800  4195.900  5347.000
  2030.000  1718.100  2212.200  2433.500  2220.700  2363.100  4439.800  2953.400  2177.600  3380.000  3400.900  3998.700
  1706.800  2099.800  2387.000  2286.900  2375.300  2247.300  3036.000  2013.000  2499.900  3890.000  3699.200  4378.200
  2003.700  1728.600  2161.200  2274.000  2161.700  2188.000  4046.700  5003.800  2832.300     0.000  2743.000  3394.700
  1690.500  2023.700  2283.500  2242.900  2271.700  2051.400  2834.000  3579.600  1930.000     0.000  3201.200  3753.700
  1975.100  1702.000  2101.100  2241.400  2099.200  2202.300  3777.000  4305.700  4906.000  2924.700     0.000  2852.200
  1613.100  1977.300  2209.800  2126.800  2203.900  2069.400  2668.900  3615.400  3489.000  1894.800     0.000  3176.500
  1941.100  1720.400  2092.800  2213.000  2047.800  2171.100  3586.100  4095.900  4303.700  4742.100  3277.900  2148.500
  1599.700  1896.000  2169.100  2082.700  2139.900  2040.800  2578.000  3455.200  3561.300  3437.300  2230.400  2422.800
  1921.500  1745.300  2057.100  2087.300  2090.600  2105.300  3563.200  4240.700  4439.100  4760.600  5096.100  2111.000
  1598.200  1891.200  2121.600  1980.900  2167.700  2013.700  2294.300  3074.800  3170.600  3281.400  3101.000  1622.200
  1817.200  1763.700  2027.400  2123.100  2039.500  2116.800  2992.100  4092.000  4315.200  4484.800  4693.100  2188.600
  1697.300  1756.000  2091.500  2049.000  2130.400  1990.300  2641.400  3373.500  3481.000  3674.500  3773.500  3927.200
  1673.200  1688.200  1951.000  2103.200  1953.100  2073.200  2836.000  3651.000  3686.800  3770.900  3911.700  3717.300
  1709.000  1733.900  2079.300  1963.600  2065.700  1959.400  2549.600  3478.200  3412.400  3482.000  3648.200  3198.300
  1696.100  1699.900  2026.400  2063.400  1991.100  2015.700  2734.300  3707.100  3620.100  3495.000  3683.900  3233.600
  1707.300  1682.500  2019.200  2038.100  2056.900  1976.000  2548.900  3514.600  3471.700  3342.000  3496.300  3062.200
  1665.100  1678.200  1924.100  1986.700  2029.900  2018.500  2675.800  3555.100  3677.100  3460.000  3496.400  3074.000
  1719.800  1709.600  2014.100  1981.400  2042.700  2012.700  2494.900  3301.600  3474.200  3286.400  3288.700  2869.900
  1672.500  1685.800  1909.800  2052.800  1931.500  1991.000  2586.300  3452.300  3547.000  3538.900  3454.900  2947.700
  1672.900  1699.600  1995.900  1987.500  2017.600  1922.400  2439.800  3191.500  3305.100  3371.000  3315.700  2784.200
  1685.500  1675.400  2119.500     0.000     0.000     0.000  2520.900  3361.800  3464.700  3459.600  3489.500  2870.000
  1675.700  1693.200  2130.500     0.000     0.000     0.000  2386.600  3047.400  3143.800  3208.100  3265.800  2722.200
  1683.600  1675.100  2161.500     0.000     0.000     0.000  2557.500  3260.100  3318.500  3297.200  3343.600  2803.600
  1662.000  1685.200  2133.000     0.000     0.000     0.000  2424.000  2956.600  3049.400  3107.900  3151.300  2722.200
  1640.700  1654.100  2129.000     0.000     0.000     0.000  1375.100  3207.700  3291.600  3276.100  3285.600  2815.500
  1626.300  1650.600  2134.600     0.000     0.000     0.000  2402.000  2835.900  2944.300  2991.100  3019.100  2628.500
  1650.600  1666.700  2047.300     0.000     0.000     0.000  3367.400  3133.200  3181.700  3180.600  3184.000  2731.700
  1604.900  1619.000  2131.000     0.000     0.000     0.000  2355.100  2841.200  2814.600  2896.000  2942.300  2549.300
  1670.600  1688.700  2111.700     0.000     0.000     0.000  2417.600  3148.800  3210.300  3196.100  3198.200  2737.900
  1681.100  1705.200  2163.400     0.000     0.000     0.000  2388.900  2894.400  2900.700  2851.900  2934.400  2537.500
  1655.800  1678.600  2095.800     0.000     0.000     0.000  2474.500  3032.500  3049.300  3121.500  3098.800  2646.800
  1649.800  1662.900  2083.900     0.000     0.000     0.000  2360.800  2849.300  2859.800  2832.000  2793.000  2446.400
  1711.400  1733.600  2232.500  2604.000     0.000     0.000     0.000  3503.300  3605.300  3723.700  3767.400  3291.800
  1659.100  1669.700  2211.800  2601.800     0.000     0.000     0.000  3389.400  3448.600  3609.500  3657.800  3178.700
  1631.100  1647.200  2070.300  2435.500     0.000     0.000     0.000  3223.000  3304.700  3461.500  3542.000  3053.700
     0.000     0.000     0.000     0.000     0.000     0.000     0.000  2941.700  2986.500  3066.900  3133.500  2695.900
     0.000     0.000     0.000     0.000     0.000     0.000     0.000     0.000     0.000  2946.400  2968.200  2555.300
  1418.000  2821.900  1523.600  2951.700  1660.600  2775.200  1628.900  2610.600  1409.200  1774.900  1323.700  1810.700
     0.000     0.000     0.000     0.000     0.000     0.000     0.000     0.000     0.000     0.000     0.000     0.000
  1919.500  2742.100  1889.300  2621.100  1571.000  1655.700  1501.800  1758.200  1536.000  1620.200     0.000     0.000
