  2141.200  2163.700  2128.100  2225.300  2093.600  2190.900  3113.000  5558.100  5783.700  5748.400  5597.900     0.000
  2162.700  2176.200  2247.400  2145.200  2216.600  2145.200  3125.600  5713.500  5899.800  5826.700  5604.500     0.000
  2049.800  2056.400  2112.200  2098.400  1987.500  2084.900  3106.700  5769.600  5769.600  5741.400  5591.200     0.000
  2095.500  2101.400  2124.100  2083.900  2111.200  2060.100  3073.500  5812.300  5812.300  5727.400  5604.500     0.000
  2129.000  2123.100  2051.000  2196.100  2078.900  2164.100  3109.100  5749.800  5898.800  5869.900  5756.800     0.000
  2174.300  2168.200  2217.300  2230.200  2223.700  2179.500  3294.800  5884.300  6078.700  5987.500  5798.700     0.000
  2029.200  2045.500  2129.000  2084.600  1969.800  2063.900  3174.400  5862.700  5957.600  5928.100  5756.800     0.000
  2319.900  2292.300  2347.000  2155.000  2319.900  2247.600  3191.700  5928.100  6109.800  5987.500  5812.800     0.000
  2079.200  2094.600  2054.700  2149.000  2047.300  2120.900  3190.400  5954.300  6147.600  6139.600  5836.800     0.000
  2034.500  2029.900  2094.600  2114.000  2062.200  2007.400  3212.500  5880.300  6131.700  6053.300  5924.500     0.000
  2110.100  2114.000  2113.100  2162.300  2033.500  2126.900  3257.500  6115.800  6212.100  6195.800  4754.700     0.000
  2125.900  2127.900  2176.800  2064.100  2159.200  2097.500  3214.700  6220.200  6336.700  6228.400  4852.700     0.000
  2009.700  2022.600  2128.800  2077.800  1982.600  2065.200  3315.400  6314.200  6500.900  6384.000     0.000     0.000
  2076.800  2058.400  2134.900  2112.500  2111.500  2023.500  3332.500  6297.000  6574.900  6419.500     0.000     0.000
  2104.500  2121.600  2147.300  2177.900  2082.700  2169.400  3415.300  6500.900  6698.800  4124.400  3813.700     0.000
  2051.700  2067.100  2117.600  2041.300  2090.600  2013.400  3286.500  6641.000  6698.800  4083.800  3859.400     0.000
  2097.900  2113.600  2145.600  2170.200  2099.900  2156.800  3502.900  6780.100  3081.300  5582.200  2126.400     0.000
  2110.600  2089.200  2128.500  2024.700  2134.500  2065.400  3356.000  6799.500  2979.900  5703.500  2275.300     0.000
  2120.500  2178.600  1998.700  2184.900  2080.600  2155.800  3468.900  4155.900  5172.000  4895.100     0.000     0.000
  2006.700  2045.800  2062.600  2027.400  2057.900  1984.700  3476.700  4112.000  5360.200  5050.000     0.000     0.000
  2082.700  2099.800  2097.900  2147.000  2074.200  2140.000  3318.200  2864.100  4273.600  5437.500  3641.000     0.000
  2079.800  2092.200  2150.000  2093.100  2119.200  2054.600  3299.500  2426.300  4655.200  5819.400  3590.500     0.000
  2083.600  2063.000  2186.900  2132.100  6911.100  4857.200  2507.400  4744.500  5513.700     0.000     0.000     0.000
  2019.300  1979.900  2032.700  1979.900  6085.400  3846.600  2793.000  5132.600  5625.400     0.000     0.000     0.000
  2025.000  2020.500  2043.400  2084.900  2011.500  2072.400  2971.800  4971.900  5215.100  5267.700  5593.700     0.000
  2035.100  2041.500  2055.500  2049.900  2035.100  1999.900  2954.700  4982.500  5250.000  5327.500  5730.000     0.000
  1895.400  1922.100  1927.100  1962.400  1896.200  1948.000  2893.400  5085.100  5261.800  5297.400  5667.900     0.000
  1918.000  1931.200  1966.700  1939.600  1984.000  1897.000  2928.400  5090.600  5297.400  5432.200  5765.100     0.000
  1974.100  2021.200  2001.700  2049.200  1994.700  2033.700  3030.700  5238.700  5511.000  5429.500  5987.500     0.000
  2011.400  2024.700  2068.600  2033.700  2093.100  2031.000  3020.900  5279.300  5530.200  5543.000  5972.500     0.000
  1939.700  1923.400  1919.300  1969.800  1898.600  1963.100  3022.800  5279.300  5530.200  5423.400  5935.400     0.000
  2118.200  2123.100  2169.200  2118.200  2156.000  2095.000  2974.800  5204.400  5417.200  5715.500  5957.600     0.000
  1963.900  1959.600  1973.300  2019.900  1938.600  2009.200  3107.000  5397.000  5655.300  5710.000  6108.000     0.000
  1899.500  1904.300  1954.500  1902.700  1930.300  1866.500  3004.300  5453.000  5648.600  5635.100  6053.300     0.000
  1997.700  1979.300  1984.500  2066.000  1957.900  2022.700  3082.300  5516.700  5808.200  5751.700  4918.600     0.000
  1984.500  1976.700  2025.400  1959.600  2000.300  1927.900  2994.600  5491.100  5737.700  5873.000  4934.000     0.000
  1901.700  1911.600  1911.600  1963.600  1904.100  1969.800  3190.700  5717.700  5992.900  5969.600     0.000     0.000
  1937.700  1930.000  1971.500  1937.700  1968.000  1915.700  3050.600  5789.600  5985.100  6103.900     0.000     0.000
  2017.500  2017.500  1995.600  2069.500  1989.300  2063.700  3231.800  5977.300  6278.400  3719.400  3775.300     0.000
  1916.600  1920.800  1970.600  1898.400  1957.500  1895.900  3229.500  6008.500  6210.800  3759.400  3764.700     0.000
  1985.900  2001.800  2003.500  2073.400  2005.300  2056.500  3313.000  6222.300  2678.000  5722.300  2116.800     0.000
  1931.400  1981.500  2020.600  1972.000  1986.800  1941.400  3289.400  6238.700  2662.400  5537.700  2127.700     0.000
  2055.500  2039.700  1995.600  2091.600  1978.900  2093.600  3463.900  3576.000  5382.900  4855.500     0.000     0.000
  1879.000  1898.000  1937.300  1872.700  1932.300  1859.500  3440.800  3704.200  5175.900  4868.100     0.000     0.000
  1979.400  2009.000  1995.800  2027.700  1989.800  2054.100  3247.000  2347.000  4637.500  5505.400  3409.100     0.000
  1944.000  1937.400  2003.700  1921.800  1972.600  1896.200  3104.900  2864.900  4210.700  5426.200  3522.700     0.000
  2013.400  1968.300  1964.900  2014.300  6036.700  3858.000  2736.500  1761.300  5577.000     0.000     0.000     0.000
  1903.400  1856.700  1930.800  1843.200  6717.800  4681.400  2534.900  4733.300  5423.100     0.000     0.000     0.000
  1872.900  1886.300  1880.700  1956.900  1878.400  1995.900  2966.800  5490.500  5676.000  5669.200  5389.800     0.000
  1944.200  1935.800  2006.600  1928.400  1996.800  1894.200  2953.500  5601.700  5759.400  5823.500  5389.800     0.000
  1942.500  1949.300  1940.800  2014.600  1930.000  2067.200  3013.300  5628.500  5676.000  5608.400  5535.800     0.000
  1875.200  1880.700  1951.800  1870.500  2019.100  1871.300  2949.700  5615.100  5669.200  5703.500  5471.300     0.000
  1896.500  1914.900  1891.800  1961.800  1907.700  1936.000  2927.500  5490.800  5797.400  5832.800  5574.100     0.000
  1922.900  1947.500  1993.400  1932.700  2027.900  1949.200  3024.100  5653.300  5839.900  6023.800  5626.700     0.000
  1931.100  1962.600  1930.300  2021.600  1927.000  2026.100  3022.200  5673.500  5755.500  5868.600  5646.600     0.000
  1896.500  1895.000  1957.600  1877.800  2033.300  1871.600  3006.600  5839.900  5883.000  5971.200  5503.400     0.000
  1941.100  1952.000  1967.300  2037.200  1932.000  1988.000  3068.000  5716.900  6007.200  6053.300  5751.700     0.000
  1994.200  1990.700  2036.300  1994.200  1893.900  1933.600  2930.100  5793.900  5984.400  6022.500  5641.800     0.000
  1918.000  1949.500  1908.300  1986.300  1932.000  1983.700  3055.800  5924.500  6045.600  6100.100  4561.000     0.000
  1969.900  1986.300  2048.200  1942.800  2031.700  1950.300  3102.900  6030.200  6092.200  6212.100  4521.500     0.000
  1897.600  1932.600  1925.000  1983.900  1927.500  1936.800  3081.900  6169.200  6418.000  6382.600     0.000     0.000
  1922.400  1927.500  2004.700  1916.600  1934.300  1904.100  3067.200  6185.800  6356.200  6453.900     0.000     0.000
  1900.800  1922.400  1900.000  1983.000  1897.600  1861.400  3069.300  6418.000  6526.900  4014.600  3639.200     0.000
  1930.900  1952.300  1997.400  1905.800  2012.900  1909.900  3206.600  6481.100  6564.000  3969.100  3620.800     0.000
  2074.900  2072.000  2077.700  2163.100  2073.900  1942.700  3249.400  6631.400  2887.600  5314.300  1969.900     0.000
  1926.000  1936.800  1994.200  1921.900  1989.000  1908.100  3284.000  6687.700  2898.500  5443.100  1938.600     0.000
  2014.700  1997.800  1969.000  2048.500  1970.700  1921.100  3331.300  4012.800  4935.600  4588.700     0.000     0.000
  1945.200  1951.900  2010.200  1936.000  2008.400  1908.100  3409.700  3948.300  5146.000  4588.700     0.000     0.000
  1910.200  1923.900  1914.200  1988.500  1901.400  2033.600  3210.000  2659.600  4104.600  5162.900  3372.800     0.000
  1928.800  1932.100  1998.900  1923.900  2018.400  1906.200  3188.100  2233.800  4434.800  5387.200  3315.000     0.000
  1976.400  1919.000  1921.500  2013.900  6653.300  4650.000  2324.900  4466.500  5231.700     0.000     0.000     0.000
  2052.800  2001.600  2088.400  1980.700  5815.200  3608.200  2587.000  4724.900  5446.300     0.000     0.000     0.000
  1747.600  1862.400  1859.400  1905.900  1793.100  1810.500  2759.200  4881.000  5104.000  5252.400  5596.300     0.000
  1804.700  1857.800  1901.100  1839.500  1832.000  1796.000  2780.900  4781.400  5016.700  5006.000  5517.500     0.000
  1827.500  1864.800  1866.300  1885.900  1857.800  1870.200  2820.100  5011.400  5165.800  5211.600  5537.000     0.000
  1761.300  1817.100  1848.600  1787.400  1790.300  1771.800  2728.000  4886.100  5054.500  5160.100  5643.300     0.000
  1786.000  1813.800  1811.700  1847.700  1781.100  1857.500  2840.900  5076.900  5350.400  5555.900  5749.800     0.000
  1805.200  1905.700  1966.400  1927.400  1845.500  1900.900  2846.100  5115.100  5356.400  5368.400  5784.600     0.000
  1824.000  1878.200  1850.000  1909.700  1824.000  1880.500  2874.200  5109.600  5285.200  5523.800  5770.700     0.000
  1742.800  1840.300  1889.100  1834.300  1774.200  1815.300  2768.400  5055.400  5279.300  5398.800  5742.900     0.000
  1855.400  1794.700  1808.400  1858.400  1786.100  1897.500  2936.400  5307.200  5498.700  5576.600  5795.200     0.000
  1837.200  1820.100  1866.100  1813.500  1894.300  1779.800  2923.400  5213.400  5361.400  5448.000  5845.300     0.000
  1835.700  1887.200  1857.700  1911.200  1853.800  1890.400  2947.600  5367.500  5570.000  5753.000  4717.600     0.000
  1841.000  1807.000  1842.500  1800.500  1884.000  1797.600  2958.900  5295.300  5563.400  5746.000  4689.400     0.000
  1820.200  1859.600  1888.400  1896.600  1869.900  1876.300  3029.300  5656.200  5850.400  6098.300     0.000     0.000
  1793.300  1841.600  1905.600  1809.700  1835.400  1808.200  2989.100  5594.300  5762.500  5776.900     0.000     0.000
  1805.200  1909.800  1865.900  1927.400  1851.000  1873.100  3085.300  5762.500  6010.700  3632.700  3606.700     0.000
  1830.100  1765.100  1811.100  1734.900  1849.400  1721.900  3033.400  5791.500  5987.300  3550.300  3514.400     0.000
  1979.300  1899.200  1900.800  1946.000  1883.300  2026.500  3324.100  6092.400  2497.700  5422.200  1884.700     0.000
  1800.100  1767.400  1813.300  1759.100  1790.100  1729.800  3074.400  5976.600  2440.300  5271.100  1881.200     0.000
  1910.500  1798.000  1774.500  1830.300  1755.000  1932.600  3374.900  3545.200  5062.200  4499.400     0.000     0.000
  1803.000  1755.700  1805.200  1729.800  1859.100  1720.500  3270.100  3450.300  4874.000  4536.300     0.000     0.000
  1833.200  1859.400  1870.900  1919.000  1850.400  1871.700  3060.900  2133.300  4410.900  5345.600  3227.200     0.000
  1808.400  1814.900  1858.700  1822.900  1827.300  1793.300  3023.200  2660.900  4032.300  5161.800  3286.500     0.000
  1886.400  1957.800  1913.400  1998.900  5876.400  3664.700  2573.200  4722.700  5376.000     0.000     0.000     0.000
  1926.300  1713.900  1786.300  1694.600  6554.000  4600.500  2294.100  4452.600  5164.600     0.000     0.000     0.000
  1799.400  1897.700  1899.300  1956.400  1905.000  1955.500  2919.600  5429.700  5571.300  5442.300  5289.000     0.000
  1895.300  2040.600  1974.400  1955.500  2035.000  1978.700  2995.600  5525.500  5571.300  5519.000  5373.800     0.000
  1873.100  1840.100  1970.900  2004.300  1970.900  2016.800  2947.600  5519.000  5571.300  5429.700  5367.600     0.000
  1828.800  1900.100  1988.400  1935.300  1984.000  1931.200  2970.500  5611.200  5679.000  5499.600  5367.600     0.000
  1832.900  1887.600  1841.800  1893.800  1842.500  1884.400  2874.200  5368.400  5701.800  5588.400  5448.100     0.000
  1889.900  1983.500  2004.300  1936.400  2002.600  1939.700  3009.200  5661.300  5805.700  5742.900  5614.700     0.000
  1879.000  1868.200  1912.900  1968.100  1921.800  1968.100  2967.200  5674.700  5701.800  5511.000  5473.100     0.000
  1835.100  1918.500  1997.300  1942.200  1969.000  1938.100  2971.000  5647.900  5855.500  5749.800  5549.500     0.000
  1916.800  1878.600  1880.100  1957.500  1883.300  1919.300  2977.900  5690.700  5955.700  5823.800  5643.100     0.000
  1910.400  1827.500  1875.400  1818.700  1861.500  1807.000  2901.400  5704.400  5925.900  5874.400  5677.000     0.000
  1893.500  1778.400  1844.700  1944.100  1832.700  1953.300  3018.700  5911.100  5925.900  5874.400  4470.900     0.000
  1934.900  1935.700  1982.400  1916.000  1979.800  1925.000  3050.500  5985.800  5978.200  5911.100  4531.300     0.000
  1873.300  1856.600  1831.800  1891.000  1826.500  1900.000  3028.100  6047.900  6227.500  6071.800     0.000     0.000
  1873.300  1867.700  1899.200  1839.500  1904.100  1816.600  3022.000  6185.800  6269.800  6016.300     0.000     0.000
  1862.900  1832.600  1754.700  1828.000  1748.400  1819.700  3036.300  6194.100  6453.900  3835.400  3584.800     0.000
  1886.100  1877.300  1983.900  1887.800  1955.800  1903.300  3186.200  6365.000  6463.000  3835.400  3541.200     0.000
  2022.400  1886.800  1847.200  1900.400  1835.900  1896.300  3210.400  6547.200  2795.700  5281.000  1882.100     0.000
  1878.900  1919.800  1931.400  1859.400  1937.200  1830.600  3208.100  6583.700  2923.600  5554.500  1853.400     0.000
  1951.500  1895.500  1813.600  1881.300  1815.000  1875.800  3306.700  3930.700  5000.800  4645.300     0.000     0.000
  1875.000  1847.200  1978.900  1887.600  1961.700  1882.100  3364.400  3974.300  5211.000  4666.000     0.000     0.000
  1855.300  1886.900  1935.000  1997.600  1926.000  1982.900  3193.200  2604.300  4077.800  5245.700  3271.000     0.000
  1872.900  1819.600  2000.300  1924.300  1965.800  1893.900  3156.600  2143.200  4418.000  5509.100  3209.900     0.000
  1935.000  1834.300  1772.700  1862.200  6537.000  4597.500  2269.800  4544.200  5156.800     0.000     0.000     0.000
  2014.400  1820.400  1906.600  1832.100  5761.100  3549.300  2556.400  4804.300  5310.700     0.000     0.000     0.000
  1612.900  1636.700  1647.600  1705.100  1601.900  1692.800  2610.800  4615.400  4885.000  4905.400  5433.400     0.000
  1605.300  1631.300  1666.200  1618.800  1637.300  1585.300  2591.600  4652.100  4936.400  4910.500  5420.900     0.000
  1712.900  1712.900  1707.000  1764.400  1682.500  1745.800  2685.800  4751.200  4941.600  4905.400  5446.000     0.000
  1647.600  1653.800  1690.800  1640.300  1676.800  1632.500  2636.400  4790.100  5119.500  4994.200  5377.500     0.000
  1608.400  1631.100  1621.100  1674.700  1606.700  1653.800  2660.200  4868.100  5081.200  5081.200  5554.700     0.000
  1651.400  1667.300  1704.400  1669.100  1693.500  1643.600  2697.200  4959.500  5289.900  5086.600  5528.900     0.000
  1673.400  1710.200  1687.800  1732.400  1657.500  1719.300  2700.400  4898.200  5113.900  5186.300  5541.800     0.000
  1663.600  1666.700  1688.500  1649.600  1704.400  1608.400  2670.900  4888.200  5186.300  5186.300  5600.300     0.000
  1616.500  1649.400  1631.900  1692.500  1648.800  1662.900  2749.400  5062.300  5242.300  5242.300  5663.400     0.000
  1535.100  1550.700  1594.600  1563.700  1578.200  1531.400  2628.600  5067.800  5277.500  5254.000  5609.600     0.000
  1651.800  1672.800  1636.700  1688.600  1611.900  1699.500  2777.500  5156.400  5460.600  5498.700  4479.400     0.000
  1657.300  1650.600  1693.700  1615.400  1679.100  1596.800  2747.700  5184.700  5550.400  5530.900  4505.200     0.000
  1596.900  1597.400  1603.300  1659.100  1589.800  1634.700  2797.200  5361.900  5736.400  5610.500     0.000     0.000
  1569.700  1577.100  1636.600  1588.100  1603.300  1556.100  2766.200  5463.900  5715.100  5679.800     0.000     0.000
  1526.400  1546.100  1521.100  1590.400  1508.300  1573.700  2793.700  5596.900  5757.900  3377.300  3485.700     0.000
  1614.100  1636.000  1682.200  1619.500  1652.800  1599.800  2877.700  5645.000  5928.400  3554.700  3557.600     0.000
  1624.500  1631.000  1628.000  1675.200  1613.900  1664.000  2975.300  5887.000  2248.800  5428.100  1789.700     0.000
  1591.300  1599.300  1680.300  1615.000  1651.000  1589.000  2960.000  5909.100  2358.300  5288.100  1793.600     0.000
  1623.300  1634.000  1598.700  1658.400  1586.200  1650.400  3082.600  3256.300  5096.500  4542.600     0.000     0.000
  1638.200  1635.800  1691.100  1620.300  1680.300  1662.100  3178.000  3367.600  4957.000  4580.300     0.000     0.000
  1687.500  1691.900  1697.600  1750.200  1679.300  1738.100  2941.900  2100.900  4334.900  5421.800  3145.600     0.000
  1634.800  1633.000  1700.800  1700.800  1778.400  1643.800  2908.800  2507.400  3967.500  5258.600  3212.100     0.000
  1615.400  1553.900  1557.700  1644.400  5734.700  3568.500  2474.900  4795.300  5252.700     0.000     0.000     0.000
  1609.700  1573.000  1719.600  1606.200  6411.000  4514.200  2280.400  4529.500  5127.000     0.000     0.000     0.000
  1558.800  1564.200  1559.900  1651.300  1539.000  1591.300  2544.000  5133.900  5364.800  5172.900  5052.300     0.000
  1580.700  1581.200  1669.000  1560.900  1619.300  1565.300  2576.500  5328.900  5481.900  5340.800  5156.100     0.000
  1575.700  1548.600  1547.000  1685.200  1544.800  1581.800  2545.400  5223.900  5305.200  5184.100  5009.800     0.000
  1662.300  1665.300  1666.600  1642.900  1694.000  1626.900  2621.500  5299.300  5407.400  5258.400  5068.400     0.000
  1605.600  1596.800  1596.800  1586.800  1578.800  1648.200  2624.700  5179.700  5455.900  5392.000  5076.800     0.000
  1599.700  1585.100  1646.900  1579.300  1637.000  1554.400  2585.300  5311.200  5501.500  5335.800  5144.900     0.000
  1526.000  1565.700  1541.700  1655.100  1542.300  1575.900  2542.800  5417.400  5501.500  5379.400  5127.700     0.000
  1657.600  1643.800  1645.700  1618.200  1685.100  1612.200  2649.500  5481.900  5608.600  5385.700  5232.700     0.000
  1480.700  1494.300  1490.200  1627.600  1475.800  1542.700  2560.700  5388.500  5660.300  5566.700  5238.600     0.000
  1574.500  1567.800  1558.500  1561.200  1587.500  1546.000  2613.300  5425.700  5633.300  5566.700  5363.900     0.000
  1524.100  1520.500  1520.500  1635.300  1497.800  1569.500  2620.700  5778.200  5879.000  5701.400  4274.600     0.000
  1621.000  1619.900  1669.000  1611.600  1661.000  1604.700  2713.700  5687.600  5842.600  5729.100  4282.400     0.000
  1532.100  1526.800  1550.300  1595.900  1538.000  1585.100  2716.300  5758.700  6037.900  5992.000     0.000     0.000
  1499.500  1486.900  1613.800  1478.500  1531.600  1467.200  2656.800  5786.800  6007.200  5829.600     0.000     0.000
  1571.100  1578.400  1575.000  1530.500  1563.400  1619.100  2826.200  6076.600  6187.700  3524.000  3251.600     0.000
  1510.700  1518.500  1655.100  1478.900  1576.700  1480.900  2738.900  6053.300  6204.000  3614.100  3208.800     0.000
  1503.600  1508.700  1511.300  1586.800  1514.400  1551.900  2842.000  6324.100  2562.400  4904.500  1618.100     0.000
  1538.500  1541.200  1636.300  1569.400  1617.900  1514.900  2864.900  6265.600  2494.200  5090.300  1618.700     0.000
  1581.100  1587.900  1551.900  1577.800  1546.000  1632.100  3002.500  3597.000  4528.600  4358.100     0.000     0.000
  1639.300  1632.100  1651.400  1584.500  1719.900  1589.600  3035.900  3569.500  4719.800  4337.900     0.000     0.000
  1532.300  1533.400  1519.300  1669.400  1522.400  1568.200  2757.100  2360.200  3655.600  4853.900  3092.000     0.000
  1579.800  1585.900  1660.200  1568.200  1594.900  1546.100  2771.900  1953.500  4075.400  5129.100  3030.300     0.000
  1639.700  1580.400  1594.400  1571.500  6295.800  4333.900  2052.800  4188.500  5087.500     0.000     0.000     0.000
  1451.700  1412.100  1594.900  1397.000  5558.700  3346.500  2288.600  4487.400  5211.400     0.000     0.000     0.000
  1538.800  1503.700  1529.200  1570.400  1516.100  1581.100  2534.800  4580.300  4860.700  4835.700  5360.300     0.000
  1590.200  1585.100  1626.900  1573.800  1618.600  1557.700  2544.600  4505.300  4786.300  4850.700  5447.200     0.000
  1457.900  1446.900  1442.100  1502.600  1436.900  1504.200  2427.000  4676.400  4840.700  4870.800  5311.800     0.000
  1491.500  1466.600  1524.400  1458.400  1522.300  1460.300  2455.700  4593.800  4810.900  4891.200  5311.800     0.000
  1473.800  1512.600  1510.100  1568.000  1491.500  1555.000  2526.700  4780.100  5069.800  4985.100  5439.300     0.000
  1553.900  1511.100  1579.500  1529.600  1593.500  1521.800  2584.300  4848.200  5021.800  5011.200  5546.500     0.000
  1480.600  1478.200  1473.800  1537.500  1457.500  1521.800  2503.600  4804.200  5048.300  5091.400  5565.900     0.000
  1486.500  1488.500  1529.100  1483.100  1522.400  1457.500  2506.300  4789.700  5000.700  5157.400  5578.800     0.000
  1485.200  1476.300  1476.800  1531.300  1472.400  1521.800  2568.200  4990.000  5187.300  5187.300  5658.800     0.000
  1418.100  1402.800  1490.700  1398.300  1495.200  1383.400  2555.400  4912.100  5147.700  5164.600  5592.000     0.000
  1417.600  1425.900  1413.600  1475.800  1408.600  1467.000  2537.100  5027.200  5450.300  5321.600  4452.600     0.000
  1490.700  1473.300  1515.100  1456.900  1515.100  1449.200  2563.900  5027.200  5357.700  5339.600  4499.400     0.000
  1478.300  1472.300  1467.800  1533.400  1470.800  1527.400  2661.100  5337.000  5609.900  5542.500     0.000     0.000
  1450.500  1443.200  1499.400  1437.900  1488.000  1414.700  2616.100  5300.200  5496.200  5589.500     0.000     0.000
  1473.300  1470.800  1458.300  1517.800  1441.800  1496.800  2704.300  5463.600  5807.600  3212.600  3833.300     0.000
  1479.800  1470.800  1509.800  1442.200  1512.500  1419.400  2673.700  5496.200  5807.600  3355.200  3849.100     0.000
  1492.600  1484.200  1493.600  1547.700  1489.600  1530.300  2817.800  5741.200  2203.400  5711.700  1581.700     0.000
  1485.700  1492.600  1549.300  1481.200  1517.300  1463.800  2816.100  5727.400  2215.000  5580.100  1561.400     0.000
  1494.100  1494.100  1473.900  1542.900  1481.200  1517.300  2919.900  3190.200  5337.200  4403.000     0.000     0.000
  1440.200  1422.300  1469.100  1402.200  1477.300  1394.700  2896.400  3183.700  5184.600  4284.300     0.000     0.000
  1507.900  1521.900  1515.600  1558.300  1484.100  1549.600  2724.200  1842.600  4644.700  4958.100  2966.900     0.000
  1388.300  1398.900  1454.800  1394.400  1424.200  1372.200  2632.200  2284.400  4329.800  4903.900  3046.000     0.000
  1557.700  1480.600  1444.800  1547.900  5531.100  3323.300  2894.400  4550.300  5145.000     0.000     0.000     0.000
  1483.600  1399.700  1476.700  1384.700  6210.500  4296.100  2652.800  4205.500  4955.500     0.000     0.000     0.000
  1445.100  1451.800  1447.500  1541.600  1421.300  1460.500  2431.600  4926.000  5204.700  5233.700  4973.000     0.000
  1492.100  1561.800  1601.900  1541.600  1500.800  1505.900  2510.500  5064.300  5245.400  5210.500  4926.000     0.000
  1390.600  1406.700  1398.100  1461.900  1368.000  1474.600  2366.000  5037.100  5216.200  5125.100  4952.000     0.000
  1439.000  1450.800  1512.100  1434.700  1581.300  1419.000  2429.000  5136.400  5222.000  5239.500  5010.200     0.000
  1416.000  1433.300  1445.300  1512.200  1417.300  1500.100  2440.800  5070.600  5313.500  5307.600  5081.500     0.000
  1475.400  1495.100  1578.100  1514.800  1511.200  1475.900  2523.100  5158.400  5367.200  5361.200  5180.800     0.000
  1375.300  1420.900  1411.900  1465.700  1382.100  1483.700  2414.100  5249.200  5313.500  5361.200  5065.300     0.000
  1532.900  1449.100  1525.100  1435.600  1497.100  1416.000  2455.000  5307.600  5428.200  5379.300  5266.600     0.000
  1389.600  1404.300  1412.400  1468.200  1389.200  1405.200  2476.700  5244.700  5539.900  5456.700  5256.400     0.000
  1390.500  1377.000  1434.900  1386.600  1470.200  1355.000  2443.800  5268.100  5488.400  5501.200  5215.700     0.000
  1420.500  1354.500  1356.200  1406.900  1331.900  1449.400  2441.200  5514.000  5565.900  5598.900  4076.700     0.000
  1450.400  1443.800  1495.000  1415.500  1576.700  1411.400  2539.700  5565.900  5632.200  5585.700  4163.600     0.000
  1354.700  1396.600  1408.100  1463.200  1390.300  1481.300  2574.900  5699.100  5926.300  5836.300     0.000     0.000
  1417.400  1419.700  1481.300  1418.300  1506.100  1391.600  2583.800  5657.100  5866.000  5851.100     0.000     0.000
  1417.800  1394.300  1387.100  1449.400  1367.200  1466.700  2626.200  5821.500  6058.600  3497.800  3284.500     0.000
  1403.900  1420.200  1501.900  1404.800  1485.900  1390.700  2668.400  5987.900  6074.600  3471.000  3276.300     0.000
  1413.000  1417.100  1415.300  1470.400  1404.100  1492.000  2758.700  6142.200  2406.600  4995.900  1621.700     0.000
  1437.200  1456.500  1511.600  1445.600  1516.800  1423.900  2778.500  6189.900  2397.900  5220.900  1670.800     0.000
  1447.000  1448.900  1411.700  1486.000  1401.500  1499.000  2860.300  3486.500  4612.400  4332.600     0.000     0.000
  1388.700  1405.900  1455.000  1378.400  1515.200  1370.700  2846.400  3499.400  4791.700  4385.400     0.000     0.000
  1428.000  1422.000  1422.000  1502.400  1407.400  1378.700  2635.800  2347.300  3717.500  4966.800  3087.000     0.000
  1407.800  1370.900  1439.600  1369.200  1523.600  1344.800  2572.200  2017.600  4215.300  5241.300  3040.200     0.000
  1434.500  1367.500  1356.100  1453.400  6317.200  4365.000  2071.300  4273.200  4943.300     0.000     0.000     0.000
  1392.700  1374.300  1455.300  1360.300  5647.300  3392.800  2338.200  4563.000  5163.500     0.000     0.000     0.000
  1285.400  1309.800  1322.100  1366.400  1270.700  1349.900  2306.600  4352.300  4587.200  4646.400  5112.800     0.000
  1330.600  1300.800  1345.400  1302.300  1346.600  1274.900  2367.900  4360.400  4564.800  4614.400  5135.200     0.000
  1256.000  1320.500  1368.100  1370.300  1245.900  1333.400  2332.700  4464.600  4628.000  4688.300  5146.400     0.000
  1320.100  1369.000  1399.200  1308.200  1363.800  1303.100  2344.700  4516.300  4632.600  4697.700  5174.800     0.000
  1287.300  1361.000  1311.000  1428.700  1279.500  1377.900  2366.200  4578.500  4819.900  4790.800  5256.100     0.000
  1314.100  1325.600  1368.500  1319.200  1418.700  1299.500  2367.400  4650.200  4829.700  4824.800  5356.400     0.000
  1289.600  1317.700  1349.000  1356.000  1274.300  1332.300  2342.200  4561.000  4710.100  4914.500  5362.400     0.000
  1338.000  1363.500  1405.700  1300.600  1291.500  1288.900  2343.400  4641.100  4800.500  4950.300  5350.400     0.000
  1296.600  1281.000  1327.300  1317.700  1296.200  1311.000  2362.000  4799.400  4982.100  5003.200  5485.900     0.000
  1290.100  1297.000  1337.400  1232.500  1381.100  1276.500  2369.400  4804.300  4843.800  4940.300  5429.200     0.000
  1308.300  1300.100  1313.700  1348.500  1291.600  1375.100  2446.600  4858.800  5100.700  5100.700  4318.800     0.000
  1232.800  1349.300  1376.000  1290.900  1351.400  1219.400  2395.400  4904.300  5117.300  5145.200  4303.000     0.000
  1279.600  1302.300  1307.900  1366.400  1272.700  1366.000  2522.000  5149.300  5322.200  5359.400     0.000     0.000
  1279.900  1244.700  1305.100  1272.300  1286.100  1268.900  2493.900  5132.000  5261.300  5365.700     0.000     0.000
  1292.800  1350.900  1238.900  1404.500  1272.700  1301.100  2565.400  5303.800  5507.000  3041.100  3277.800     0.000
  1274.200  1242.100  1297.500  1287.300  1319.200  1222.400  2539.200  5309.900  5480.800  3070.000  3270.900     0.000
  1274.900  1299.300  1307.800  1347.700  1266.100  1388.700  2686.700  5533.100  2033.600  5180.100  1575.000     0.000
  1236.500  1290.600  1352.600  1299.700  1391.300  1222.700  2656.000  5617.900  1946.900  4977.000  1551.800     0.000
  1341.200  1355.500  1297.800  1404.500  1314.800  1354.300  2794.900  3029.100  4891.400  4358.800     0.000     0.000
  1317.600  1353.500  1402.200  1292.900  1331.100  1265.400  2808.400  2990.300  4556.200  4336.600     0.000     0.000
  1316.100  1310.900  1366.700  1364.600  1308.600  1403.900  2554.900  1912.300  4093.400  5252.500  2979.700     0.000
  1244.200  1296.500  1361.200  1300.400  1340.700  1221.400  2532.300  2315.500  3689.700  5041.100  3049.700     0.000
  1392.800  1347.400  1263.000  1434.200  5563.100  3345.300  2287.000  4580.700  5090.300     0.000     0.000     0.000
  1271.100  1197.000  1276.400  1239.600  6324.300  4257.600  2046.400  4265.300  4919.600     0.000     0.000     0.000
  1248.600  1277.300  1272.000  1325.100  1276.500  1315.100  2283.900  4846.800  5012.500  4970.000  4841.800     0.000
  1289.000  1328.700  1355.100  1284.400  1339.300  1345.500  2352.400  4943.800  5083.100  4980.600  4846.800     0.000
  1258.000  1278.800  1281.800  1324.300  1214.600  1336.000  2217.000  4933.400  4980.600  4917.900  4763.100     0.000
  1330.700  1279.500  1393.000  1325.100  1397.000  1265.700  2318.800  4980.600  5017.900  4975.300  4831.800     0.000
  1308.300  1232.600  1313.800  1366.000  1250.100  1360.600  2278.700  4879.200  5115.100  5137.100  4965.700     0.000
  1316.900  1346.900  1377.400  1306.400  1371.100  1310.300  2348.200  5039.300  5215.800  5126.100  5034.000     0.000
  1251.900  1263.000  1246.200  1303.300  1235.000  1316.500  2286.600  5109.600  5153.800  5148.200  4991.800     0.000
  1334.400  1300.200  1388.600  1329.100  1387.300  1277.300  2336.300  5159.400  5221.500  5187.400  5023.400     0.000
  1222.200  1230.800  1238.500  1285.300  1237.100  1273.300  2354.200  5088.500  5329.900  5372.400  5083.000     0.000
  1289.800  1280.400  1339.500  1285.300  1323.400  1214.600  2375.000  5121.700  5300.000  5317.900  5050.300     0.000
  1236.800  1272.900  1230.500  1293.200  1173.200  1293.200  2378.700  5329.900  5390.800  5421.700  3855.800     0.000
  1307.900  1268.400  1377.400  1293.200  1375.200  1242.800  2350.600  5440.500  5503.900  5484.700  4004.300     0.000
  1235.200  1260.200  1262.800  1318.000  1233.400  1317.200  2430.100  5493.800  5726.100  5662.800     0.000     0.000
  1229.200  1277.200  1297.500  1221.300  1283.400  1229.500  2478.700  5566.900  5733.300  5655.800     0.000     0.000
  1273.400  1303.100  1262.800  1340.700  1197.100  1337.000  2481.400  5776.400  5864.600  3300.900  3128.600     0.000
  1225.600  1242.800  1285.700  1215.000  1281.100  1231.300  2500.900  5798.200  5879.600  3315.400  3098.200     0.000
  1236.700  1290.000  1248.600  1306.000  1243.000  1288.900  2585.300  6003.300  2266.000  4787.100  1434.300     0.000
  1270.600  1249.700  1338.000  1259.000  1322.400  1252.900  2582.400  6018.400  2212.600  4998.600  1420.000     0.000
  1279.100  1241.900  1288.100  1334.000  1233.600  1325.600  2710.500  3293.300  4398.600  4160.000     0.000     0.000
  1325.600  1256.100  1360.600  1282.500  1360.200  1205.800  2710.500  3277.200  4663.400  4094.400     0.000     0.000
  1250.500  1272.100  1252.700  1324.300  1284.500  1302.200  2494.800  2192.000  3544.700  4806.700  2877.100     0.000
  1287.500  1277.000  1349.700  1284.100  1333.200  1194.600  2454.600  1788.700  3952.300  5001.200  2808.600     0.000
  1357.200  1312.000  1279.600  1360.600  6036.200  4089.100  1865.700  4003.200  4804.300     0.000     0.000     0.000
  1252.300  1194.300  1255.600  1147.200  5409.500  3117.000  2130.200  4325.500  4961.600     0.000     0.000     0.000
  1385.700  1386.500  1390.900  1448.300  1371.300  1428.500  2378.900  4509.700  4709.300  4757.100  5305.800     0.000
  1438.300  1436.500  1502.600  1423.000  1469.100  1410.600  2419.300  4445.400  4676.400  4704.600  5229.000     0.000
  1347.200  1344.800  1341.400  1404.300  1324.800  1382.600  2329.000  4598.300  4728.300  4786.300  5270.100     0.000
  1438.300  1437.400  1479.500  1404.700  1489.500  1408.400  2401.400  4522.800  4695.200  4776.500  5305.800     0.000
  1380.800  1376.100  1386.300  1451.800  1372.600  1429.100  2401.200  4688.000  4905.500  4910.500  5430.700     0.000
  1430.400  1403.400  1482.700  1427.700  1466.100  1403.400  2450.700  4763.100  4941.100  4875.300  5424.600     0.000
  1378.600  1391.600  1379.900  1447.100  1368.400  1428.600  2408.700  4725.200  4865.400  5056.500  5474.300     0.000
  1443.900  1442.000  1462.800  1410.500  1467.600  1391.600  2421.300  4715.900  4865.400  4941.100  5455.600     0.000
  1411.600  1412.500  1412.000  1463.500  1415.600  1453.900  2492.300  4931.100  5058.000  5135.100  5493.600     0.000
  1404.800  1397.200  1466.400  1383.200  1449.600  1373.700  2448.400  4834.900  4988.500  5025.700  5506.400     0.000
  1398.600  1445.300  1418.400  1488.100  1394.200  1450.500  2542.000  4972.700  5174.500  5296.500  4355.800     0.000
  1324.800  1344.700  1378.000  1312.900  1379.700  1315.600  2431.500  4957.000  5185.900  5168.900  4384.300     0.000
  1388.100  1383.700  1385.000  1454.400  1366.900  1430.200  2578.700  5273.400  5435.400  5480.800     0.000     0.000
  1399.900  1406.300  1457.900  1385.400  1432.100  1377.400  2566.900  5225.400  5378.200  5416.200     0.000     0.000
  1390.800  1393.600  1376.100  1453.400  1367.700  1434.500  2639.500  5397.200  5553.500  3193.700  3014.700     0.000
  1367.300  1367.300  1414.200  1335.700  1401.300  1328.200  2590.600  5429.000  5621.300  3164.700  3087.000     0.000
  1379.400  1372.100  1369.600  1436.900  1364.100  1417.200  2706.700  5694.200  2089.300  4912.900  1380.400     0.000
  1328.500  1344.600  1393.200  1313.100  1366.600  1303.000  2648.100  5640.300  2047.300  4783.100  1403.800     0.000
  1442.900  1440.600  1407.800  1477.300  1395.000  1477.800  2870.300  3123.600  4551.700  4149.300     0.000     0.000
  1405.100  1401.600  1434.600  1352.900  1439.200  1356.600  2811.400  3058.200  4343.300  4140.100     0.000     0.000
  1413.400  1422.600  1409.800  1470.100  1393.200  1460.900  2628.200  1705.100  3879.300  4912.900  2797.600     0.000
  1333.800  1344.500  1394.100  1320.900  1377.000  1310.900  2532.300  2144.200  3477.500  4720.700  2879.600     0.000
  1475.500  1436.100  1424.000  1504.200  5427.400  3161.800  2070.900  4305.400  4920.600     0.000     0.000     0.000
  1370.200  1332.200  1393.700  1304.300  6146.900  4041.900  1857.000  4047.100  4699.500     0.000     0.000     0.000
  1512.900  1545.800  1536.600  1562.700  1508.300  1594.700  2547.500  5043.700  5234.900  5154.400  5000.700     0.000
  1619.800  1637.700  1563.800  1638.300  1670.900  1593.000  2630.900  5126.300  5384.800  5194.300  5038.300     0.000
  1464.200  1472.000  1476.500  1564.300  1457.400  1510.900  2449.100  5126.300  5217.400  5131.900  5076.400     0.000
  1531.300  1535.600  1663.400  1526.000  1555.000  1507.300  2489.200  5160.100  5329.900  5171.500  5092.900     0.000
  1470.400  1470.900  1496.500  1621.300  1494.500  1527.100  2523.800  5063.800  5348.000  5282.800  5196.400     0.000
  1541.800  1563.300  1594.900  1561.700  1618.400  1554.100  2614.700  5253.700  5427.100  5330.100  5236.400     0.000
  1481.100  1497.500  1489.500  1548.700  1474.300  1527.100  2516.900  5312.200  5451.900  5282.800  5277.000     0.000
  1526.600  1522.500  1647.400  1515.800  1561.700  1508.100  2548.700  5384.200  5553.400  5414.800  5330.100     0.000
  1478.400  1487.800  1497.800  1527.200  1481.800  1523.600  2581.700  5322.700  5567.200  5528.200  5371.100     0.000
  1522.000  1472.000  1575.900  1450.300  1489.300  1442.700  2525.000  5316.800  5593.500  5541.100  5322.700     0.000
  1429.600  1440.300  1418.100  1540.500  1412.200  1468.500  2526.400  5554.100  5722.100  5573.800  4175.700     0.000
  1532.500  1545.300  1623.500  1513.700  1569.300  1499.900  2630.400  5660.500  5792.100  5633.500  4282.300     0.000
  1464.000  1466.900  1480.600  1547.400  1465.000  1522.300  2670.300  5689.500  5985.100  5848.400     0.000     0.000
  1480.600  1487.700  1522.300  1485.100  1525.600  1468.400  2671.900  5775.100  5923.600  5855.800     0.000     0.000
  1463.000  1475.000  1462.500  1594.700  1449.200  1522.900  2715.600  5985.100  6169.200  3526.000  3458.900     0.000
  1511.200  1527.200  1532.100  1490.300  1573.300  1491.300  2784.600  5985.100  6194.100  3550.800  3411.800     0.000
  1489.400  1482.500  1494.900  1540.200  1484.500  1542.300  2846.200  6209.800  2539.700  5123.600  1794.900     0.000
  1531.300  1528.100  1575.900  1529.200  1571.500  1512.600  2867.200  6185.700  2520.300  5345.000  1868.200     0.000
  1496.900  1503.500  1494.400  1588.800  1465.000  1537.000  2946.900  3510.100  4738.200  4503.600     0.000     0.000
  1465.500  1482.500  1638.600  1440.400  1520.300  1452.100  2906.500  3486.700  4958.600  4562.800     0.000     0.000
  1466.600  1486.300  1495.400  1532.200  1464.100  1544.500  2696.800  2544.700  3862.700  5087.500  3265.100     0.000
  1398.900  1417.400  1566.900  1437.800  1478.900  1395.800  2654.700  2129.300  4257.600  5397.200  3185.300     0.000
  1497.400  1442.100  1436.400  1617.200  6593.600  4507.900  2197.400  4393.600  5104.100     0.000     0.000     0.000
  1485.800  1441.600  1476.400  1425.200  5864.400  3565.200  2492.700  4693.100  5282.000     0.000     0.000     0.000
  1568.200  1588.500  1591.300  1664.100  1568.200  1647.400  2592.200  4648.500  4875.900  4927.100  5378.700     0.000
  1572.700  1568.800  1673.400  1601.100  1645.600  1586.200  2590.700  4598.300  4840.700  4870.800  5397.200     0.000
  1573.800  1635.900  1660.900  1736.000  1608.000  1706.800  2641.600  4747.500  4901.400  4901.400  5434.600     0.000
  1569.900  1673.400  1668.400  1603.400  1651.100  1557.700  2590.700  4704.600  4922.000  4958.400  5453.500     0.000
  1540.400  1645.800  1567.300  1616.300  1537.300  1595.100  2585.400  4839.500  5093.200  5050.000  5608.100     0.000
  1494.700  1602.500  1660.900  1595.700  1648.800  1651.200  2651.700  4889.200  5115.100  5044.600  5614.700     0.000
  1564.600  1611.600  1627.400  1684.400  1589.500  1680.700  2679.200  4879.200  4976.100  5227.200  5647.900     0.000
  1564.000  1671.400  1671.400  1586.100  1662.700  1594.000  2641.200  4819.900  5055.400  5142.700  5568.900     0.000
  1535.500  1540.300  1608.700  1667.500  1546.200  1638.200  2703.500  5066.900  5318.000  5300.100  5800.500     0.000
  1524.400  1570.200  1583.000  1510.400  1544.000  1558.100  2589.500  5018.400  5149.800  5206.600  5634.800     0.000
  1583.600  1589.800  1600.600  1666.900  1584.700  1662.000  2735.600  5161.100  5427.900  5542.400  4522.300     0.000
  1556.500  1641.800  1659.500  1590.400  1656.400  1561.900  2706.700  5149.800  5403.100  5459.200  4570.600     0.000
  1534.800  1576.700  1553.500  1620.300  1614.900  1610.700  2742.100  5358.200  5633.800  5717.700     0.000     0.000
  1538.600  1497.000  1604.700  1539.700  1589.400  1575.600  2702.500  5389.600  5558.900  5599.500     0.000     0.000
  1546.800  1620.900  1475.000  1559.700  1603.500  1554.600  2730.400  5606.300  5811.500  3378.900  3342.500     0.000
  1535.300  1522.900  1667.500  1560.800  1633.100  1498.000  2823.100  5579.100  5796.900  3341.500  3405.200     0.000
  1548.400  1553.200  1576.100  1631.600  1626.900  1619.300  2916.900  5862.000  2342.600  5263.600  1795.000     0.000
  1539.300  1572.300  1653.100  1576.700  1632.800  1504.200  2898.800  5847.600  2259.900  5103.600  1786.400     0.000
  1640.500  1629.800  1540.900  1611.100  1513.800  1598.500  3009.000  3180.900  4916.500  4479.400     0.000     0.000
  1546.800  1657.400  1647.700  1566.800  1642.300  1485.200  3018.700  3283.400  4669.200  4453.800     0.000     0.000
  1602.600  1579.200  1637.400  1693.500  1591.700  1689.000  2854.300  2091.200  4199.700  5222.700  3099.500     0.000
  1509.700  1573.000  1653.900  1586.500  1631.400  1540.200  2795.300  2519.200  3868.700  5043.300  3193.700     0.000
  1598.000  1628.400  1511.300  1609.600  5666.200  3487.100  2412.100  4810.600  5222.700     0.000     0.000     0.000
  1523.800  1475.900  1610.100  1514.900  6422.500  4468.700  2230.600  4411.800  5059.600     0.000     0.000     0.000
  1696.900  1670.800  1664.500  1689.200  1623.200  1728.500  2674.300  5232.500  5476.500  5382.400  5180.500     0.000
  1614.300  1686.000  1773.800  1715.200  1752.200  1679.600  2696.300  5291.500  5407.200  5370.100  2928.400     0.000
  1641.200  1655.200  1598.600  1746.100  1670.800  1691.700  2661.800  5333.500  5321.400  5255.900  5220.900     0.000
  1675.800  1757.100  1696.900  1748.800  1785.800  1627.900  2678.900  5370.100  5476.500  5444.800  2973.800     0.000
  1671.000  1691.600  1664.200  1724.500  1664.200  1745.100  2692.600  5175.000  5541.800  5528.900  5349.200     0.000
  1838.400  1836.100  1747.100  1714.700  1848.100  1679.000  2691.000  5446.900  5587.200  5606.900  3035.900     0.000
  1661.700  1663.000  1668.500  1757.300  1671.000  1684.700  2687.900  5428.300  5587.200  5567.600  5385.400     0.000
  1743.700  1646.000  1673.400  1712.100  1671.000  1606.700  2716.100  5497.100  5593.700  5580.600  2985.500     0.000
  1745.900  1591.100  1710.600  1751.300  1683.500  1657.300  2720.200  5524.400  5663.400  5718.200  5511.500     0.000
  1729.700  1793.300  1799.000  1713.800  1844.000  1696.300  2733.100  5589.700  5725.100  5690.700  2989.500     0.000
  1636.700  1729.700  1672.200  1726.400  1670.300  1779.800  2787.600  5823.800  5830.900  5788.100  4346.800     0.000
  1633.700  1697.600  1776.300  1595.100  1743.800  1704.100  2780.800  5867.100  5838.100  5823.800  2853.000     0.000
  1686.200  1672.000  1633.100  1731.100  1670.100  1733.100  2833.800  5841.000  6120.100  5985.100     0.000     0.000
  1686.900  1627.000  1742.800  1684.300  1686.200  1658.600  2855.300  5916.000  6136.400  6024.200     0.000     0.000
  1683.600  1594.700  1657.300  1730.400  1647.300  1626.300  2888.300  6177.500  6321.400  3704.300  3629.500     0.000
  1701.400  1675.800  1740.700  1634.300  1717.400  1656.100  2893.900  6194.100  6312.700  3633.200  3163.900     0.000
  1621.400  1695.200  1638.600  1867.800  1799.000  1743.600  2973.200  6341.600  2657.500  5412.000  2004.200     0.000
  1623.800  1789.100  1740.300  1580.900  1823.600  1671.400  2996.100  6487.900  2643.900  4906.400  1888.300     0.000
  1723.000  1659.700  1678.800  1792.600  1713.900  1711.900  3177.300  3750.700  5019.200  4704.700     0.000     0.000
  1626.700  1718.400  1747.700  1692.100  1713.200  1655.400  3107.600  3789.900  5106.500  4077.300     0.000     0.000
  1634.900  1735.600  1668.700  1725.500  1656.800  1744.400  2930.900  2715.500  4168.300  5427.600  3454.000     0.000
  1782.700  1686.400  1730.200  1611.800  1751.300  1650.700  2852.700  2294.400  4518.700  5134.300  2940.200     0.000
  1707.000  1625.300  1697.900  1760.200  6685.200  4704.700  2378.200  4681.200  5338.400     0.000     0.000     0.000
  1621.800  1661.200  1833.800  1591.500  5967.200  3729.900  2640.500  4974.000  4786.300     0.000     0.000     0.000
  1799.200  1774.200  1784.100  1878.400  1754.000  1818.200  2761.800  4819.700  5048.000  5086.300  3190.400     0.000
  1801.400  1797.700  1862.800  1805.000  1835.300  1777.000  2765.200  4790.100  5042.500  5053.400  5026.300     0.000
  1795.600  1825.600  1789.800  1851.200  1771.400  1835.300  2795.500  4946.800  5075.300  5142.000  3090.100     0.000
  1753.300  1753.300  1803.500  1733.600  1780.600  1722.200  2711.300  4910.500  5042.500  5119.500  5130.700     0.000
  1744.100  1746.200  1755.600  1812.400  1738.100  1795.900  2771.700  5050.000  5267.700  5261.900  3211.400     0.000
  1853.800  1859.800  1934.800  1860.600  1973.200  1920.900  2930.000  5126.100  5320.600  5256.100  5238.700     0.000
  1799.500  1828.400  1791.000  1850.000  1797.300  1839.500  2823.700  5018.100  5204.400  5308.700  3240.200     0.000
  1789.600  1787.400  1844.000  1771.400  1832.900  1772.100  2801.700  5087.700  5273.500  5362.400  5267.700     0.000
  1749.400  1760.400  1761.800  1826.100  1751.500  1800.600  2835.100  5250.500  5425.400  5431.700  3123.800     0.000
  1765.900  1764.500  1818.000  1768.000  1821.000  1748.000  2824.700  5181.400  5357.800  5315.600  5321.500     0.000
  1804.200  1811.400  1778.500  1878.600  1768.000  1826.100  2939.600  5297.700  5507.600  5546.400  3090.500     0.000
  1751.500  1739.200  1797.000  1715.300  1792.700  1714.600  2833.300  5363.800  5533.400  5579.100  4364.900     0.000
  1786.200  1800.100  1786.200  1851.800  1801.600  1833.200  2989.500  5661.100  5760.100  5833.000     0.000     0.000
  1794.200  1764.600  1843.200  1761.000  1829.400  1758.200  2942.700  5532.000  5745.800  5717.300     0.000     0.000
  1850.200  1845.600  1827.100  1899.000  1797.900  1890.800  3087.600  5731.500  5945.700  3452.300     0.000     0.000
  1711.400  1711.400  1759.600  1686.900  1751.900  1682.400  2929.300  5717.300  5976.500  3468.200  3400.500     0.000
  1829.800  1820.300  1829.800  1887.500  1813.700  1872.000  3162.300  6099.300  2445.200  2351.000     0.000     0.000
  1707.200  1702.000  1767.100  1707.800  1752.100  1688.700  3027.300  6060.600  2398.300  5075.500  1928.500     0.000
  1733.300  1720.800  1705.900  1778.200  1701.400  1764.400  3153.800  3475.900  4397.200     0.000     0.000     0.000
  1686.800  1707.800  1732.000  1670.600  1738.700  1673.700  3139.000  3465.700  4916.100  4417.900     0.000     0.000
  1794.900  1787.700  1793.500  1854.300  1768.700  1822.600  3002.500  2238.200  4520.300  3092.600     0.000     0.000
  1747.300  1766.600  1803.600  1734.400  1797.100  1725.700  2946.900  2697.600  4076.900  5352.900  3221.900     0.000
  1939.800  1873.600  1866.600  1945.700  5840.900  3659.000  2609.400  4812.800  2085.400     0.000     0.000     0.000
  1707.900  1650.300  1744.500  1635.200  6582.100  4575.500  2319.300  4666.700  5108.700     0.000     0.000     0.000
