  1754.000  1734.300  1734.900  1830.200  1719.500  1813.100  2676.500  5286.600  5458.800  5421.000  5245.300     0.000
  1783.500  1772.800  1741.000  1767.200  1812.400  1758.200  2740.500  5346.900  5490.700  5497.100  5221.900     0.000
  1739.700  1729.500  1720.200  1752.700  1719.500  1870.700  2706.500  5402.200  5427.200  5389.800  5204.500     0.000
  1743.100  1750.600  1813.100  1739.700  1830.200  1716.900  2676.500  5365.200  5433.500  5439.800  5353.000     0.000
  1689.800  1701.900  1710.900  1763.600  1680.400  1737.200  2711.100  5280.400  5570.400  5576.900  5333.600     0.000
  1842.300  1688.500  1980.800  1691.100  1843.100  1829.700  2795.800  5406.200  5590.000  5616.300  5525.200     0.000
  1743.900  1722.700  1705.800  1820.200  1731.200  1821.600  2780.800  5493.400  5557.400  5576.900  5424.700     0.000
  1772.500  1741.200  1760.800  1726.600  1855.800  1749.300  2731.800  5583.400  5689.900  5689.900  5544.500     0.000
  1679.100  1672.800  1675.300  1860.900  1671.500  1789.100  2818.400  5524.600  5753.400  5774.500  5531.100     0.000
  1750.000  1711.800  1858.600  1707.300  1713.800  1727.000  2837.500  5563.700  5760.500  5760.500  5550.600     0.000
  1742.500  1710.500  1715.100  1747.900  1710.500  1743.200  2820.100  5739.500  5802.900  5788.700  4432.100     0.000
  1715.100  1729.700  1779.100  1700.100  1800.500  1698.800  2878.200  5781.600  5889.700  5824.400  4583.600     0.000
  1721.400  1682.800  1689.300  1812.000  1718.000  1748.300  2913.100  5982.300  6182.900  6077.000     0.000     0.000
  1757.400  1732.300  1840.200  1728.200  1756.700  1755.300  2918.800  5951.400  6125.400  6013.500     0.000     0.000
  1754.600  1685.400  1669.300  1781.800  1742.000  1683.500  2939.800  6174.600  6250.000  3736.000  3420.900     0.000
  1679.600  1711.900  1773.100  1683.500  1812.800  1663.500  2963.000  6233.100  6318.400  3767.000  3370.100     0.000
  1750.400  1659.600  1659.600  1721.700  1740.900  1709.700  3145.800  6332.300  2666.700  5228.400  1833.000     0.000
  1670.200  1704.900  1730.900  1696.600  1744.600  1636.200  3008.300  6387.000  2651.900  5398.800  1753.600     0.000
  1660.900  1771.000  1746.000  1858.600  1637.500  1708.300  3173.400  3752.800  4899.500  4588.900     0.000     0.000
  1668.800  1717.400  1716.000  1682.900  1744.600  1642.000  3127.600  3705.000  5145.600  4616.000     0.000     0.000
  1748.100  1767.900  1762.400  1755.600  1736.000  1829.300  2949.800  2598.400  3989.700  5193.800  3206.200     0.000
  1749.400  1722.100  1902.100  1698.800  1834.500  1719.500  2940.500  2122.900  4443.500  5395.700  3210.600     0.000
  1850.900  1656.900  1642.400  1745.400  6442.900  4498.900  2329.700  4462.500  5213.900     0.000     0.000     0.000
  1682.900  1614.700  1691.800  1615.900  5712.100  3479.700  2543.700  4722.600  5448.700     0.000     0.000     0.000
  1676.300  1716.400  1676.300  1803.000  1660.600  1770.200  2712.600  4748.000  4990.800  5028.300  5631.400     0.000
  1691.600  1717.000  1795.000  1679.500  1752.800  1669.400  2707.800  4714.500  4943.400  5028.300  5551.600     0.000
  1668.700  1717.000  1713.100  1795.800  1696.100  1763.200  2711.000  4876.500  5055.400  5066.300  5467.600     0.000
  1713.100  1699.300  1775.100  1633.200  1756.900  1632.600  2660.600  4831.300  5017.500  5088.300  5577.900     0.000
  1722.000  1681.000  1697.400  1770.500  1682.300  1745.900  2683.000  4976.900  5257.100  5182.800  5662.900     0.000
  1746.600  1630.600  1720.700  1686.000  1698.700  1685.400  2817.800  5040.100  5239.800  5188.400  5689.900     0.000
  1706.400  1707.000  1739.200  1775.300  1702.500  1745.900  2752.800  4966.500  5177.100  5333.600  5751.600     0.000
  1636.500  1688.500  1764.300  1644.900  1737.200  1634.700  2749.600  5003.000  5216.800  5251.300  5744.700     0.000
  1569.500  1665.100  1741.500  1742.900  1728.100  1709.600  2761.700  5185.800  5387.100  5387.100  5825.700     0.000
  1707.000  1662.600  1732.800  1701.200  1698.600  1693.500  2785.000  5068.600  5249.300  5320.300  5854.500     0.000
  1667.500  1713.600  1698.600  1782.400  1683.900  1769.700  2812.200  5231.800  5506.500  5513.000  4666.500     0.000
  1670.000  1668.800  1734.100  1682.000  1722.800  1689.000  2803.600  5255.100  5538.800  5436.800  4616.100     0.000
  1675.100  1671.800  1729.000  1757.600  1679.600  1731.100  2900.200  5613.800  5783.400  5662.300     0.000     0.000
  1736.600  1675.100  1748.400  1672.500  1719.400  1666.700  2909.600  5428.000  5600.100  5669.200     0.000     0.000
  1639.600  1671.800  1684.200  1754.800  1677.000  1725.600  3025.100  5627.600  5917.400  3506.900  3386.600     0.000
  1656.500  1652.100  1729.000  1660.300  1708.000  1652.800  2881.600  5620.700  5842.200  3448.100  3543.900     0.000
  1661.900  1638.400  1834.600  1724.800  1817.200  1696.200  3062.300  5963.600  2454.700  5386.500  1809.400     0.000
  1634.000  1634.000  1710.000  1668.500  1681.200  1645.500  2949.800  5884.400  2353.600  5310.700  1848.100     0.000
  1585.000  1772.100  1749.900  1834.600  1754.300  1810.900  3064.400  3394.400  5190.900  4568.500     0.000     0.000
  1686.600  1666.500  1717.000  1674.500  1703.100  1650.700  3077.500  3389.100  4958.700  4575.200     0.000     0.000
  1693.600  1771.200  1720.000  1837.200  1717.400  1810.100  2946.200  2119.700  4401.400  5458.200  3249.200     0.000
  1653.200  1671.000  1734.500  1683.500  1704.400  1664.800  2907.700  2625.100  4021.700  5219.600  3265.200     0.000
  1656.900  1661.100  1694.800  1742.600  5846.600  3615.400  2617.600  4836.400  5398.900     0.000     0.000     0.000
  1693.600  1586.200  1674.700  1715.400  6510.100  4498.500  2290.400  4472.700  5185.200     0.000     0.000     0.000
  1560.700  1580.200  1598.400  1605.400  1564.500  1618.300  2576.700  5166.800  5230.100  5235.900  5110.500     0.000
  1563.400  1639.200  1620.600  1617.700  1652.600  1598.400  2588.400  5149.700  5343.200  5331.100  5212.700     0.000
  1568.400  1648.300  1524.100  1644.700  1630.800  1688.400  2616.500  5149.700  5230.100  5189.600  5144.100     0.000
  1652.600  1642.800  1710.400  1571.200  1651.400  1601.900  2591.300  5271.200  5313.000  5289.000  5259.400     0.000
  1629.000  1561.100  1569.300  1674.400  1540.800  1593.200  2545.600  5181.600  5386.700  5374.500  5232.900     0.000
  1611.500  1640.900  1666.300  1651.700  1666.300  1615.000  2647.200  5308.700  5504.900  5511.200  5442.000     0.000
  1556.300  1630.800  1525.500  1605.200  1587.100  1663.300  2618.900  5411.100  5429.600  5423.500  5296.900     0.000
  1674.400  1647.500  1698.300  1675.000  1674.400  1598.900  2645.700  5435.800  5536.800  5517.600  5448.200     0.000
  1498.100  1576.300  1552.600  1554.300  1568.500  1619.900  2630.100  5307.100  5650.200  5563.700  5448.100     0.000
  1583.600  1524.900  1631.800  1511.400  1549.900  1491.500  2581.300  5410.600  5630.000  5550.600  5416.800     0.000
  1532.300  1601.900  1546.200  1582.500  1542.400  1614.100  2659.000  5616.600  5817.200  5760.500  4235.900     0.000
  1633.000  1610.000  1691.100  1558.100  1635.400  1573.500  2697.900  5636.700  5795.800  5746.400  4354.000     0.000
  1539.300  1526.800  1517.100  1607.900  1511.800  1590.800  2696.700  5776.900  5979.500  5887.800     0.000     0.000
  1511.300  1558.200  1558.200  1533.300  1594.300  1518.700  2706.500  5843.000  6018.600  5948.600     0.000     0.000
  1600.800  1500.300  1567.200  1658.300  1463.500  1509.200  2703.200  6042.300  6130.700  3601.000  3342.400     0.000
  1522.500  1630.900  1575.200  1517.100  1645.100  1582.700  2832.900  6066.200  6122.600  3567.100  3282.200     0.000
  1495.300  1543.600  1589.600  1570.500  1514.900  1578.200  2828.600  6189.400  2535.600  4980.000  1609.700     0.000
  1565.700  1593.900  1609.900  1562.800  1604.900  1548.200  2868.100  6215.400  2461.500  5185.700  1627.400     0.000
  1556.400  1522.100  1550.600  1614.900  1485.100  1549.400  2902.700  3588.400  4659.300  4370.700     0.000     0.000
  1622.400  1587.800  1665.100  1470.300  1619.300  1547.100  2995.100  3582.600  4874.300  4362.600     0.000     0.000
  1542.300  1621.500  1575.400  1615.700  1601.800  1664.700  2809.900  2351.800  3802.300  4925.300  3069.200     0.000
  1595.000  1632.700  1648.200  1566.000  1646.400  1585.400  2806.500  2002.600  4148.200  5237.500  3043.000     0.000
  1653.700  1501.400  1527.600  1671.500  6354.300  4376.900  2093.800  4244.100  5017.200     0.000     0.000     0.000
  1527.600  1554.100  1521.900  1469.800  5598.100  3432.500  2372.600  4568.600  5234.600     0.000     0.000     0.000
  1516.200  1537.300  1551.400  1536.300  1508.900  1569.500  2504.600  4630.500  4801.500  4891.800  5461.300     0.000
  1502.800  1618.900  1591.500  1611.800  1538.400  1477.100  2482.800  4562.800  4806.500  4861.400  5512.500     0.000
  1553.500  1498.700  1491.600  1594.400  1508.900  1581.900  2495.100  4672.100  4781.900  4927.800  5461.300     0.000
  1588.700  1531.500  1541.100  1504.800  1639.800  1579.600  2570.900  4653.600  4816.400  4912.300  5474.000     0.000
  1594.400  1532.300  1549.800  1569.900  1601.200  1640.800  2604.500  4827.500  5015.800  5031.700  5612.200     0.000
  1549.800  1566.000  1587.000  1562.800  1601.700  1557.300  2626.600  4832.400  5053.100  5037.100  5699.300     0.000
  1518.800  1523.000  1508.100  1602.900  1541.800  1580.300  2544.500  4857.100  4973.900  5145.900  5658.700     0.000
  1611.500  1546.100  1550.300  1519.400  1631.300  1584.200  2629.500  4822.600  5000.000  5129.300  5672.200     0.000
  1477.100  1513.400  1512.400  1620.500  1477.100  1532.300  2568.300  5029.600  5150.600  5207.500  5753.400     0.000
  1523.300  1460.000  1633.600  1458.100  1554.300  1495.500  2601.800  5024.200  5161.900  5133.700  5691.100     0.000
  1507.300  1449.000  1443.300  1583.100  1490.000  1552.600  2612.100  5248.100  5283.400  5307.100  4660.900     0.000
  1570.200  1519.700  1585.900  1508.800  1622.300  1535.500  2697.900  5145.000  5367.500  5416.800  4579.100     0.000
  1533.300  1506.000  1509.200  1581.500  1518.200  1577.500  2711.600  5407.300  5537.600  5550.900     0.000     0.000
  1457.700  1495.600  1580.300  1487.400  1496.600  1434.800  2629.000  5369.500  5537.600  5577.800     0.000     0.000
  1574.600  1507.100  1491.000  1593.100  1563.800  1620.500  2813.600  5557.600  5709.300  3270.700  3358.900     0.000
  1476.100  1507.600  1574.600  1485.300  1512.400  1426.200  2693.700  5605.000  5773.700  3328.500  3334.800     0.000
  1488.900  1518.800  1510.500  1701.500  1486.200  1540.200  2803.200  5729.400  2186.400  5201.200  1700.600     0.000
  1509.400  1519.400  1561.000  1516.600  1537.400  1460.000  2805.000  5766.700  2220.500  5075.100  1704.100     0.000
  1580.000  1537.900  1512.700  1625.500  1527.800  1589.600  2948.400  3188.900  4918.700  4425.300     0.000     0.000
  1566.900  1472.500  1564.500  1442.200  1604.900  1552.900  2984.900  3177.200  4651.100  4410.800     0.000     0.000
  1512.800  1558.100  1558.100  1604.900  1527.800  1570.100  2723.900  1964.400  4162.100  5288.700  3026.700     0.000
  1544.100  1445.200  1580.600  1450.800  1560.800  1500.600  2712.800  2379.300  3784.700  5039.800  3091.400     0.000
  1644.800  1502.600  1486.100  1615.200  5639.500  3411.900  2390.500  4685.900  5327.500     0.000     0.000     0.000
  1453.200  1446.100  1642.400  1429.900  6390.100  4386.000  2151.900  4325.400  5094.300     0.000     0.000     0.000
  1360.200  1379.100  1376.900  1430.400  1364.000  1442.700  2385.400  4933.000  5110.500  5283.100  5028.300     0.000
  1459.900  1467.200  1523.500  1456.000  1478.600  1447.400  2445.600  5039.100  5189.600  5241.800  4943.400     0.000
  1323.900  1340.600  1341.400  1394.900  1323.500  1444.100  2382.900  5049.900  5104.900  5172.500  5044.500     0.000
  1466.200  1463.800  1507.400  1459.900  1525.600  1438.400  2462.700  5066.300  5195.400  5241.800  5001.500     0.000
  1363.900  1387.800  1385.200  1436.600  1375.300  1476.100  2459.700  4971.700  5333.600  5345.600  5165.900     0.000
  1453.900  1440.300  1495.300  1444.100  1501.300  1451.100  2499.500  5138.000  5321.700  5394.000  5127.000     0.000
  1360.500  1378.300  1367.300  1422.400  1351.800  1443.100  2419.800  5171.500  5280.400  5321.700  5199.800     0.000
  1450.200  1450.200  1486.900  1412.500  1459.200  1436.600  2464.900  5262.900  5345.600  5351.600  5149.200     0.000
  1380.400  1408.700  1394.400  1457.100  1399.300  1385.200  2443.700  5207.500  5460.700  5544.100  5277.400     0.000
  1421.900  1422.300  1458.500  1423.700  1441.900  1412.300  2490.200  5236.400  5435.600  5473.400  5242.200     0.000
  1406.000  1426.900  1381.300  1462.400  1384.300  1421.900  2495.700  5416.800  5550.600  5623.300  4102.400     0.000
  1352.300  1358.600  1402.000  1330.600  1537.100  1335.000  2597.400  5505.300  5630.000  5704.800  4077.300     0.000
  1333.100  1342.700  1342.300  1401.700  1339.800  1450.400  2590.300  5603.700  5898.100  5845.700     0.000     0.000
  1392.100  1393.500  1457.300  1392.500  1461.800  1382.700  2593.300  5617.400  5808.800  5808.800     0.000     0.000
  1368.500  1382.200  1360.200  1426.400  1354.600  1436.400  2637.600  5845.700  5913.200  3505.300  3050.100     0.000
  1383.600  1381.800  1435.400  1352.500  1460.800  1352.100  2654.800  5898.100  6069.000  3532.600  3042.100     0.000
  1338.800  1338.000  1343.200  1399.900  1341.500  1452.100  2718.800  6014.400  2378.800  4760.800  1452.900     0.000
  1338.400  1319.500  1392.300  1343.700  1470.200  1306.000  2765.900  6030.800  2356.500  4958.900  1393.400     0.000
  1404.700  1392.300  1374.200  1438.000  1375.100  1426.500  2814.600  3428.500  4408.100  4145.100     0.000     0.000
  1381.600  1406.600  1425.500  1371.500  1455.700  1377.000  2884.100  3375.300  4625.000  4159.800     0.000     0.000
  1384.900  1395.300  1398.800  1461.900  1388.800  1366.100  2534.000  2120.500  3504.600  4682.600  2877.500     0.000
  1364.000  1364.400  1429.500  1368.600  1491.200  1348.600  2680.600  1799.600  3946.000  4948.400  2842.000     0.000
  1441.000  1387.000  1379.700  1485.700  6106.600  4128.700  1866.400  4046.600  4715.500     0.000     0.000     0.000
  1375.800  1333.500  1402.800  1315.300  5337.800  3141.100  2052.400  4316.800  4907.200     0.000     0.000     0.000
  1244.300  1269.800  1278.400  1343.500  1239.300  1323.900  2255.200  4407.800  4621.400  4621.400  5066.300     0.000
  1270.900  1303.300  1352.200  1281.000  1334.400  1286.300  2253.000  4366.600  4536.200  4589.600  5121.600     0.000
  1220.400  1252.200  1305.600  1389.200  1204.400  1319.900  2268.700  4407.800  4585.100  4653.600  5116.000     0.000
  1280.300  1313.500  1336.500  1266.400  1301.700  1305.600  2303.200  4399.500  4603.200  4700.300  5138.500     0.000
  1261.000  1276.400  1274.500  1331.800  1250.700  1299.700  2353.800  4602.100  4916.300  4773.100  5264.100     0.000
  1293.600  1311.700  1357.100  1300.100  1379.900  1298.900  2356.200  4651.700  4870.900  4811.800  5287.500     0.000
  1239.000  1273.100  1300.100  1361.700  1226.600  1317.100  2307.900  4579.900  4777.900  4821.600  5352.800     0.000
  1287.600  1293.600  1319.900  1273.400  1316.800  1274.200  2350.200  4562.300  4777.900  4926.400  5358.800     0.000
  1272.500  1282.600  1279.200  1333.100  1261.800  1286.800  2329.900  4754.100  4923.300  5001.700  5415.600     0.000
  1265.100  1270.600  1269.200  1214.200  1300.200  1258.900  2352.700  4701.800  4902.800  4872.300  5409.400     0.000
  1275.100  1304.800  1268.800  1330.700  1278.900  1333.500  2368.500  4822.300  5143.800  5099.200  4269.700     0.000
  1203.400  1231.100  1328.600  1265.800  1302.500  1202.800  2421.200  4897.600  5183.400  5127.000  4265.800     0.000
  1234.900  1245.400  1233.400  1314.700  1232.700  1322.000  2435.400  5092.200  5359.400  5359.400     0.000     0.000
  1246.100  1258.700  1294.000  1219.900  1320.400  1239.600  2385.900  5137.800  5273.400  5378.200     0.000     0.000
  1267.700  1290.000  1211.600  1282.300  1250.500  1352.600  2550.800  5279.400  5493.800  3057.500  3086.000     0.000
  1243.600  1260.600  1340.300  1259.100  1267.700  1211.600  2482.800  5372.000  5493.800  3020.700  3097.300     0.000
  1246.200  1255.000  1258.100  1321.200  1218.600  1351.200  2558.900  5498.900  1992.700  4974.400  1395.400     0.000
  1182.000  1203.400  1308.900  1245.100  1246.200  1181.700  2580.400  5464.900  1973.200  4809.200  1431.000     0.000
  1281.800  1294.000  1222.600  1295.200  1251.600  1270.700  2718.800  2938.900  4631.500  4151.900     0.000     0.000
  1240.100  1256.600  1311.800  1235.600  1239.000  1216.400  2732.600  2889.800  4420.100  4111.800     0.000     0.000
  1287.400  1291.600  1325.700  1386.400  1273.600  1350.000  2498.200  1732.900  3904.200  4876.500  2825.600     0.000
  1229.100  1236.000  1341.000  1284.100  1305.000  1197.800  2507.700  2207.700  3522.500  4670.700  2814.400     0.000
  1364.200  1321.800  1231.500  1323.400  5480.400  3193.300  2083.300  4286.800  4889.100     0.000     0.000     0.000
  1255.800  1219.800  1308.500  1218.100  6154.700  4119.100  1834.900  3975.600  4750.900     0.000     0.000     0.000
  1326.400  1299.900  1303.000  1384.000  1292.500  1359.900  2312.100  4968.500  5131.700  5021.700  4825.200     0.000
  1340.300  1377.000  1382.300  1370.600  1362.900  1339.900  2327.500  4984.400  5159.900  5098.200  4780.800     0.000
  1344.400  1294.800  1283.400  1400.000  1273.900  1390.600  2296.900  5000.300  5065.200  5048.800  4885.600     0.000
  1423.100  1414.000  1467.900  1398.600  1456.200  1369.700  2374.900  5098.200  5131.700  5131.700  4875.400     0.000
  1382.500  1311.700  1315.600  1432.300  1307.400  1422.700  2369.500  4978.000  5218.000  5275.800  4993.700     0.000
  1394.600  1369.300  1429.100  1375.600  1421.400  1367.600  2497.400  5117.100  5305.100  5305.100  5020.000     0.000
  1330.600  1319.900  1313.600  1407.400  1302.800  1366.700  2352.600  5235.200  5235.200  5235.200  4998.900     0.000
  1430.500  1399.000  1452.400  1387.200  1460.000  1356.700  2359.800  5264.100  5311.100  5293.400  5046.600     0.000
  1302.300  1333.700  1332.500  1351.400  1326.800  1334.500  2372.100  5197.200  5436.800  5387.100  5197.200     0.000
  1359.800  1358.900  1405.000  1365.300  1378.500  1334.500  2508.500  5220.200  5399.500  5368.700  5036.100     0.000
  1316.900  1365.300  1336.600  1353.900  1313.700  1349.700  2493.500  5455.600  5597.900  5461.900  3998.100     0.000
  1414.000  1305.500  1433.300  1279.500  1436.100  1278.000  2490.800  5506.500  5584.700  5506.500  3994.700     0.000
  1325.600  1298.900  1291.100  1378.700  1288.700  1372.000  2537.400  5610.500  5823.500  5786.900     0.000     0.000
  1297.400  1352.900  1328.900  1341.900  1332.200  1323.600  2511.700  5693.800  5830.900  5679.800     0.000     0.000
  1372.900  1331.000  1312.500  1410.400  1302.900  1402.600  2546.100  5928.400  5974.600  3332.600  3256.500     0.000
  1327.300  1336.800  1353.300  1315.000  1344.800  1307.700  2602.400  5928.400  5982.300  3407.800  3221.400     0.000
  1293.100  1279.800  1283.800  1359.600  1274.200  1337.400  2687.300  6015.900  2301.300  4953.200  1584.300     0.000
  1343.600  1262.700  1373.600  1260.800  1362.300  1235.200  2752.500  6024.100  2243.300  5117.500  1568.900     0.000
  1365.400  1327.000  1311.800  1388.900  1292.700  1392.200  2745.500  3360.500  4583.700  4300.100     0.000     0.000
  1368.200  1311.300  1414.700  1296.400  1402.200  1315.500  2789.800  3365.700  4724.300  4276.500     0.000     0.000
  1322.800  1324.400  1320.000  1374.100  1309.800  1369.500  2600.300  2351.500  3695.000  4866.100  3046.600     0.000
  1375.400  1306.400  1394.000  1303.300  1388.800  1286.900  2577.200  1937.600  4061.300  5145.400  2957.000     0.000
  1397.500  1337.200  1328.000  1418.000  6323.900  4362.100  2051.000  4234.000  4914.400     0.000     0.000     0.000
  1277.600  1267.600  1295.200  1238.300  5564.400  3343.300  2259.500  4502.400  5081.600     0.000     0.000     0.000
  1424.500  1414.000  1424.100  1495.800  1425.000  1458.600  2425.500  4539.600  4713.400  4810.300  5137.300     0.000
  1472.800  1482.200  1542.300  1500.400  1500.400  1479.200  2447.600  4440.300  4671.100  4713.400  5148.600     0.000
  1365.000  1373.600  1372.300  1438.500  1363.700  1406.200  2352.800  4579.600  4737.300  4810.300  5142.900     0.000
  1395.500  1397.300  1460.500  1386.700  1422.700  1384.000  2361.300  4539.600  4699.200  4795.500  5131.700     0.000
  1416.800  1408.800  1439.300  1478.800  1407.900  1464.300  2448.500  4725.700  4916.300  4972.800  5317.000     0.000
  1473.000  1430.000  1497.200  1438.800  1511.800  1438.800  2508.200  4702.300  4926.400  4886.000  5395.200     0.000
  1391.600  1395.500  1401.700  1460.000  1372.200  1433.700  2417.800  4768.400  4870.900  5062.700  5346.800     0.000
  1409.700  1400.300  1452.900  1392.400  1457.100  1389.400  2445.900  4707.000  4886.000  4988.400  5383.000     0.000
  1385.200  1398.400  1402.800  1474.600  1399.300  1440.000  2487.500  4934.700  5078.400  5117.000  5448.100     0.000
  1340.300  1336.200  1404.600  1384.300  1369.200  1392.600  2423.100  4888.600  4981.700  5078.400  5398.200     0.000
  1358.200  1351.100  1342.000  1407.300  1327.300  1382.100  2443.700  5145.000  5253.900  5367.500  4411.300     0.000
  1408.200  1414.600  1464.800  1376.900  1432.000  1375.600  2505.200  5002.900  5178.900  5271.500  4337.800     0.000
  1399.500  1389.900  1401.800  1465.800  1384.600  1441.700  2581.700  5328.400  5474.200  5546.800     0.000     0.000
  1373.000  1367.700  1444.200  1374.300  1415.200  1356.500  2552.200  5231.400  5372.000  5480.800     0.000     0.000
  1407.700  1404.500  1390.800  1454.900  1372.100  1437.900  2630.200  5500.400  5614.500  3198.200  3269.500     0.000
  1405.900  1394.500  1453.900  1388.100  1437.900  1382.800  2634.800  5467.700  5614.500  3214.100  3248.900     0.000
  1390.700  1407.800  1407.300  1471.400  1397.800  1439.200  2721.900  5656.200  2079.600  5132.000  1562.200     0.000
  1404.900  1405.400  1464.100  1401.100  1429.700  1388.800  2704.800  5620.300  2024.100  4987.900  1615.600     0.000
  1414.000  1410.200  1387.900  1466.700  1380.900  1456.900  2836.300  3069.400  4772.800  4306.500     0.000     0.000
  1347.000  1349.600  1393.500  1325.200  1389.700  1326.500  2777.900  3037.200  4586.500  4310.500     0.000     0.000
  1435.300  1440.900  1459.300  1497.000  1410.300  1501.600  2655.100  1895.100  4095.600  5162.900  2987.900     0.000
  1337.500  1355.100  1403.200  1346.000  1384.300  1329.400  2551.300  2386.800  3713.100  4920.100  3060.100     0.000
  1438.600  1397.400  1364.300  1466.500  5574.900  3372.800  2277.900  4600.000  5104.200     0.000     0.000     0.000
  1371.500  1325.800  1397.400  1315.600  6299.300  4263.400  2005.300  4200.300  4917.600     0.000     0.000     0.000
  1460.900  1482.500  1440.300  1538.900  1459.400  1450.300  2480.100  4980.200  5155.400  5144.100  4912.300     0.000
  1590.400  1443.100  1461.900  1534.100  1506.400  1383.500  2442.900  5104.900  5235.900  5178.200  4969.600     0.000
  1405.200  1425.300  1487.500  1475.600  1406.100  1457.500  2415.700  5138.500  5149.700  5144.100  4990.800     0.000
  1471.600  1488.100  1540.500  1553.500  1536.300  1457.000  2473.400  5212.700  5218.500  5172.500  5001.500     0.000
  1461.400  1446.700  1489.200  1477.900  1423.200  1505.200  2464.100  5100.700  5258.300  5252.500  5100.700     0.000
  1525.200  1612.800  1651.900  1496.700  1572.800  1566.200  2668.200  5241.000  5364.800  5334.800  5128.100     0.000
  1435.600  1436.000  1449.100  1519.000  1431.900  1478.300  2457.600  5269.900  5305.100  5281.600  5128.100     0.000
  1489.200  1463.300  1478.800  1484.700  1461.900  1431.900  2484.000  5293.400  5413.600  5352.800  5128.100     0.000
  1416.300  1496.900  1398.700  1556.800  1502.500  1381.600  2614.200  5320.300  5513.000  5461.900  5168.700     0.000
  1405.000  1496.900  1549.200  1469.100  1508.600  1470.000  2590.600  5237.600  5443.100  5468.300  5208.700     0.000
  1369.100  1425.400  1421.700  1462.300  1389.400  1449.800  2536.300  5500.100  5658.300  5551.900  4085.400     0.000
  1469.100  1442.700  1465.700  1569.500  1488.400  1424.000  2580.400  5591.300  5638.000  5604.600  4143.200     0.000
  1419.200  1470.600  1470.600  1499.200  1449.800  1468.100  2650.700  5688.100  5854.500  5854.500     0.000     0.000
  1438.600  1482.700  1553.700  1488.900  1531.700  1454.700  2679.200  5688.100  5876.900  5824.800     0.000     0.000
  1408.400  1441.100  1434.300  1506.600  1450.800  1439.100  2711.600  5922.200  6022.800  3473.900  3206.500     0.000
  1468.100  1467.600  1516.600  1433.400  1482.200  1448.800  2700.200  6014.900  6038.600  3481.900  3180.200     0.000
  1431.600  1412.900  1454.700  1457.800  1386.300  1450.600  2738.100  6101.600  2405.900  4868.800  1502.100     0.000
  1462.900  1419.800  1459.900  1510.400  1449.100  1380.800  2738.100  6169.500  2344.100  5016.500  1537.200     0.000
  1432.500  1488.200  1421.700  1529.300  1449.100  1375.700  2893.900  3513.900  4447.600  4216.000     0.000     0.000
  1407.200  1412.000  1441.000  1513.100  1478.600  1367.900  2842.600  3497.000  4645.400  4221.700     0.000     0.000
  1460.800  1449.800  1358.000  1495.500  1418.400  1467.000  2658.200  2293.900  3565.200  4826.400  2968.400     0.000
  1392.100  1557.000  1591.800  1511.200  1461.200  1500.100  2752.700  1865.000  3993.200  5100.700  2903.200     0.000
  1474.300  1418.400  1476.200  1498.100  6266.900  4200.900  1952.900  4132.400  4863.800     0.000     0.000     0.000
  1442.800  1384.300  1442.300  1382.600  5470.100  3223.200  2195.600  4445.500  5024.600     0.000     0.000     0.000
  1575.300  1580.400  1574.700  1643.600  1576.400  1614.900  2575.000  4651.000  4853.500  4919.700  5419.600     0.000
  1548.300  1548.800  1613.100  1560.300  1587.700  1538.000  2556.300  4623.500  4858.500  4909.400  5463.700     0.000
  1607.900  1588.900  1612.000  1640.000  1566.400  1643.000  2563.400  4745.300  4909.400  4982.500  5394.800     0.000
  1650.900  1646.000  1712.500  1643.600  1695.000  1644.200  2632.800  4755.000  4924.900  5009.100  5394.800     0.000
  1652.400  1642.200  1660.900  1700.300  1645.800  1682.600  2688.500  4869.200  5120.600  5098.600  5517.400     0.000
  1604.200  1601.300  1672.600  1605.300  1638.600  1596.800  2668.500  4929.800  5153.800  5131.600  5621.300     0.000
  1575.000  1618.600  1567.800  1626.200  1576.100  1626.200  2615.900  4819.900  5023.400  5170.500  5575.400     0.000
  1656.000  1638.600  1688.800  1641.600  1680.700  1629.700  2701.000  4904.400  5098.600  5244.500  5621.300     0.000
  1535.100  1530.300  1536.200  1594.600  1517.800  1561.000  2619.300  5124.900  5233.000  5268.000  5666.300     0.000
  1552.300  1555.000  1619.500  1555.000  1588.300  1542.000  2660.200  4963.000  5124.900  5175.500  5625.900     0.000
  1534.000  1544.700  1535.600  1601.500  1533.000  1582.700  2643.400  5141.700  5345.600  5406.900  4635.400     0.000
  1596.300  1611.900  1669.200  1575.900  1651.300  1601.500  2711.900  5124.900  5413.100  5463.200  4519.500     0.000
  1567.600  1563.600  1565.900  1639.800  1560.800  1623.300  2764.300  5425.100  5623.900  5728.800     0.000     0.000
  1487.200  1495.500  1547.400  1483.200  1522.400  1477.100  2681.800  5380.700  5529.400  5589.800     0.000     0.000
  1613.000  1621.400  1592.900  1660.400  1598.800  1645.400  2861.000  5576.300  5764.600  3321.800  3243.600     0.000
  1495.000  1524.500  1567.000  1475.500  1538.100  1484.700  2747.400  5556.100  5735.900  3276.200  3233.400     0.000
  1542.900  1517.000  1539.500  1590.600  1531.000  1572.600  2851.900  5821.200  2312.400  5135.400  1566.800     0.000
  1519.800  1547.500  1588.800  1531.500  1563.200  1523.100  2869.000  5708.600  2226.900  4892.600  1602.700     0.000
  1599.200  1624.700  1603.500  1662.100  1599.800  1658.800  3055.000  3192.000  4780.700  4261.900     0.000     0.000
  1609.000  1607.200  1650.300  1595.500  1649.000  1578.600  3072.300  3199.000  4490.500  4263.900     0.000     0.000
  1556.400  1575.000  1550.000  1608.300  1548.900  1611.200  2785.900  1833.900  3994.600  5004.400  2917.500     0.000
  1548.400  1590.100  1615.800  1544.100  1620.500  1550.000  2792.600  2285.500  3632.500  4884.900  3000.900     0.000
  1670.400  1619.300  1602.600  1690.400  5529.800  3356.100  2232.900  4551.400  5099.200     0.000     0.000     0.000
  1471.400  1424.800  1493.600  1406.400  6184.800  4287.300  2013.100  4193.300  4913.000     0.000     0.000     0.000
  1613.800  1587.700  1594.600  1655.300  1572.500  1634.600  2598.100  5252.300  5372.600  5281.900  5114.900     0.000
  1660.200  1681.600  1712.000  1656.500  1634.600  1629.200  2683.400  5228.900  5453.700  5391.100  5032.500     0.000
  1682.200  1549.400  1542.900  1603.800  1523.700  1689.300  2533.200  5223.100  5299.800  5252.300  5165.600     0.000
  1659.000  1687.300  1729.300  1702.200  1662.700  1649.200  2667.700  5342.000  5384.900  5378.700  5240.600     0.000
  1576.100  1586.100  1592.900  1648.200  1575.500  1596.200  2620.000  5264.100  5488.300  5444.500  5293.400     0.000
  1670.800  1648.200  1719.800  1651.900  1675.200  1632.700  2708.600  5370.900  5591.200  5597.800  5407.400     0.000
  1660.400  1606.500  1592.900  1653.100  1572.200  1666.500  2645.400  5501.000  5520.100  5520.100  5293.400     0.000
  1663.400  1661.000  1715.900  1654.300  1657.300  1650.000  2721.300  5507.300  5591.200  5610.900  5340.800     0.000
  1610.900  1620.300  1629.700  1683.200  1598.800  1636.900  2711.500  5397.000  5689.400  5655.300  5428.000     0.000
  1551.400  1652.700  1690.200  1639.300  1561.700  1602.800  2719.500  5446.700  5662.100  5641.800  5247.000     0.000
  1620.300  1645.400  1623.200  1675.000  1596.500  1640.500  2770.200  5696.200  5887.700  5858.500  4259.000     0.000
  1644.100  1561.700  1612.600  1542.200  1645.400  1538.500  2681.500  5751.700  5851.300  5858.500  4286.300     0.000
  1571.600  1582.500  1580.700  1631.200  1559.700  1602.900  2786.300  5826.200  6103.900  6000.700     0.000     0.000
  1590.000  1619.700  1684.900  1625.700  1606.500  1595.900  2830.200  5863.300  6120.100  6040.000     0.000     0.000
  1515.400  1597.600  1584.800  1659.200  1575.000  1551.800  2855.300  6112.000  6236.000  3680.300  3371.000     0.000
  1644.200  1616.700  1666.900  1596.400  1664.300  1580.700  2873.600  6079.800  6227.500  3656.600  3352.700     0.000
  1567.100  1565.300  1553.100  1621.900  1545.000  1616.900  2892.700  6231.600  2603.200  5147.900  1789.700     0.000
  1619.400  1542.100  1598.900  1550.800  1643.000  1515.700  2877.300  6222.900  2535.800  5301.200  1693.700     0.000
  1565.300  1627.000  1604.500  1663.900  1577.200  1590.400  3060.100  3655.900  4682.100  4401.400     0.000     0.000
  1638.400  1616.300  1679.900  1616.900  1666.500  1591.000  3057.900  3643.700  4891.400  4424.200     0.000     0.000
  1658.100  1621.600  1606.000  1672.200  1597.400  1712.800  2845.500  2409.100  3846.500  4971.400  3256.400     0.000
  1661.100  1582.800  1641.800  1582.800  1701.200  1553.200  2807.800  2097.200  4290.700  5337.200  3240.500     0.000
  1587.800  1640.000  1619.900  1709.000  6351.500  4424.200  2187.500  4332.300  4947.900     0.000     0.000     0.000
  1631.000  1542.500  1620.500  1523.100  5623.200  3469.000  2428.900  4689.100  5207.600     0.000     0.000     0.000
  1926.600  1949.200  1823.300  1980.900  1894.900  1987.100  2938.900  4955.000  5185.100  5231.300  5605.800     0.000
  1915.100  1916.800  1965.400  1875.100  1945.000  1889.400  2916.600  4862.500  5145.300  5185.100  5653.000     0.000
  1977.500  2015.500  1875.100  1969.700  1903.000  2030.900  2982.700  5062.000  5248.800  5308.200  5813.600     0.000
  1906.200  1911.100  1922.500  1805.600  1960.200  1839.000  2894.500  4970.800  5208.100  5284.300  5792.200     0.000
  1860.800  1866.200  1873.800  1916.400  1860.100  1912.400  2882.800  5178.300  5469.400  5444.500  5858.700     0.000
  1922.100  1932.600  2041.400  1868.500  1985.600  1968.500  2988.000  5223.700  5413.600  5407.400  5902.200     0.000
  1954.100  1980.400  1903.600  1971.900  1895.700  1999.500  2993.700  5178.300  5438.300  5488.300  5752.900     0.000
  1918.000  1921.200  1971.900  1790.400  1966.800  1896.500  2952.100  5183.900  5305.100  5507.300  5880.400     0.000
  1888.700  1908.700  1935.700  1913.500  1846.900  1935.700  3003.600  5359.000  5560.900  5613.800  5879.000     0.000
  1791.700  1803.200  1936.500  1889.500  1840.100  1862.200  2889.200  5275.100  5509.000  5483.500  5864.400     0.000
  1919.200  1896.600  1878.500  1985.000  1911.900  1938.200  3051.100  5389.600  5708.700  5722.500  4816.800     0.000
  1917.600  1927.400  1907.100  1871.500  1970.300  1831.900  3053.100  5433.000  5660.800  5757.400  4871.700     0.000
  1844.800  1874.000  1879.600  1995.600  1899.100  1930.800  3061.600  5679.800  5913.200  6053.000     0.000     0.000
  1824.100  1846.400  1972.300  1855.800  1895.000  1873.200  3047.100  5672.800  5875.500  5853.100     0.000     0.000
  1784.700  1800.100  1873.200  2008.300  1915.700  1847.200  3047.100  5830.900  6207.900  3675.600  3372.200     0.000
  1914.800  1914.000  1874.800  1846.400  1946.200  1783.200  3166.900  5868.000  6077.000  3554.700  3401.800     0.000
  1843.300  1845.700  2020.200  1991.800  1917.800  1887.800  3161.000  6041.900  2609.800  5326.300  1736.800     0.000
  1853.800  1856.300  1870.300  1856.300  1853.800  1773.400  3195.900  5952.700  2539.000  5165.900  1751.400     0.000
  1833.700  1851.400  1946.000  1869.400  1787.000  1874.400  3248.400  3579.300  4985.500  4422.700     0.000     0.000
  1876.900  1881.900  1843.300  1832.900  1927.400  1785.500  3340.700  3468.300  4758.600  4454.200     0.000     0.000
  1967.900  1969.600  1904.500  1989.300  1909.300  2010.300  3193.200  2084.400  4208.400  5252.200  3171.800     0.000
  1926.300  1930.400  1952.700  1872.400  1971.300  1855.600  3141.700  2484.700  3885.200  5093.300  3204.700     0.000
  1868.500  1813.300  1868.500  2071.300  5747.800  3516.200  2410.200  4673.500  5237.600     0.000     0.000     0.000
  1880.100  1825.700  1864.700  1919.000  6400.900  4546.900  2235.000  4408.100  5046.900     0.000     0.000     0.000
  1783.500  1831.700  1838.500  1911.400  1756.800  1858.300  2777.000  5262.900  5503.500  5414.700  5210.300     0.000
  1869.900  1875.400  1948.700  1877.800  1907.300  1818.300  2950.100  5396.000  5484.300  5529.500  5257.000     0.000
  1808.000  1914.600  1858.300  1983.100  1816.100  1922.000  2840.700  5446.100  5497.100  5477.900  5371.300     0.000
  1780.600  1898.400  1933.600  1825.700  1967.400  1783.500  2896.200  5510.000  5582.000  5588.700  5310.600     0.000
  1808.400  1801.200  1784.200  1871.700  1794.800  1910.200  2856.600  5432.200  5691.600  5684.800  5426.000     0.000
  1842.900  1882.500  1940.300  1935.300  1922.300  1832.400  2902.900  5552.400  5767.300  5718.900  5457.100     0.000
  1839.100  1888.000  1847.400  1945.300  1828.000  1877.100  2863.700  5546.000  5631.100  5651.100  5463.300     0.000
  1810.500  1883.300  1919.000  1845.100  1904.600  1763.300  2888.500  5578.400  5691.600  5624.500  5438.400     0.000
  1829.000  1846.300  1789.600  1891.300  1817.900  1795.400  2829.200  5627.500  5938.800  5887.000  5541.600     0.000
  1890.500  1765.000  1827.500  1831.200  1859.200  1832.700  2920.500  5567.700  5894.300  5771.900  5561.200     0.000
  1812.800  1863.100  1809.100  1904.900  1803.300  1853.900  2905.800  5807.400  6006.700  5901.700  4409.300     0.000
  1865.400  1891.300  1930.900  1801.900  2050.000  1849.300  2937.300  5909.100  6060.600  5976.300  4451.100     0.000
  1784.700  1786.900  1821.100  1838.600  1789.800  1882.800  3012.500  5990.100  6199.500  6174.600     0.000     0.000
  1828.700  1800.800  1848.700  1825.600  1881.200  1814.300  2992.500  6021.400  6233.100  6109.200     0.000     0.000
  1820.300  1703.900  1861.300  1757.400  1760.900  1851.100  3034.800  6224.600  6388.400  3779.500  3563.000     0.000
  1840.200  1854.200  1917.300  1760.900  1886.100  1809.800  3057.500  6309.800  6388.400  3840.100  3558.900     0.000
  1949.400  1794.400  1861.400  1855.300  1946.900  1890.400  3147.700  6485.700  2682.000  5294.100  1850.700     0.000
  1822.100  1844.600  1892.000  1776.600  1938.500  1772.300  3224.500  6503.600  2749.500  5465.700  1919.700     0.000
  1899.200  1795.100  1743.300  1839.300  1850.700  1865.300  3226.800  3866.400  4923.700  4598.900     0.000     0.000
  1843.800  1888.800  1931.000  1773.800  1971.600  1799.400  3372.500  3837.700  5113.300  4617.000     0.000     0.000
  1814.600  1893.300  1838.200  1944.300  1812.500  1742.700  2907.500  2613.000  3987.200  5180.700  3428.000     0.000
  1819.000  1894.100  1929.500  1839.700  1925.400  1793.100  3078.200  2188.300  4384.400  5516.700  3390.500     0.000
  1858.500  1740.700  1905.200  1810.300  6587.600  4651.200  2307.300  4504.200  5288.100     0.000     0.000     0.000
  1947.600  1781.100  1853.200  1705.800  5793.900  3700.100  2533.800  4776.400  5529.600     0.000     0.000     0.000
  1939.600  1861.600  1871.700  1922.100  1944.600  1925.400  2958.500  4940.500  5140.800  5215.100  5667.900     0.000
  1945.400  1878.700  1940.400  1912.300  1942.100  1926.300  2915.400  4899.200  5124.000  5186.200  5702.200     0.000
  1940.400  1938.700  1923.000  1995.400  1922.100  1986.600  2977.600  5046.800  5174.800  5291.500  5695.300     0.000
  1876.400  1838.700  1883.500  1802.400  1891.400  1866.200  2917.200  4971.900  5220.900  5303.400  5674.700     0.000
  1880.700  1898.800  1922.800  1956.600  1883.100  1956.600  2906.700  5136.900  5386.700  5405.000  5799.200     0.000
  2010.000  1898.000  1967.600  1902.700  1955.800  2018.800  2998.100  5227.100  5411.100  5429.600  5885.000     0.000
  1957.400  1956.600  1954.900  2010.900  1934.200  2001.200  3019.400  5176.000  5215.700  5442.000  5771.200     0.000
  1941.600  1874.500  1901.900  1844.100  1902.700  1909.900  3005.800  5215.700  5374.500  5524.000  5870.500     0.000
  1896.900  1936.000  1941.000  2001.100  1886.600  1985.300  3029.100  5361.400  5603.300  5576.800  5919.200     0.000
  1906.500  1923.600  2015.400  1945.200  1965.500  1886.600  2916.300  5307.100  5404.400  5486.100  5934.000     0.000
  1935.200  1967.200  1946.000  2015.400  1957.800  1987.900  3045.000  5404.400  5670.600  5711.700  4803.700     0.000
  1881.100  1934.300  1982.700  1920.300  1983.600  1874.000  3069.200  5398.200  5670.600  5767.500  4823.400     0.000
  1922.400  1924.900  1940.200  1996.500  1920.700  1977.700  3086.700  5700.900  5890.500  6037.200     0.000     0.000
  1885.200  1888.500  1944.500  1895.800  1935.100  1899.900  3055.400  5693.800  5816.100  5974.600     0.000     0.000
  1967.900  1921.500  1922.400  1974.100  1982.100  1975.900  3063.700  5816.100  6053.000  3666.700  3520.100     0.000
  1834.800  1904.000  1965.300  1891.700  1944.500  1819.500  3202.800  5890.500  6037.200  3622.800  3571.400     0.000
  1974.000  2100.900  2097.900  2165.200  1975.800  2148.800  3244.200  6102.600  2637.900  5382.900  1916.800     0.000
  1830.100  1902.200  1948.400  1900.600  1938.300  1822.600  3219.300  6047.800  2532.800  5274.400  1913.500     0.000
  1863.600  2023.700  1989.700  2072.900  1838.300  2055.000  3335.400  3616.400  5119.700  4621.500     0.000     0.000
  1847.400  1923.400  1952.600  1883.100  1939.200  1821.900  3406.600  3531.100  4913.900  4612.500     0.000     0.000
  1964.000  1941.400  1942.200  1989.700  1940.500  1985.300  3204.100  2212.600  4371.800  5495.800  3414.100     0.000
  1916.000  1905.600  1964.000  1912.000  1932.300  1892.100  3167.200  2698.000  4057.400  5292.200  3404.100     0.000
  2077.400  1910.400  1929.800  1991.400  5926.900  3662.600  2611.400  4896.000  5563.800     0.000     0.000     0.000
  1861.900  1975.000  2047.700  1966.500  6591.700  4569.800  2316.700  4581.000  5298.200     0.000     0.000     0.000
  2032.300  2046.100  2043.300  2109.200  2045.200  2092.600  3019.800  5529.500  5717.800  5781.100  5446.100     0.000
  2062.000  2076.200  2141.200  2096.500  2096.500  2057.300  3064.000  5655.900  5752.800  5717.800  5446.100     0.000
  1947.800  1949.500  1939.400  2008.700  1947.000  1992.700  3002.000  5635.600  5690.200  5615.400  5497.100     0.000
  1983.900  2000.700  2046.100  1981.300  2054.500  2001.600  3006.000  5635.600  5710.900  5781.100  5490.700     0.000
  1995.900  2012.600  1989.900  2033.200  2007.300  2059.700  2977.100  5504.900  5785.200  5892.200  5628.300     0.000
  2078.400  2092.700  2107.100  2086.000  2097.400  2049.600  3183.800  5736.500  5820.400  5936.200  5709.100     0.000
  1915.500  1933.400  1900.300  1983.800  1912.300  1961.600  3060.900  5785.200  5771.200  5936.200  5654.900     0.000
  2167.800  2179.100  2220.100  2155.600  2195.700  2150.500  3107.700  5885.000  5943.600  5921.500  5681.900     0.000
  1970.200  1976.200  1978.800  2033.000  1960.000  2017.600  3057.800  5811.300  6018.400  5980.400  5818.500     0.000
  1949.800  1967.600  2010.500  1949.000  1980.600  1931.500  3130.100  5847.300  6018.400  6080.300  5740.800     0.000
  1976.200  2020.300  1979.700  2087.300  2013.200  2076.800  3168.600  6003.100  6026.100  6135.500  4616.100     0.000
  2017.600  2049.600  2099.900  1992.800  2072.100  1995.400  3128.000  6135.500  6111.700  6143.400  4699.200     0.000
  1910.300  1931.300  1925.400  1991.500  1927.900  1968.400  3240.300  6167.800  6425.500  6389.900     0.000     0.000
  1951.800  2013.400  2049.800  2006.900  2007.900  1964.900  3231.000  6251.400  6346.000  6416.600     0.000     0.000
  2002.400  2026.300  2005.100  2074.900  2001.500  2057.500  3318.700  6461.500  6525.400  4089.200  3723.700     0.000
  1971.000  1981.700  2031.900  1954.400  2012.400  1950.100  3244.900  6443.400  6590.600  3992.500  3731.100     0.000
  2030.100  2053.200  1997.800  2058.800  2001.300  2079.600  3404.700  6706.700  2931.700  5447.500  2091.200     0.000
  2021.900  1989.000  2081.500  1994.200  2040.200  1969.000  3307.500  6659.400  2963.800  5612.800  2094.100     0.000
  2019.200  2049.500  2041.100  2084.400  2004.000  2061.600  3379.900  4026.700  5116.300  4766.400     0.000     0.000
  1929.300  1946.900  1988.100  1913.700  1980.200  1906.400  3427.300  3978.600  5291.600  4702.000     0.000     0.000
  1975.200  2011.700  1985.500  2037.700  1983.800  2035.900  3262.100  2787.500  4212.100  5348.700  3522.300     0.000
  1979.500  1975.200  2058.800  1963.300  2020.600  1935.800  3237.300  2377.300  4549.400  5690.600  3475.000     0.000
  1996.800  1954.000  1939.900  2016.100  6760.200  4768.800  9999.000  4680.900  5419.400     0.000     0.000     0.000
  1940.700  1901.900  1962.400  1877.500  5963.700  3704.400  9999.000  4962.600  5514.400     0.000     0.000     0.000
  2124.100  2126.100  2138.100  2184.600  2104.300  2175.200  3122.100  5075.000  5286.600  5346.900  5738.800     0.000
  2094.500  2104.300  2174.100  2141.200  2131.100  2059.200  3128.400  5053.100  5322.600  5328.700  5669.600     0.000
  2017.700  2026.800  2034.100  2077.200  2004.200  2054.500  3002.000  5216.100  5346.900  5427.200  5802.500     0.000
  2013.200  2042.400  2085.800  2021.300  2047.000  2006.900  3021.700  5187.300  5353.000  5433.500  5824.100     0.000
  2092.700  2057.000  2071.800  2124.600  2054.200  2142.500  3089.200  5285.100  5530.400  5556.200  6041.200     0.000
  2079.400  2103.200  2154.600  2108.000  2142.500  2117.800  3151.600  5374.500  5569.100  5543.200  6003.300     0.000
  1978.600  2005.600  2005.600  2051.400  1980.400  2036.800  3037.100  5302.800  5442.000  5615.000  5973.300     0.000
  2222.300  2249.400  2268.200  2226.600  2261.500  2196.800  3272.700  5362.400  5562.600  5675.100  6064.200     0.000
  2076.300  2068.800  2081.100  2137.900  2060.300  2105.200  3165.700  5537.600  5684.200  5746.400  6086.700     0.000
  1993.200  1993.200  2051.900  2003.800  2026.200  1961.200  3069.200  5416.800  5616.600  5616.600  6118.200     0.000
  2077.300  2083.000  2071.600  2168.500  2063.100  2138.900  3196.300  5583.400  5795.800  5860.500  5122.600     0.000
  2062.200  2096.500  2137.900  2056.600  2098.400  2065.000  3207.300  5643.500  5919.200  5897.000  5100.400     0.000
  2005.200  2014.300  2011.600  2073.900  1991.600  2047.900  3216.400  5932.600  6121.600  6212.200     0.000     0.000
  2023.500  2034.700  2106.500  2008.800  2034.700  1997.900  3225.600  5776.400  5994.300  5963.300     0.000     0.000
  2098.500  2108.500  2097.500  2162.000  2091.500  2160.900  3357.200  6049.300  6187.200  3836.300  3750.200     0.000
  2009.700  2010.600  2060.400  1993.400  2035.700  1974.600  3265.200  5955.500  6229.000  3720.300  3730.700     0.000
  2128.000  2143.100  2108.200  2161.500  2123.000  2151.300  3475.300  6396.400  2818.000  5718.600  2124.400     0.000
  2065.800  2068.700  2089.700  2074.400  2112.100  2051.800  3393.900  6319.400  2773.800  5537.600  2131.900     0.000
  2111.200  2157.400  2107.200  2186.500  2086.800  2156.400  3588.200  3783.800  5352.300  4731.200     0.000     0.000
  1981.500  1984.100  2022.400  1969.400  2028.700  1948.900  3424.000  3768.500  5204.600  4769.600     0.000     0.000
  2088.800  2086.900  2089.800  2159.700  2078.400  2149.600  3299.000  2376.500  4603.800  5438.700  3482.500     0.000
  2039.400  2067.100  2094.600  2048.600  2056.900  2008.900  3257.700  2896.200  4284.300  5413.700  3553.000     0.000
  2083.100  2040.400  2052.300  2153.600  6142.000  3882.700  2717.800  5103.200  5583.400     0.000     0.000     0.000
  1992.300  1952.200  2025.000  1928.200  6808.500  4821.000  2531.500  4731.200  5340.200     0.000     0.000     0.000
