     0.000     0.000     0.000     0.000     0.000     0.000  5077.900  5568.700  5805.800  2440.000  3392.100  4444.000
     0.000     0.000     0.000     0.000     0.000     0.000  4581.200  5196.000  4826.800  1950.200  3868.700  4615.100
     0.000     0.000     0.000  2283.800  2381.300  2748.700  4213.400  4717.400  5198.800  6130.900  2077.400  3785.200
     0.000     0.000     0.000  2372.000  2244.300  3870.300  3824.100  4232.500  4905.200  5439.700  1784.900  4198.200
  1629.800  2288.200  2517.600  2686.800  2437.900  2766.300  3543.500  3660.600  4044.400  4531.800  4817.800  5588.600
  1802.200  2041.100  2719.400  2445.900  2561.600  2359.200  5423.900  3313.000  3660.600  3944.600  4390.500  5280.600
  1743.300  2172.900  2457.300  2532.600  2312.000  2396.000  3259.300  2841.500  3444.000  3818.900  4121.100  5317.300
  2285.900  1711.200  2502.800  2340.000  2451.900  2233.000  4787.600  2534.700  3096.300  3514.700  3732.700  4663.400
  1735.500  2201.500  2280.000  2455.700  2295.900  2378.700  2957.000  1982.500  2464.200  3874.300  3593.800  4320.200
  2163.700  1838.600  2419.100  2285.100  2388.500  2209.900  4452.100  2924.600  2162.100  3326.800  3298.700  3997.300
  1720.700  2063.900  2233.000  2310.800  2229.800  2192.000  2819.500  3480.800  1921.200     0.000  3060.600  3724.500
  2004.300  1722.000  2323.000  2184.800  2300.400  2130.600  4122.700  4892.400  2756.900     0.000  2708.000  3339.800
  1719.100  2026.000  2141.600  2262.800  2160.000  2208.900  2682.200  3579.900  3476.600  1923.900     0.000  3169.600
  1946.000  1699.100  2221.300  2140.100  2214.300  2097.900  3799.300  4199.700  4744.800  2853.800     0.000  2778.000
  1730.400  2012.000  2136.100  2235.000  2097.000  2174.000  2664.300  3352.200  3500.200  3396.400  2210.500  2397.500
  1867.600  1653.100  2219.200  2056.400  2161.500  2039.700  3600.700  3964.200  4237.800  4632.300  3227.200  2079.100
  1644.200  1953.200  2089.400  2083.300  2146.400  2115.600  2390.200  3071.200  3124.900  3189.000  3108.500  1595.900
  1899.700  1672.900  2121.900  2015.800  2149.400  2020.200  3536.800  4105.700  4371.700  4673.900  4986.500  2077.700
  1615.400  1719.400  2001.400  2045.600  2058.800  2037.900  2570.500  3381.000  3621.500  3693.100  3774.900  4019.500
  1712.000  1754.000  2089.400  1977.800  2147.900  1946.200  3055.300  4017.800  4192.000  4436.400  4658.100  2149.900
  1660.400  1667.200  2056.200  2059.500  1997.000  2070.800  2585.500  3604.800  3533.400  3628.700  3757.900  3313.500
  1723.300  1737.800  2073.600  2090.400  2077.000  1940.200  2854.200  3651.600  3648.700  3753.300  3888.200  3650.100
  1653.900  1662.900  2004.600  2078.400  2044.100  2074.100  2559.400  3648.700  3546.900  3442.900  3557.800  3154.100
  1755.900  1759.300  2050.100  2010.800  2099.200  2028.900  2774.000  3721.800  3650.100  3560.500  3727.700  3220.100
  1660.600  1667.900  1991.600  1989.300  2049.800  2047.000  2500.900  3344.800  3558.600  3378.400  3421.800  2973.900
  1753.700  1731.100  2032.900  1958.400  2046.500  1923.300  2681.300  3564.200  3656.000  3482.200  3511.800  3103.800
  1642.400  1678.500  1967.600  1994.300  1956.200  2024.900  2471.800  3254.600  3408.900  3462.300  3398.700  2882.500
  1682.400  1705.400  2007.400  2013.900  1990.700  1958.400  2627.100  3447.800  3547.500  3535.100  3464.900  2918.000
  1663.700  1669.200  2194.700     0.000     0.000     0.000  2494.800  3107.400  3298.700  3383.100  3373.400  2864.500
  1696.800  1705.800  2222.200     0.000     0.000     0.000  2612.100  3459.000  3480.800  3558.500  3513.300  2931.100
  1734.500  1725.300  2129.100     0.000     0.000     0.000  2483.400  3076.700  3150.200  3214.000  3254.100  2844.400
  1690.800  1702.200  2209.400     0.000     0.000     0.000  2553.200  3322.100  3364.900  3402.700  3416.300  2892.900
  1716.100  1703.600  2136.500     0.000     0.000     0.000  2489.200  2963.000  3061.200  3123.300  3149.900  2753.900
  1695.500  1707.200  2192.300     0.000     0.000     0.000  2505.600  3277.000  3321.600  3338.400  3350.400  2828.400
  1679.900  1677.000  2090.700     0.000     0.000     0.000  2440.100  2941.200  2936.500  2997.600  3020.200  2646.700
  1634.000  1774.300  2153.300     0.000     0.000     0.000  2482.500  3217.800  3246.000  3262.000  3292.100  2800.000
  1637.100  1645.000  2119.200     0.000     0.000     0.000  2439.000  2917.100  2909.000  2858.800  2924.400  2596.300
  1636.800  1629.700  2125.500     0.000     0.000     0.000  2455.000  3146.000  3158.600  3177.600  3196.900  2710.900
  1817.000  1720.600  2099.100     0.000     0.000     0.000  2412.000  2925.300  2922.500  2909.000  2864.900  2516.300
  1613.000  1634.700  2164.100     0.000     0.000     0.000  2449.900  3078.500  3101.700  3174.500  3166.000  2673.100
  1717.300  1721.500  2274.400  2667.100     0.000     0.000     0.000  3548.800  3645.000  3784.000  3831.700  3416.000
  1680.900  1723.500  2246.700  2633.900     0.000     0.000     0.000  3453.700  3492.200  3683.500  3722.800  3223.600
  1653.700  1633.100  2178.100  2521.500     0.000     0.000     0.000  3308.900  3345.400  3503.900  3593.500  3106.000
     0.000     0.000     0.000     0.000     0.000     0.000     0.000  2997.400  3041.300  3134.000  3186.300  2729.000
     0.000     0.000     0.000     0.000     0.000     0.000     0.000     0.000     0.000  3000.300  3030.500  2689.500
   190.000  2138.400   200.900  2157.700   201.800  1930.000   200.700  2077.300   231.300  1776.300   215.700  1711.500
     0.000     0.000     0.000     0.000     0.000     0.000     0.000     0.000     0.000     0.000     0.000     0.000
   192.400  1927.500   196.000  2046.400   221.100  1737.400   189.100  1601.700  1566.000  1465.600     0.000     0.000
     0.000     0.000     0.000     0.000     0.000     0.000  4650.000  5350.500  4957.600  2023.600  3921.300  4645.400
     0.000     0.000     0.000     0.000     0.000     0.000  5013.300  5700.900  5781.500  2427.900  3427.700  4425.500
     0.000     0.000     0.000  2282.400  2404.800  3951.200  3899.900  4339.200  4877.700  5562.700  1904.600  4219.600
     0.000     0.000     0.000  2416.900  2323.800  2870.100  4219.600  4739.400  5278.400  6228.800  2115.600  3840.400
  1826.600  2009.000  2475.700  2686.800  2412.800  2630.000  5392.100  3414.100  3779.300  4035.400  4547.600  5485.400
  1639.000  2281.200  2658.900  2502.100  2549.900  2464.800  3553.200  3589.700  4080.500  4433.000  4884.500  5752.800
  2197.600  1793.400  2351.100  2511.200  2309.000  2488.800  4800.200  2502.100  3244.100  3510.600  3835.000  4738.100
  1858.800  2192.800  2580.000  2366.700  2427.900  2312.600  3202.800  2936.000  3522.900  3780.800  4214.300  5338.900
  2073.200  1807.800  2297.600  2461.700  2278.900  2349.100  4506.100  3685.800  2193.100  3384.800  3420.500  4044.200
  1846.400  2118.800  2424.300  2336.000  2411.000  2261.500  3098.400  3700.200  2564.600  3892.600  3668.500  4355.000
  2035.900  1808.900  2321.300  2295.300  2196.800  2331.900  4109.300  5106.600  3423.000     0.000  2757.100  3400.700
  1744.800  2079.400  2339.600  2266.600  2327.200  2071.800  2878.900  4926.800  3278.400     0.000  3196.800  3810.900
  1990.900  1763.100  2177.900  2306.700  2124.800  2321.400  3840.400  4614.500  5043.800  3711.800     0.000  2868.400
  1715.300  2023.100  2260.800  2157.200  2246.900  2101.100  2713.400  4294.700  4850.900  3492.700     0.000  3180.900
  1983.900  1774.300  2134.800  2220.000  2105.500  2225.400  3630.600  4395.700  4605.500  4868.600  4045.400  2130.800
  1655.400  1958.500  2204.300  2120.800  2182.600  2079.400  2618.900  4075.500  4300.700  4612.300  3878.800  2467.100
  1956.800  1753.900  2065.600  2178.600  2067.000  2186.800  3649.000  4184.600  4342.000  4505.200  4701.600  2091.700
  1617.000  1972.700  2160.900  2027.700  2207.000  2054.200  2372.700  3710.100  3966.000  4210.400  4381.700  2079.100
  1760.600  1718.600  2003.500  2081.900  2037.500  2042.900  2972.400  3483.500  3604.900  3665.900  4084.600  3454.400
  1718.300  1711.300  2073.500  2032.600  2118.500  1974.000  2605.700  3502.700  3704.300  3974.200  4102.100  3564.400
  1729.300  1738.000  2017.800  2097.900  1954.400  2021.900  2850.700  3546.800  3527.900  3628.600  3866.900  3038.900
  1711.000  1728.600  2085.800  1975.400  2110.700  1959.500  2571.800  3600.400  3592.100  3613.000  3922.300  3494.700
  1653.800  1667.800  2064.400  2066.800  2005.700  2080.100  2756.700  3613.000  3536.000  3421.200  3513.200  3029.900
  1735.700  1719.900  2053.100  2049.900  2070.100  1993.700  2556.000  3667.200  3638.500  3482.900  3687.600  3215.600
  1681.200  1678.900  1999.300  2068.100  2049.900  1949.300  2687.600  3430.300  3569.300  3423.900  3435.500  2869.400
  1735.300  1726.100  2033.800  2002.900  2068.600  2018.500  2520.500  3522.200  3649.500  3448.600  3472.400  2952.200
  1686.400  1695.200  1927.600  2034.800  1937.300  2021.700  2606.300  3276.600  3407.200  3389.300  3427.800  2792.000
  1667.000  1690.600  2033.800  2016.600  2042.300  1944.200  2464.900  3311.300  3463.100  3541.400  3398.200  2922.500
  1676.800  1662.300  2166.500     0.000     0.000     0.000  2570.400  3263.500  3421.700  3365.300  3500.600  2836.100
  1688.400  1720.900  2198.600     0.000     0.000     0.000  2479.700  3291.000  3453.100  3522.900  3565.600  2734.500
  1739.100  1735.400  2126.400     0.000     0.000     0.000  2547.800  3174.100  3230.900  3211.000  3272.600  2824.900
  1682.800  1708.500  2167.000     0.000     0.000     0.000  2467.100  3156.900  3280.600  3324.800  3360.500  2812.100
  1720.400  1734.800  2131.000     0.000     0.000     0.000  2550.800  3083.900  3142.700  3153.400  3197.000  2743.100
  1687.900  1707.300  2179.200     0.000     0.000     0.000  2433.300  3128.900  3191.500  3248.700  3189.300  2685.300
  1674.500  1684.400  2142.600     0.000     0.000     0.000  2497.100  3038.300  3089.100  3035.300  3061.400  2725.200
  1747.700  1771.200  2178.100     0.000     0.000     0.000  2413.300  3053.300  3128.900  3072.700  3140.600  2666.600
  1646.700  1668.900  2129.400     0.000     0.000     0.000  2444.900  3027.000  3053.300  2984.900  3071.200  2591.600
  1636.000  1653.500  2130.900     0.000     0.000     0.000  2401.000  3004.800  3026.000  3046.500  3052.400  2644.900
  1627.300  1623.500  2125.000     0.000     0.000     0.000  2504.400  2950.400  2947.700  2924.900  2968.000  2518.600
  1615.700  1624.900  2112.000     0.000     0.000     0.000  2373.000  2986.800  2998.200  3070.200  3021.200  2560.500
  1707.700  1717.800  2278.800  2643.900     0.000     0.000     0.000  3558.600  3638.500  3863.900  3856.000  3330.200
  1728.600  1725.000  2213.600  2644.700     0.000     0.000     0.000  3445.100  3495.100  3687.000  3735.200  3204.800
  1641.500  1657.500  2141.300  2477.700     0.000     0.000     0.000  3407.600  3418.700  3533.200  3596.700  3055.100
     0.000     0.000     0.000     0.000     0.000     0.000     0.000  2996.300  3040.200  3291.600  3334.900  2758.500
     0.000     0.000     0.000     0.000     0.000     0.000     0.000     0.000     0.000  2878.000  2985.800  2552.200
  1537.000  2196.300  1474.500  2244.500  1818.300  2050.500  1691.000  1983.100  1551.100  1804.800  1456.500  1823.100
     0.000     0.000     0.000     0.000     0.000     0.000     0.000     0.000     0.000     0.000     0.000     0.000
  1942.000  1954.800  1894.200  1981.400  1661.100  1667.400  1527.300  1748.200  1551.500  1628.700     0.000     0.000
     0.000     0.000     0.000     0.000     0.000     0.000  5185.700  5857.400  5957.400  2599.600  3594.800  4771.700
     0.000     0.000     0.000     0.000     0.000     0.000  4803.500  5437.800  5003.300  2118.100  4059.000  4820.800
     0.000     0.000     0.000  2574.700  2665.400  3084.600  4418.100  4911.700  5363.300  6287.100  2242.200  4044.900
     0.000     0.000     0.000  2647.700  2477.000  4138.200  4043.100  4391.100  5065.500  5677.300  1980.600  4393.200
  1968.300  2602.600  2789.300  2865.600  2669.200  2875.700  3797.900  3846.000  4264.500  4628.700  5013.000  6050.200
  2081.500  2218.400  2911.000  2791.000  2811.100  2569.700  5706.000  3466.400  3868.800  4076.200  4566.500  5684.900
  2056.800  2488.300  2725.000  2759.300  2570.500  2623.100  3499.800  3037.400  3615.400  3962.900  4347.600  5558.000
  2431.500  2066.900  2716.800  2543.500  2745.000  2544.900  5133.400  2712.700  3409.100  3706.700  3898.600  4775.700
  2121.700  2504.500  2547.800  2704.100  2539.400  2631.500  3244.700  3258.200  2731.900  4054.000  3781.600  4539.200
  2300.800  2047.300  2758.600  2459.300  2618.900  2423.900  4686.900  3684.200  2335.700  3508.600  3524.400  4153.600
  2028.300  2363.800  2481.000  2580.300  2471.100  2445.600  3082.500  5184.600  3070.400     0.000  3286.700  3914.700
  2275.900  2010.500  2494.300  2485.000  2469.800  2362.600  4402.400  4999.600  3509.900     0.000  2871.500  3519.100
  1929.400  2233.800  2408.600  2521.600  2410.500  2469.200  2945.300  4681.700  5104.300  3158.800     0.000  3328.000
  2178.600  1929.000  2486.600  2372.300  2460.500  2303.900  4088.500  4651.500  5073.900  3671.400     0.000  2979.500
  1894.500  2161.500  2377.900  2485.300  2322.700  2416.300  2895.300  4313.000  4594.500  4784.400  3432.700  2579.100
  2193.300  1881.400  2400.400  2334.100  2385.300  2274.600  3861.700  4309.100  4563.200  4717.000  4088.500  2312.700
  1865.500  2176.300  2346.800  2310.800  2412.200  2356.900  2657.000  3858.200  4124.600  4243.500  4369.300  1935.300
  2142.700  1920.800  2382.100  2265.900  2317.100  2226.900  3810.500  4042.700  4180.500  4399.300  4467.000  2165.200
  1927.200  1988.600  2266.400  2292.600  2248.900  2279.200  2829.500  3533.500  3778.800  3888.100  3905.600  3052.700
  2128.000  1981.000  2374.900  2185.500  2373.600  2172.300  3301.500  3711.100  3743.200  3881.800  4144.300  3585.400
  1991.100  1970.600  2225.200  2289.200  2152.800  2304.800  2793.800  3660.600  3716.200  3720.700  3929.700  3417.900
  1905.900  1928.800  2323.700  2323.100  2278.300  2162.100  3067.500  3743.200  3667.800  3700.000  3944.700  3447.100
  1968.900  1958.200  2253.400  2304.300  2243.400  2301.300  2778.600  3725.200  3732.700  3555.500  3642.000  3199.300
  1922.200  1957.300  2301.300  2247.300  2332.600  2251.200  2999.600  3741.700  3666.400  3609.400  3726.700  3257.900
  1947.200  1866.700  2152.000  2218.100  2178.900  2284.200  2748.000  3573.700  3797.400  3536.200  3511.600  3113.500
  1960.200  1938.200  2266.200  2185.400  2262.100  2186.400  2891.000  3566.700  3651.200  3499.400  3552.800  3102.800
  1959.800  1896.500  2155.100  2262.100  2207.600  2241.000  2705.800  3394.700  3547.200  3594.900  3487.300  2975.000
  2051.300  1955.400  2218.700  2233.200  2312.100  2169.300  2869.000  3517.000  3562.500  3579.400  3554.200  3035.000
  1918.900  1892.300  2427.100     0.000     0.000     0.000  2666.200  3336.900  3524.400  3544.300  3606.700  2955.000
  1949.200  2000.000  2458.000     0.000     0.000     0.000  2847.000  3388.600  3482.700  3477.500  3502.100  2945.700
  1982.600  1912.100  2356.600     0.000     0.000     0.000  2676.900  3284.400  3434.400  3452.000  3410.700  2931.900
  2094.600  1874.700  2395.000     0.000     0.000     0.000  2702.600  3305.200  3383.700  3389.800  3410.700  2920.000
  1918.900  1905.400  2369.000     0.000     0.000     0.000  2673.700  3217.100  3257.800  3268.200  3298.400  2871.700
  1932.000  1935.400  2368.400     0.000     0.000     0.000  2722.100  3182.700  3244.100  3243.000  3241.800  2795.800
  1973.100  1922.100  2303.100     0.000     0.000     0.000  2657.500  3168.600  3217.100  3202.600  3159.900  2818.100
  1972.700  1932.500  2356.800     0.000     0.000     0.000  2777.200  3191.500  3233.900  3209.200  3243.000  2788.200
  1948.800  1902.200  2350.400     0.000     0.000     0.000  2669.100  3187.300  3156.500  3117.000  3193.700  2790.900
  1929.200  1926.400  2377.900     0.000     0.000     0.000  2513.900  3160.700  3184.100  3154.400  3180.800  2723.900
  1934.100  1887.700  2337.400     0.000     0.000     0.000  2625.100  3072.500  3130.400  3111.900  3042.800  2639.100
  1936.500  1884.600  2370.600     0.000     0.000     0.000  2666.800  3043.800  3083.500  3106.800  3078.500  2630.900
  1926.800  1929.600  2526.400  2898.100     0.000     0.000     0.000  3666.900  3823.100  3928.100  3939.600  3446.600
  1968.800  1984.600  2491.700  2846.800     0.000     0.000     0.000  3528.000  3605.100  3735.200  3783.200  3275.800
  1971.800  1895.900  2396.800  2939.200     0.000     0.000     0.000  3499.200  3514.900  3599.600  3724.900  3212.900
     0.000     0.000     0.000     0.000     0.000     0.000     0.000  3067.600  3132.300  3296.500  3366.300  2854.700
     0.000     0.000     0.000     0.000     0.000     0.000     0.000     0.000     0.000  3016.100  3030.800  2656.600
  1584.200  2390.300  1628.800  2363.100  1785.600  2163.100  1786.400  2245.700  1459.900  2022.900  1526.200  1886.100
     0.000     0.000     0.000     0.000     0.000     0.000     0.000     0.000     0.000     0.000     0.000     0.000
  1931.900  2123.200  1911.800  2249.600  1613.500  1952.200  1663.000  1732.700  1766.500  1688.300     0.000     0.000
     0.000     0.000     0.000     0.000     0.000     0.000  4818.000  5507.900  5076.300  2226.600  4161.700  4842.900
     0.000     0.000     0.000     0.000     0.000     0.000  5171.400  5792.800  6045.700  2647.700  3616.600  4564.300
     0.000     0.000     0.000  2518.600  2677.100  4112.100  4051.400  4553.200  5134.600  5746.900  2059.000  4421.800
     0.000     0.000     0.000  2630.200  2522.800  3071.500  4464.100  4914.000  5434.700  6517.900  2293.600  4009.500
  2155.400  2233.000  2714.100  2903.300  2705.100  2784.700  5653.000  3550.700  3948.200  4311.700  4723.200  5865.300
  1842.900  2517.400  2973.300  2741.400  2941.200  2730.600  3841.600  3831.900  4181.500  4679.800  5050.800  6106.100
  2525.200  2014.100  2576.800  2737.200  2553.300  2732.200  5064.700  2684.000  3315.800  3732.900  4031.900  4871.200
  1997.200  2399.000  2870.900  2603.800  2668.900  2545.300  3436.400  3041.400  3630.100  3998.400  4382.000  5557.500
  2467.700  2040.700  2476.900  2673.900  2515.900  2741.600  4738.000  3883.600  2313.900  3538.300  3589.500  4223.400
  2068.800  2313.300  2651.000  2571.700  2670.000  2524.200  3332.600  1813.500  2648.700  4115.100  3898.000  4598.100
  2351.000  2036.200  2552.600  2695.500  2401.700  2572.400  4347.400  5164.900  3603.200     0.000  2931.100  3595.000
  2028.100  2257.300  2548.400  2531.000  2557.600  2283.600  3115.700  2893.000  2699.500     0.000  3354.000  3990.200
  2216.700  2041.400  2430.900  2546.000  2367.800  2524.900  4071.100  4604.200  5061.300  3795.900     0.000  3051.400
  1936.600  2262.500  2477.000  2385.100  2487.800  2341.000  2958.400  2784.800  4461.700  2818.100     0.000  3366.700
  2158.200  2033.100  2370.900  2485.100  2354.300  2463.700  3842.900  4427.900  4575.000  4792.600  4130.500  2332.000
  1871.300  2200.000  2443.900  2358.000  2412.900  2323.700  2844.200  3975.700  4193.600  4444.700  3033.300  2606.900
  2177.500  1980.400  2368.400  2328.200  2291.100  2408.000  3855.700  3986.000  4217.800  4399.800  4492.500  2244.200
  1862.500  2218.600  2390.800  2252.900  2454.700  2290.500  2577.500  3713.200  3917.400  4150.200  4088.200  1935.600
  2044.200  2002.200  2251.300  2309.200  2261.600  2270.500  3285.100  3727.700  3857.300  4002.600  4098.700  3610.600
  1932.300  1998.400  2286.600  2205.900  2338.700  2196.600  2837.000  3556.600  3668.900  3840.200  3903.000  3106.500
  1920.800  1913.000  2211.900  2314.400  2148.000  2217.300  3053.300  3708.600  3764.200  3771.800  3894.900  3500.400
  1934.400  1969.600  2274.500  2174.800  2237.000  2157.700  2779.500  3631.800  3591.100  3686.600  3727.900  3310.300
  1920.400  1890.900  2277.900  2241.900  2222.200  2305.600  2993.800  3776.400  3764.200  3634.700  3729.400  3368.100
  1944.000  1997.000  2288.800  2217.800  2255.300  2230.900  2776.200  3756.600  3640.300  3547.200  3606.400  3186.000
  1894.800  1833.100  2131.800  2276.600  2262.200  2173.600  2922.200  3606.900  3772.900  3631.400  3625.600  3151.800
  1967.200  1878.600  2219.300  2190.200  2253.600  2189.200  2710.900  3560.300  3708.400  3431.100  3493.200  2970.400
  1910.000  1908.800  2113.500  2251.900  2138.500  2218.100  2854.600  3489.200  3609.800  3641.600  3578.500  3054.800
  1913.400  1902.600  2208.200  2220.400  2206.000  2129.800  2743.200  3395.200  3556.100  3584.200  3444.200  2920.300
  1950.100  1865.900  2396.900     0.000     0.000     0.000  2744.000  3433.100  3601.100  3564.400  3616.300  3042.500
  1931.900  1958.800  2391.300     0.000     0.000     0.000  2723.900  3315.700  3436.900  3498.200  3519.100  2881.200
  1919.300  1868.600  2308.900     0.000     0.000     0.000  2764.300  3377.600  3485.200  3426.900  3516.500  2967.200
  1930.300  1938.500  2322.200     0.000     0.000     0.000  2616.700  3280.900  3374.000  3402.100  3435.600  2946.700
  1893.900  1917.700  2357.900     0.000     0.000     0.000  2734.900  3294.500  3372.400  3326.400  3372.400  2904.100
  1877.200  1904.300  2320.100     0.000     0.000     0.000  2635.900  3128.500  3225.600  3246.000  3249.400  2822.200
  1918.100  1937.100  2282.300     0.000     0.000     0.000  2699.500  3248.300  3292.200  3259.700  3258.600  2847.500
  1847.900  1843.000  2374.500     0.000     0.000     0.000  2722.700  3122.200  3142.400  3201.100  3211.100  2790.500
  1926.100  1808.100  2337.300     0.000     0.000     0.000  2766.800  3222.300  3245.400  3180.100  3204.900  2761.900
  1908.500  1979.700  2323.300     0.000     0.000     0.000  2458.300  3096.000  3110.200  3081.900  3127.700  2687.000
  1913.700  1828.900  2332.600     0.000     0.000     0.000  2652.900  3083.900  3082.900  3130.800  3119.400  2674.800
  1887.400  1898.700  2319.900     0.000     0.000     0.000  2680.900  3101.000  3118.400  3090.900  3047.100  2657.400
  1974.100  1931.500  2470.200  2858.700     0.000     0.000     0.000  3679.400  3778.200  3940.800  3992.400  3511.800
  1923.300  1891.400  2426.100  2887.000     0.000     0.000     0.000  3592.300  3657.900  3787.300  3861.800  3340.700
  1902.800  1925.800  2355.000  2722.500     0.000     0.000     0.000  3526.300  3553.000  3655.100  3742.200  3229.100
     0.000     0.000     0.000     0.000     0.000     0.000     0.000  3140.300  3172.300  3346.700  3373.100  2880.800
     0.000     0.000     0.000     0.000     0.000     0.000     0.000     0.000     0.000  3068.200  3083.400  2697.200
  1870.000  2370.200  1697.900  2484.100  2034.800  2255.500  2000.200  2117.500  1925.500  1979.700  1781.900  1912.600
     0.000     0.000     0.000     0.000     0.000     0.000     0.000     0.000     0.000     0.000     0.000     0.000
  2274.900  2246.100  2159.800  2211.200  1929.500  1753.800  1944.400  1965.900  1728.100  1745.900     0.000     0.000
     0.000     0.000     0.000     0.000     0.000     0.000  5404.100  5924.700  6169.100  2790.600  3769.600  4846.000
     0.000     0.000     0.000     0.000     0.000     0.000  4998.400  5630.600  5157.800  2299.600  4280.500  5022.500
     0.000     0.000     0.000  2648.700  2638.800  3160.200  4605.300  4901.700  5495.700  6554.900  2421.400  4296.300
     0.000     0.000     0.000  2767.900  2559.800  4268.800  4140.000  4560.400  5200.600  5902.400  2182.900  4644.100
  2068.600  2717.500  2925.100  3062.100  2822.400  3121.300  3910.600  3965.000  4469.100  4781.500  5177.800  6325.800
  2159.900  2356.100  2998.000  2899.700  2856.500  2693.000  5790.000  3588.400  4045.900  4282.900  4707.900  5989.300
  2101.000  2590.400  2731.500  2872.900  2687.400  2778.000  3618.400  3243.300  3825.200  4156.400  4486.600  5675.900
  2511.200  2080.700  2852.800  2657.900  2815.300  2568.800  5239.800  2804.800  3465.200  3841.400  4117.000  5027.700
  2148.000  2611.800  2777.900  2851.800  2668.800  2716.300  3324.700  2978.200  2832.700  4212.600  3922.700  4755.100
  2493.200  2152.500  2875.500  2567.000  2776.200  2515.500  4788.600  4090.700  2527.200  3659.600  3669.600  4349.900
  2115.300  2467.300  2598.700  2737.100  2562.800  2697.400  3190.300  4675.600  2933.300     0.000  3445.400  4097.800
  2317.100  2087.900  2645.300  2541.000  2580.600  2482.500  4494.200  5357.000  3721.700     0.000  3066.000  3715.900
  2049.300  2337.300  2552.000  2650.100  2516.900  2619.800  3027.400  4332.500  4683.300  2981.500     0.000  3481.500
  2272.000  2106.500  2615.300  2466.700  2675.600  2417.100  4159.100  4749.700  5170.600  3885.600     0.000  3134.200
  2109.900  2252.800  2515.500  2549.900  2425.500  2588.000  3032.400  4098.900  4452.000  4625.600  3264.600  2729.600
  2246.200  2082.700  2528.700  2469.400  2528.700  2399.300  3985.200  4507.700  4742.500  4908.600  4255.600  2444.300
  1985.900  2279.300  2398.100  2477.400  2443.100  2466.900  2701.000  3903.800  4142.100  4273.300  4307.900  2182.600
  2306.300  1965.700  2499.200  2379.800  2454.000  2357.000  3937.600  4239.300  4341.000  4489.300  4677.200  2406.700
  2069.800  2116.100  2338.700  2390.700  2379.800  2389.500  2873.100  3781.700  3973.600  4103.100  4167.400  3339.000
  2163.400  2082.400  2443.100  2347.500  2452.100  2293.900  3419.400  3876.900  3936.000  4103.100  4211.300  3727.100
  2003.200  2055.200  2288.900  2434.500  2312.100  2414.500  2895.300  3719.600  3868.100  3963.600  3978.800  3562.700
  2093.300  2092.400  2424.100  2403.000  2413.200  2238.700  3148.400  3815.800  3925.200  3842.600  4067.400  3607.000
  1988.700  2029.800  2381.100  2434.500  2310.400  2385.400  2812.900  3887.500  3841.000  3645.200  3790.900  3407.000
  2052.400  2041.300  2329.900  2357.000  2398.600  2240.300  3030.500  3928.500  3890.700  3826.800  3839.400  3439.800
  1920.500  2006.700  2266.700  2350.000  2221.900  2353.100  2828.500  3681.100  3910.600  3694.600  3653.000  3234.500
  2009.900  2062.000  2359.900  2254.600  2338.900  2273.100  2932.700  3726.400  3760.300  3732.500  3623.900  3185.500
  2011.300  2020.900  2235.300  2259.200  2201.500  2338.300  2805.600  3564.100  3708.200  3825.100  3642.700  3118.400
  2001.200  2038.700  2316.900  2332.100  2310.300  2276.000  2903.400  3638.400  3712.700  3791.700  3644.200  3109.800
  1986.700  2012.600  2521.800     0.000     0.000     0.000  2766.900  3478.200  3694.000  3701.300  3786.000  3189.500
  2036.300  2054.100  2593.800     0.000     0.000     0.000  2904.900  4026.800  3661.000  3724.700  3672.400  3109.000
  1991.100  2041.300  2431.600     0.000     0.000     0.000  2742.400  3396.400  3450.100  3609.000  3513.300  3016.700
  1958.600  2060.600  2424.000     0.000     0.000     0.000  2808.600  3960.900  3482.000  3582.900  3504.100  3033.300
  1898.200  2000.800  2407.200     0.000     0.000     0.000  2807.400  3290.300  3439.400  3442.000  3472.900  3045.200
  2007.000  1999.000  2475.800     0.000     0.000     0.000  2796.300  3365.700  3440.700  3429.300  3406.600  2978.300
  2059.700  2045.700  2463.800     0.000     0.000     0.000  2728.200  3292.700  3306.800  3435.600  3335.400  2942.100
  1966.700  1982.300  2472.400     0.000     0.000     0.000  2769.300  3300.900  3410.300  3386.600  3415.400  2962.000
  1929.200  2030.100  2462.500     0.000     0.000     0.000  2681.400  3246.600  3315.800  3245.500  3290.500  2885.100
  2088.200  2039.900  2426.100     0.000     0.000     0.000  2685.200  3272.300  3352.100  3314.600  3256.600  2812.800
  1928.000  2016.800  2355.200     0.000     0.000     0.000  2778.800  3223.400  3272.300  3214.700  3197.300  2808.600
  2097.700  2021.200  2417.900     0.000     0.000     0.000  2787.000  3234.400  3279.100  3317.000  3293.900  2858.900
  1980.200  2030.400  2592.000  2926.700     0.000     0.000     0.000  3738.400  3820.300  4063.900  4027.500  3487.400
  2030.400  2081.700  2542.200  2929.400     0.000     0.000     0.000  3637.300  3765.300  3976.600  3943.400  3427.600
  1820.100  2027.700  2495.600  2869.000     0.000     0.000     0.000  3579.100  3723.600  3710.400  3909.000  3360.000
     0.000     0.000     0.000     0.000     0.000     0.000     0.000  3264.100  3303.200  3534.700  3509.600  3017.600
     0.000     0.000     0.000     0.000     0.000     0.000     0.000     0.000     0.000  3243.700  3282.400  2890.400
  1805.300  2608.600  1848.700  2472.400  1957.900  2287.000  1966.400  2389.800  1744.700  2137.900  1793.800  2095.500
     0.000     0.000     0.000     0.000     0.000     0.000     0.000     0.000     0.000     0.000     0.000     0.000
  2130.500  2325.500  2127.500  2389.200  1880.000  2031.300  1867.700  1955.000  1969.000  1837.900     0.000     0.000
     0.000     0.000     0.000     0.000     0.000     0.000  4955.400  5726.100  5223.100  2444.300  4411.000  5157.100
     0.000     0.000     0.000     0.000     0.000     0.000  5415.900  5980.900  6120.800  2781.100  3802.500  4817.700
     0.000     0.000     0.000  2689.700  2822.100  4359.500  4221.400  4680.400  5226.000  5843.500  2198.400  4699.200
     0.000     0.000     0.000  2823.800  2658.400  3244.600  4661.800  5101.000  5573.400  6536.800  2412.000  4279.500
  2287.200  2448.300  2840.600  3074.400  2745.900  3007.700  5743.800  3714.000  4212.300  4392.700  4783.200  6117.800
  1984.500  2633.000  3033.000  3012.800  2919.900  2775.600  3989.300  4019.200  4413.900  4788.200  5165.900  6353.900
  2577.600  2140.900  2707.000  2889.000  2682.600  2847.800  5245.600  2798.100  3531.900  3952.900  4156.700  5077.300
  2088.800  2516.600  2839.700  2740.000  2867.800  2760.300  3556.800  3255.100  3893.700  4212.300  4463.500  5694.100
  2493.900  2167.000  2619.300  2810.900  2646.200  2807.500  4908.400  3846.200  2546.000  3665.300  3698.400  4326.700
  2191.300  2565.700  2874.100  2643.200  2759.200  2592.200  3483.500  3477.100  2883.000  4172.200  4002.700  4646.800
  2427.200  2141.700  2677.400  2718.900  2545.300  2693.700  4461.100  5302.200  3735.000     0.000  3020.100  3749.900
  2045.700  2362.700  2703.100  2596.600  2626.700  2554.400  3240.600  5441.400  3303.400     0.000  3411.400  4092.800
  2320.800  2066.100  2546.800  2658.400  2546.100  2653.800  4173.900  4821.000  5249.500  3942.800     0.000  3191.900
  2037.200  2322.000  2637.800  2548.900  2595.900  2474.400  3076.100  4863.500  5163.000  3293.000     0.000  3508.600
  2355.600  9999.000  2514.600  2638.500  2467.100  2657.600  3981.600  4542.900  4843.400  5011.500  4269.200  2472.400
  2041.800  9999.000  2565.400  2521.500  2498.800  2449.900  2990.300  4439.500  4835.900  5000.900  3656.300  2789.200
  2287.800  2058.300  2488.100  2584.000  2429.300  2566.400  3990.100  4263.800  4427.200  4605.700  4714.100  2438.200
  2010.100  2313.300  2528.300  2428.100  2471.700  2411.800  2665.400  4094.200  4380.700  4368.700  4599.100  2154.900
  2157.400  2081.400  2358.300  2424.300  2399.400  2468.400  3438.900  3950.500  4092.500  4218.700  4384.700  3827.000
  2088.900  2089.400  2435.000  2327.700  2485.400  2327.100  2956.300  3805.700  3939.100  4052.600  4181.900  3326.900
  2035.300  1960.600  2331.600  2413.100  2276.800  2423.400  3135.200  4360.900  4019.200  4026.100  4188.800  3699.800
  2072.700  2046.900  2409.300  2288.200  2367.400  2257.000  2864.400  3899.800  3856.200  3862.600  4010.600  3575.900
  1990.400  1997.500  2376.000  2334.600  2350.900  2426.000  3050.300  4371.100  3937.700  3849.800  3981.400  3537.700
  2139.300  2107.000  2420.200  2308.000  2392.900  2347.300  2782.900  3926.100  3835.500  3696.800  3799.500  3387.800
  1935.600  1981.700  2251.400  2360.600  2359.400  2336.500  2947.600  3769.600  3966.600  3793.200  3804.300  3358.400
  1994.300  2195.200  2354.400  2305.100  2377.000  2241.700  2778.400  3699.100  3883.800  3625.400  3572.600  3176.900
  2027.700  2028.700  2248.500  2355.000  2257.100  2308.000  2959.200  3638.400  3772.700  3794.800  3747.900  3238.300
  1995.600  2187.600  2333.400  2339.000  2328.600  2241.100  2762.100  3596.700  3741.700  3772.700  3635.500  3090.000
  1990.700  1990.300  2484.900     0.000     0.000     0.000  2904.200  7039.400  3823.900  3796.200  3841.000  3250.400
  2055.600  2133.500  2511.900     0.000     0.000     0.000  2761.400  3569.000  3679.200  3682.000  3742.000  3104.900
  1981.600  1978.600  2419.900     0.000     0.000     0.000  2838.800  6732.700  3640.800  3530.200  3564.900  3092.600
  2043.200  1976.900  2435.200     0.000     0.000     0.000  2751.600  3427.200  3522.200  3532.800  3551.500  3073.300
  2050.900  2032.000  2453.400     0.000     0.000     0.000  2761.700  3435.700  3521.800  3525.800  3536.500  3087.400
  2004.400  2008.900  2437.700     0.000     0.000     0.000  2709.600  3345.300  3405.500  3423.100  3451.100  3007.000
  2056.500  2060.200  2394.200     0.000     0.000     0.000  2805.500  3339.200  3415.500  3388.000  3393.000  3007.000
  1926.100  2010.200  2507.900     0.000     0.000     0.000  2707.200  3362.200  3423.100  3410.500  3447.200  2988.500
  1916.400  1933.300  2479.900     0.000     0.000     0.000  2715.900  3360.700  3395.500  3364.300  3378.600  2938.500
  2071.400  2033.200  2457.800     0.000     0.000     0.000  2681.100  3236.900  3278.300  3263.700  3323.100  2836.100
  1936.900  2057.600  2412.800     0.000     0.000     0.000  2804.000  3273.800  3276.100  3301.100  3310.300  2855.000
  1991.200  2198.400  2438.600     0.000     0.000     0.000  2695.700  3304.600  3331.200  3311.500  3302.300  2872.400
  2042.200  2046.800  2573.100  2972.800     0.000     0.000     0.000  3795.900  3880.200  3981.800  4062.300  3582.100
  2002.800  1993.200  2528.800  2903.400     0.000     0.000     0.000  3747.500  3800.500  3941.800  4017.300  3496.800
  2051.400  2119.300  2462.800  2800.400     0.000     0.000     0.000  3728.300  3764.000  3862.700  3981.800  3467.100
     0.000     0.000     0.000     0.000     0.000     0.000     0.000  3273.500  3334.100  3503.300  3576.600  3064.500
     0.000     0.000     0.000     0.000     0.000     0.000     0.000     0.000     0.000  3257.600  3285.000  2901.600
  1915.700  2514.800  1839.400  2650.500  2103.800  2405.700  2029.100  2304.400  1973.300  2131.200  1781.400  2181.300
     0.000     0.000     0.000     0.000     0.000     0.000     0.000     0.000     0.000     0.000     0.000     0.000
  2299.000  2400.700  2315.400  2375.100  1975.000  1969.500  1948.800  2167.800  1860.200  1943.200     0.000     0.000
     0.000     0.000     0.000     0.000     0.000     0.000  5530.100  6208.900  6270.900  2864.900  3954.000  4978.500
     0.000     0.000     0.000     0.000     0.000     0.000  5148.000  5785.300  5257.600  2490.100  4446.200  5086.600
     0.000     0.000     0.000  2847.100  2901.100  3398.100  4807.300  5067.300  5711.500  6623.300  2518.300  4275.100
     0.000     0.000     0.000  2929.700  2801.100  4454.600  4348.800  4832.100  5378.100  6041.600  2374.600  4626.600
  2264.100  2926.100  3047.800  3300.500  2965.600  3100.200  4217.700  4163.800  4643.900  4984.800  5369.500  6690.800
  2363.300  2525.800  3204.700  2931.900  3086.400  2927.100  5933.600  3757.000  4186.800  4402.600  4876.200  6294.000
  2288.000  2770.200  2912.900  3034.500  2897.000  2954.000  3764.700  3456.700  3997.800  4261.000  4592.700  5843.300
  2695.300  2338.500  3147.700  2843.800  2957.800  2684.100  5360.100  2981.300  3647.000  4008.300  4192.500  5161.400
  2354.200  2715.300  2849.200  2900.700  2813.900  2880.100  3511.200  4067.500  3061.500  4356.100  4147.900  4916.200
  2599.800  2248.500  2917.900  2821.600  2947.400  2772.800  4949.500  4193.900  2673.900  3861.200  3875.400  4454.400
  2309.400  2654.000  2886.300  2932.600  2686.300  2868.500  3371.200  5350.400  3822.000     0.000  3542.900  4287.000
  2528.800  2209.600  2796.200  2749.100  2837.900  2520.500  4651.200  5495.500  3902.700     0.000  3229.500  3878.600
  2203.400  2526.200  2703.000  2846.200  2818.300  2809.700  3312.300  4784.700  5401.600  4047.000     0.000  3739.700
  2554.400  2299.300  2734.400  2631.500  2753.200  2551.600  4346.700  5028.400  5407.800  4192.600     0.000  3301.700
  2187.400  2460.200  2664.500  2819.200  2639.100  2680.800  3179.100  4493.000  4792.000  5113.400  4383.400  2891.900
  2493.100  2279.100  2724.600  2628.500  2704.500  2545.200  4142.300  4836.500  5130.200  5322.000  4543.200  2633.800
  2157.700  2471.100  2630.600  2674.100  2558.900  2652.900  2982.200  4216.400  4468.200  4641.100  4881.800  2592.100
  2338.800  2119.700  2697.100  2496.800  2764.500  2556.800  4118.300  4641.100  4859.600  4993.300  5064.300  2585.700
  2244.700  2307.500  2510.900  2635.800  2496.800  2600.800  3051.600  3981.100  4225.700  4412.600  4668.200  4188.700
  2319.000  2274.800  2612.300  2472.400  2627.700  2436.400  3596.600  3961.300  4009.500  4072.700  4229.400  3928.700
  2155.900  2151.800  2534.100  2640.800  2422.500  2548.200  3039.900  3962.400  4008.400  4100.000  4473.000  4044.900
  2259.000  2170.400  2571.100  2443.900  2569.700  2404.000  3282.900  3876.600  3822.500  3919.000  4003.200  3521.200
  2133.100  2199.300  2441.900  2563.900  2534.800  2567.500  2992.500  4127.200  4083.900  3957.300  4149.200  3769.800
  2199.300  2163.600  2493.300  2470.300  2558.200  2508.300  3196.700  4055.400  3873.400  3797.500  3894.400  3422.400
  2077.800  2105.000  2442.200  2587.800  2534.300  2476.000  3004.900  3830.600  4168.600  3837.100  3963.900  3527.400
  2184.400  2135.400  2457.000  2424.300  2491.200  2371.400  3086.100  3816.100  3921.300  3792.300  3764.100  3289.300
  2171.000  2180.100  2506.600  2466.500  2428.200  2496.100  2979.100  3786.000  3969.100  4032.300  3953.600  3401.700
  2156.700  2239.500  2467.100  2498.900  2460.300  2408.600  3039.300  3716.400  3833.800  3881.200  3814.500  3243.300
  2145.200  2126.800  2677.700     0.000     0.000     0.000  2931.100  3702.300  3874.000  3981.800  3996.900  3400.200
  2133.300  2230.000  2756.200     0.000     0.000     0.000  3114.600  3686.400  3790.100  3848.800  3902.800  3257.500
  2158.300  2125.900  2641.900     0.000     0.000     0.000  2899.300  3600.500  3771.900  3787.000  3855.100  3276.800
  2103.400  2174.100  2568.200     0.000     0.000     0.000  2951.500  3601.900  3600.500  3708.100  3708.100  3220.600
  2061.800  2092.800  2670.000     0.000     0.000     0.000  2971.100  3554.200  3662.100  3672.200  3717.700  3262.800
  2152.000  2157.700  2621.900     0.000     0.000     0.000  2962.500  3486.200  3558.300  3555.600  3609.500  3114.500
  2228.700  2157.200  2576.200     0.000     0.000     0.000  2912.800  3486.200  3653.500  3603.900  3547.500  3163.500
  2114.900  2122.800  2633.200     0.000     0.000     0.000  2927.700  3420.600  3479.600  3466.600  3570.600  3090.500
  2048.500  2067.200  2606.300     0.000     0.000     0.000  2857.100  3434.500  3549.900  3553.900  3499.000  3128.700
  2250.600  2252.200  2586.200     0.000     0.000     0.000  2845.900  3386.800  3418.400  3395.200  3463.300  2992.100
  2082.600  2366.500  2552.400     0.000     0.000     0.000  2909.100  3395.200  3521.000  3467.100  3486.100  3073.800
  2281.400  2163.700  2564.200     0.000     0.000     0.000  2917.200  3372.300  3405.000  3447.000  3437.000  2995.900
  2140.000  2125.200  2794.300  3094.600     0.000     0.000     0.000  3934.500  4079.000  4207.900  4329.200  3793.700
  2198.400  2225.100  2719.100  3127.700     0.000     0.000     0.000  3819.800  4026.800  4193.000  4226.700  3629.900
  1919.800  2245.700  2647.800  3062.200     0.000     0.000     0.000  3786.000  3892.300  4030.300  4073.700  3489.800
     0.000     0.000     0.000     0.000     0.000     0.000     0.000  3369.600  3445.000  3682.400  3754.400  3305.400
     0.000     0.000     0.000     0.000     0.000     0.000     0.000     0.000     0.000  3345.500  3459.000  3145.600
  1992.400  2741.100  2048.900  2696.100  2098.900  2477.100  2118.600  2575.200  1953.200  2346.200  1834.300  2303.000
     0.000     0.000     0.000     0.000     0.000     0.000     0.000     0.000     0.000     0.000     0.000     0.000
  2316.400  2526.200  2349.800  2538.100  1929.200  2234.100  1999.400  2167.500  2181.600  2022.500     0.000     0.000
     0.000     0.000     0.000     0.000     0.000     0.000  5155.500  5906.800  5389.200  2560.100  4433.300  5124.600
     0.000     0.000     0.000     0.000     0.000     0.000  5591.100  6186.000  6297.500  2992.500  3930.900  4928.000
     0.000     0.000     0.000  2869.300  2839.200  4465.100  4414.500  4849.000  5464.400  6141.600  2382.400  4707.700
     0.000     0.000     0.000  2907.400  2691.100  3377.600  4866.700  5236.000  5716.700  6801.100  2646.800  4320.600
  2483.400  2652.600  2978.500  3222.900  2968.700  3145.600  5953.100  3889.700  4336.800  4647.200  5087.800  6497.800
  2216.500  2851.300  3267.100  3064.500  3277.800  3029.500  4168.700  4230.400  4716.500  5018.300  5433.500  6734.500
  2824.400  2389.000  2891.500  3072.800  2851.300  3003.300  5345.100  2984.400  3712.100  4044.900  4380.400  5241.500
  2273.800  2717.700  3072.800  2932.000  3009.300  2868.500  3734.900  3461.800  4025.300  4412.100  4733.500  5914.900
  2776.200  2462.100  2950.000  3073.100  2821.600  2927.800  5026.400  3444.100  2694.300  4033.200  3929.300  4574.300
  2274.800  2655.100  2964.000  2944.400  2977.200  2810.500  3638.400  2542.400  2945.300  4445.700  4212.600  4912.300
  2646.000  2389.600  2704.500  2955.600  2733.100  2905.000  4607.600  5547.000  3347.300     0.000  3233.100  4043.500
  2221.600  2653.600  2802.100  2797.000  2730.600  2755.700  3422.800  4110.200  2462.700     0.000  3666.700  4340.000
  2518.000  2253.500  2731.800  2870.800  2704.500  2833.700  4361.800  4938.800  5407.700  3434.100     0.000  3377.800
  2212.400  2522.800  2808.600  2735.100  2784.000  2698.900  3253.200  4123.200  3920.500  2406.500     0.000  3658.600
  2411.600  2217.800  2678.400  2749.800  2626.300  2803.500  4141.500  4604.200  4918.100  5373.700  3817.700  2678.400
  2255.700  2571.700  2765.500  2652.900  2705.300  2673.000  3156.700  3863.600  4067.500  3882.900  2788.200  2932.100
  2453.500  2253.500  2607.000  2681.400  2615.000  2682.100  4151.100  4779.800  4946.900  5350.900  5557.400  2691.300
  2069.800  2420.500  2658.600  2594.000  2620.800  2596.200  2876.200  3567.800  3656.900  3708.100  3644.300  2085.600
  2331.200  2304.700  2537.200  2562.900  2590.500  2640.700  3585.300  4574.900  4871.800  5061.400  5327.200  2692.900
  2243.200  2307.600  2646.700  2549.600  2687.500  2503.400  3073.500  3844.000  3976.800  4203.900  4323.400  4435.400
  2164.400  2190.100  2417.100  2524.800  2408.200  2636.800  3330.200  4166.300  4242.100  4373.200  4488.700  4261.500
  2224.400  2188.500  2587.700  2437.200  2553.000  2430.700  3018.900  3940.900  3876.900  4043.500  4155.200  3680.500
  2164.900  2163.900  2521.300  2486.300  2476.900  2482.200  3222.300  4290.800  4238.200  4095.000  4211.500  3732.200
  2182.700  2159.800  2488.300  2529.700  2601.600  2482.900  3067.100  4010.400  3947.600  3854.400  3966.100  3513.300
  2094.800  2096.200  2404.200  2536.600  2359.100  2541.700  3146.300  4102.600  4330.100  4033.700  4106.300  3777.900
  2151.200  2147.100  2560.600  2422.500  2573.100  2449.100  2896.800  3776.300  3967.100  3833.600  3861.200  3347.600
  2173.900  2193.300  2406.200  2536.600  2365.300  2521.600  3103.100  3932.800  4064.300  4139.800  3963.600  3498.700
  2114.300  2243.700  2525.900  2484.500  2511.000  2435.700  2869.100  3627.200  3720.700  3937.900  3768.500  3191.800
  2147.500  2137.500  2486.000     0.000     0.000     0.000  3052.300  3872.000  4054.700  4114.700  4077.400  3447.100
  2214.200  2147.000  2714.100     0.000     0.000     0.000  3056.300  3618.100  3732.700  3839.000  3876.800  3259.400
  2151.000  2127.600  2672.800     0.000     0.000     0.000  3069.300  3862.500  3968.000  3923.500  3930.000  3359.700
  2101.300  2096.000  2699.900     0.000     0.000     0.000  2958.700  3541.900  3594.600  3680.200  3637.600  3241.300
  2075.100  2106.000  2579.000     0.000     0.000     0.000  3037.300  3800.600  3899.200  3930.400  3915.600  3430.300
  2157.100  2170.000  2579.000     0.000     0.000     0.000  2846.900  3290.200  3387.700  3528.000  9999.000  3059.500
  2223.200  2157.700  2610.600     0.000     0.000     0.000  3021.400  3686.200  3730.500  3803.700  3765.200  3163.100
  2066.100  2140.300  2598.700     0.000     0.000     0.000  2912.600  3435.300  3421.400  3502.800  9999.000  3099.500
  2057.200  2076.500  2562.600     0.000     0.000     0.000  2941.300  3638.300  3727.900  3776.600  3772.200  3220.500
  2255.900  2267.500  2613.200     0.000     0.000     0.000  2821.700  3420.000  3423.700  3330.100  3477.500  3062.200
  2022.100  2212.500  2578.100     0.000     0.000     0.000  2834.400  3589.000  3624.500  3757.300  3712.000  3208.500
  2275.800  2163.100  2658.300     0.000     0.000     0.000  2920.300  3390.700  3370.200  3420.000  3333.600  2978.300
  2196.100  2220.000  2749.400  3121.100     0.000     0.000     0.000  4121.200  4230.000  4277.800  4386.900  3898.300
  2153.300  2137.300  2659.700  3140.000     0.000     0.000     0.000  3914.500  4011.000  4132.000  4222.400  3796.300
  2217.300  2250.400  2542.300  2957.100     0.000     0.000     0.000  3764.400  3864.800  3963.800  4083.800  3612.800
     0.000     0.000     0.000     0.000     0.000     0.000     0.000  3468.800  3528.700  3690.700  3573.000  3206.700
     0.000     0.000     0.000     0.000     0.000     0.000     0.000     0.000     0.000  3623.900  3543.300  3105.600
  2109.500  2679.900  1907.100  2832.300  2264.000  2541.300  2199.300  2539.900  2129.600  2340.600  1976.700  2385.200
     0.000     0.000     0.000     0.000     0.000     0.000     0.000     0.000     0.000     0.000     0.000     0.000
  2506.700  2542.700  2396.200  2569.000  2096.500  2155.700  2145.600  2360.500  2050.000  2127.400     0.000     0.000
