!
!This file contains the Endcap Pre-Geometry constants in Engineering units
!of inches and degrees.  R.Raja 13-NoV-88
!All units in this file are in Inches. Engineering
!There are two kinds of array formats used in this file.
!Mother volume array formats and Z division array formats.
!The documentation for these is to be found in the files
!Pregeo_*_mvols.scp and Pregeo_zdiv.scp. * implies, IH,MH and OH
!
 CONV_FACTOR            2.54  !Converts Inches to Centimeters
 PI                  3.14159  !For sake of completeness
!-------------------------------------------------------------------------------
!EM SECTION STARTS HERE
!-------------------------------------------------------------------------------
 EM_FIRST_ROT_MATRIX   4000  !1ST rotation matrix number for EM
\ARRAY EM_MOTHER_VOLUME+Z  !This is a PolyCone.
! Parameters are Number of such volumes, Material number, Geant Name,
! ZLO,RLO,RHI,ZMID,RLO,RHI,ZHI,RLO,RHI  which have the same meaning
! as the GEANT polycone definition
 1  16
 'EEM+'  67.134 1.875 36.653  71.812 1.875 43.629 76.490  1.875  43.629
\END
\ARRAY EC_EM+1
 1  40
 'EE+1'  67.134     67.938  2.459  32.622
\END
\ARRAY EC_EM+2
 1  41
 'EE+2'  67.938     68.932  2.459  35.021
\END
\ARRAY EC_EM+3
 1  42
 'EE+3'  68.932     71.914  2.459  38.270
\END
\ARRAY EC_EM+4
 1  43
 'EE+4'  72.714     76.490  2.459  40.763
\END
\ARRAY EM_SUPPORT_PLATE+Z
 1  10
 'EMP+'  71.914     72.714  2.250  43.629
\END
\ARRAY EM_SUPPORT_PIPE+Z
 1  9
 'EES+'  67.134     76.490  1.875  2.250
\END
\ARRAY EM1_DIVISIONS+Z
          1          40   0.0
 'EM+1'     67.13400       67.93800
        22
     2.460   3.343   4.425   5.518   6.100   6.745   7.458   8.248   9.123  
    10.093  11.168  12.361  13.686  15.159  16.800  18.630  20.674  22.965  
    25.539  28.442  31.732  32.622
        22
    35.0  34.0  33.0  32.0  31.0  30.0  29.0  28.0  27.0  26.0
    25.0  24.0  23.0  22.0  21.0  20.0  19.0  18.0  17.0  16.0
    15.0  4210.
        21
    32   32   32   64   64   64   64   64   64   64
    64   64   64   64   64   64   64   64   64   64
    64
\END
\ARRAY EM2_DIVISIONS+Z
          1          41   0.0
 'EM+2'     67.93800       68.93200              
        22
     2.460   3.390   4.487   5.595   6.186   6.839   7.563   8.364   9.251  
    10.234  11.324  12.534  13.878  15.372  17.035  18.891  20.964  23.287  
    25.897  28.841  32.177  35.021
        22
    35.0  34.0  33.0  32.0  31.0  30.0  29.0  28.0  27.0  26.0
    25.0  24.0  23.0  22.0  21.0  20.0  19.0  18.0  17.0  16.0
    15.0  4210.
        21
    32   32   32   64   64   64   64   64   64   64
    64   64   64   64   64   64   64   64   64   64
    64
\END
\ARRAY EM3_DIVISIONS+Z
          3          42    0.0
 'E+3A'     68.93200       69.92600              
        35
     2.460   3.439   4.552   5.676   6.275   6.938   7.672   8.485   9.385  
    10.383  10.921  11.489  12.086  12.716  13.380  14.079  14.817  15.595  
    16.416  17.283  18.198  19.165  20.187  21.268  22.413  23.625  24.910  
    26.273  27.720  29.260  30.898  32.644  34.508  36.501  38.270
        35
    35.0  34.0  33.0  32.0  31.0  30.0  29.0  28.0  27.0  26.0
    25.5  25.0  24.5  24.0  23.5  23.0  22.5  22.0  21.5  21.0
    20.5  20.0  19.5  19.0  18.5  18.0  17.5  17.0  16.5  16.0
    15.5  15.0  14.5  14.0  4210.
        34
     32   32   32   64   64   64   64   64   64  128
    128  128  128  128  128  128  128  128  128  128
    128  128  128  128  128  128  128  128  128  128
    128  128  128  128

 'E+3B'     69.92600       70.92000              
        35
     2.460   3.488   4.618   5.757   6.365   7.038   7.782   8.606   9.519  
    10.531  11.077  11.653  12.259  12.898  13.571  14.280  15.029  15.818  
    16.651  17.530  18.458  19.439  20.476  21.572  22.733  23.963  25.266  
    26.648  28.117  29.678  31.340  33.111  35.001  37.022  38.270
        35
    35.0  34.0  33.0  32.0  31.0  30.0  29.0  28.0  27.0  26.0
    25.5  25.0  24.5  24.0  23.5  23.0  22.5  22.0  21.5  21.0
    20.5  20.0  19.5  19.0  18.5  18.0  17.5  17.0  16.5  16.0
    15.5  15.0  14.5  14.0  4210.
        34
     32   32   32   64   64   64   64   64   64  128
    128  128  128  128  128  128  128  128  128  128
    128  128  128  128  128  128  128  128  128  128
    128  128  128  128

 'E+3C'     70.92000       71.91400              
        35
     2.460   3.537   4.683   5.838   6.455   7.137   7.892   8.728   9.653  
    10.679  11.234  11.817  12.432  13.080  13.762  14.482  15.241  16.041  
    16.885  17.777  18.718  19.713  20.764  21.877  23.054  24.300  25.622  
    27.024  28.513  30.096  31.781  33.578  35.495  37.544  38.270
        35
    35.0  34.0  33.0  32.0  31.0  30.0  29.0  28.0  27.0  26.0
    25.5  25.0  24.5  24.0  23.5  23.0  22.5  22.0  21.5  21.0
    20.5  20.0  19.5  19.0  18.5  18.0  17.5  17.0  16.5  16.0
    15.5  15.0  14.5  14.0  4210.
        34
     32   32   32   64   64   64   64   64   64  128
    128  128  128  128  128  128  128  128  128  128
    128  128  128  128  128  128  128  128  128  128
    128  128  128  128
\END
\ARRAY EM4_DIVISIONS+Z
          2          43    0.0
 'E+4A'     72.71400       74.45000              
        23
     2.460   3.639   4.818   6.007   6.641   7.343   8.119   8.979   9.932  
    10.987  12.158  13.457  14.899  16.504  18.290  20.281  22.507  25.001  
    27.804  30.964  34.546  38.627  40.763
        23
    35.0  34.0  33.0  32.0  31.0  30.0  29.0  28.0  27.0  26.0
    25.0  24.0  23.0  22.0  21.0  20.0  19.0  18.0  17.0  16.0
    15.0  14.0  4210.
        22
    32   32   32   64   64   64   64   64   64   64
    64   64   64   64   64   64   64   64   64   64
    64   64

 'E+4B'     74.45000       76.49000              
        23
     2.460   3.737   4.946   6.167   6.818   7.539   8.336   9.219  10.197  
    11.281  12.483  13.816  15.297  16.944  18.778  20.823  23.109  25.669  
    28.546  31.792  35.469  39.659  40.763
        23
    35.0  34.0  33.0  32.0  31.0  30.0  29.0  28.0  27.0  26.0
    25.0  24.0  23.0  22.0  21.0  20.0  19.0  18.0  17.0  16.0
    15.0  14.0  4210.
        22
    32   32   32   64   64   64   64   64   64   64
    64   64   64   64   64   64   64   64   64   64
    64   64
\END
! now for -z
\ARRAY EM_MOTHER_VOLUME-Z  !This is a PolyCone.
! Parameters are Number of such volumes, Material number, Geant Name,
! ZLO,RLO,RHI,ZMID,RLO,RHI,ZHI,RLO,RHI  which have the same meaning
! as the GEANT polycone definition
 1  16
 'EEM-'  -67.134 1.875 36.653  -71.812 1.875 43.629 -76.490  1.875  43.629
\END
\ARRAY EC_EM-1
 1  40
 'EE-1'  -67.134     -67.938  2.459  32.622
\END
\ARRAY EC_EM-2
 1  41
 'EE-2'  -67.938     -68.932  2.459  35.021
\END
\ARRAY EC_EM-3
 1  42
 'EE-3'  -68.932     -71.914  2.459  38.270
\END
\ARRAY EC_EM-4
 1  43
 'EE-4'  -72.714     -76.490  2.459  40.763
\END
\ARRAY EM_SUPPORT_PLATE-Z
 1  10
 'EMP-'  -71.914     -72.714  2.250  43.629
\END
\ARRAY EM_SUPPORT_PIPE-Z
 1  9
 'EES-'  -67.134     -76.490  1.875  2.250
\END
\ARRAY EM1_DIVISIONS-Z
          1          40   0.0
 'EM-1'     -67.13400       -67.93800              
        22
     2.460   3.343   4.425   5.518   6.100   6.745   7.458   8.248   9.123  
    10.093  11.168  12.361  13.686  15.159  16.800  18.630  20.674  22.965  
    25.539  28.442  31.732  32.622
        22
   -35.0 -34.0 -33.0 -32.0 -31.0 -30.0 -29.0 -28.0 -27.0 -26.0
   -25.0 -24.0 -23.0 -22.0 -21.0 -20.0 -19.0 -18.0 -17.0 -16.0
   -15.0  4210.
        21
    32   32   32   64   64   64   64   64   64   64
    64   64   64   64   64   64   64   64   64   64
    64
\END
\ARRAY EM2_DIVISIONS-Z
          1          41   0.0
 'EM-2'     -67.93800       -68.93200              
        22
     2.460   3.390   4.487   5.595   6.186   6.839   7.563   8.364   9.251  
    10.234  11.324  12.534  13.878  15.372  17.035  18.891  20.964  23.287  
    25.897  28.841  32.177  35.021
        22
   -35.0 -34.0 -33.0 -32.0 -31.0 -30.0 -29.0 -28.0 -27.0 -26.0
   -25.0 -24.0 -23.0 -22.0 -21.0 -20.0 -19.0 -18.0 -17.0 -16.0
   -15.0  4210.
        21
    32   32   32   64   64   64   64   64   64   64
    64   64   64   64   64   64   64   64   64   64
    64
\END
\ARRAY EM3_DIVISIONS-Z
          3          42    0.0
 'E-3A'    -68.93200      -69.92600              
        35
     2.460   3.439   4.552   5.676   6.275   6.938   7.672   8.485   9.385  
    10.383  10.921  11.489  12.086  12.716  13.380  14.079  14.817  15.595  
    16.416  17.283  18.198  19.165  20.187  21.268  22.413  23.625  24.910  
    26.273  27.720  29.260  30.898  32.644  34.508  36.501  38.270
        35
   -35.0 -34.0 -33.0 -32.0 -31.0 -30.0 -29.0 -28.0 -27.0 -26.0
   -25.5 -25.0 -24.5 -24.0 -23.5 -23.0 -22.5 -22.0 -21.5 -21.0
   -20.5 -20.0 -19.5 -19.0 -18.5 -18.0 -17.5 -17.0 -16.5 -16.0
   -15.5 -15.0 -14.5 -14.0  4210.
        34
     32   32   32   64   64   64   64   64   64  128
    128  128  128  128  128  128  128  128  128  128
    128  128  128  128  128  128  128  128  128  128
    128  128  128  128

 'E-3B'    -69.92600      -70.92000              
        35
     2.460   3.488   4.618   5.757   6.365   7.038   7.782   8.606   9.519  
    10.531  11.077  11.653  12.259  12.898  13.571  14.280  15.029  15.818  
    16.651  17.530  18.458  19.439  20.476  21.572  22.733  23.963  25.266  
    26.648  28.117  29.678  31.340  33.111  35.001  37.022  38.270
        35
   -35.0 -34.0 -33.0 -32.0 -31.0 -30.0 -29.0 -28.0 -27.0 -26.0
   -25.5 -25.0 -24.5 -24.0 -23.5 -23.0 -22.5 -22.0 -21.5 -21.0
   -20.5 -20.0 -19.5 -19.0 -18.5 -18.0 -17.5 -17.0 -16.5 -16.0
   -15.5 -15.0 -14.5 -14.0  4210.
        34
     32   32   32   64   64   64   64   64   64  128
    128  128  128  128  128  128  128  128  128  128
    128  128  128  128  128  128  128  128  128  128
    128  128  128  128

 'E-3C'    -70.92000      -71.91400              
        35
     2.460   3.537   4.683   5.838   6.455   7.137   7.892   8.728   9.653  
    10.679  11.234  11.817  12.432  13.080  13.762  14.482  15.241  16.041  
    16.885  17.777  18.718  19.713  20.764  21.877  23.054  24.300  25.622  
    27.024  28.513  30.096  31.781  33.578  35.495  37.544  38.270
        35
   -35.0 -34.0 -33.0 -32.0 -31.0 -30.0 -29.0 -28.0 -27.0 -26.0
   -25.5 -25.0 -24.5 -24.0 -23.5 -23.0 -22.5 -22.0 -21.5 -21.0
   -20.5 -20.0 -19.5 -19.0 -18.5 -18.0 -17.5 -17.0 -16.5 -16.0
   -15.5 -15.0 -14.5 -14.0  4210.
        34
     32   32   32   64   64   64   64   64   64  128
    128  128  128  128  128  128  128  128  128  128
    128  128  128  128  128  128  128  128  128  128
    128  128  128  128
\END
\ARRAY EM4_DIVISIONS-Z
          2          43    0.0
 'E-4A'     -72.71400       -74.45000              
        23
     2.460   3.639   4.818   6.007   6.641   7.343   8.119   8.979   9.932  
    10.987  12.158  13.457  14.899  16.504  18.290  20.281  22.507  25.001  
    27.804  30.964  34.546  38.627  40.763
        23
   -35.0 -34.0 -33.0 -32.0 -31.0 -30.0 -29.0 -28.0 -27.0 -26.0
   -25.0 -24.0 -23.0 -22.0 -21.0 -20.0 -19.0 -18.0 -17.0 -16.0
   -15.0 -14.0  4210.
        22
    32   32   32   64   64   64   64   64   64   64
    64   64   64   64   64   64   64   64   64   64
    64   64

 'E-4B'     -74.45000       -76.49000              
        23
     2.460   3.737   4.946   6.167   6.818   7.539   8.336   9.219  10.197  
    11.281  12.483  13.816  15.297  16.944  18.778  20.823  23.109  25.669  
    28.546  31.792  35.469  39.659  40.763
        23
   -35.0 -34.0 -33.0 -32.0 -31.0 -30.0 -29.0 -28.0 -27.0 -26.0
   -25.0 -24.0 -23.0 -22.0 -21.0 -20.0 -19.0 -18.0 -17.0 -16.0
   -15.0 -14.0  4210.
        22
    32   32   32   64   64   64   64   64   64   64
    64   64   64   64   64   64   64   64   64   64
    64   64
\END
!-------------------------------------------------------------------------------
!IH SECTION STARTS HERE
!-------------------------------------------------------------------------------
 IH_FIRST_ROT_MATRIX   4000  !1ST rotation matrix number for IH
\ARRAY IH_CRACK
   1.74  1.82    !Crack at outer radius for cables   IFH, ICH
\END
 IH_SUPPORT_PIPE 0.125 ! Thickness of IH support pipe
!
\ARRAY IFH_MOTHER_VOLUME+Z
 1  49
 'EIF+'  77.0     116.784  1.925  34.0
\END
\ARRAY ICH_MOTHER_VOLUME+Z
 1  49
 'EIC+'  116.784  146.610  1.925  34.0
\END
\ARRAY IFH_DIVISIONS+Z
    8   44  0.0
  'F+01'   78.250    83.144   
        21
     2.050     2.667     3.979     5.268     6.568     7.261     8.028
     8.878     9.818    10.859    12.014    13.293    14.714    16.291
    18.045    19.998    22.176    24.610    27.336    30.400    32.260
        21
    36.0  35.0  34.0  33.0  32.0  31.0  30.0  29.0  28.0  27.0
    26.0  25.0  24.0  23.0  22.0  21.0  20.0  19.0  18.0  17.0  
    4210.
        20
    32        32        32        32        64        64        64
    64        64        64        64        64        64        64
    64        64        64        64        64        64
  'F+02'   83.144    88.290   
        21
     2.050    2.819     4.207     5.568     6.943     7.676     8.487
     9.385   10.379    11.479    12.700    14.052    15.554    17.221
    19.075   21.139    23.442    26.015    28.897    32.136    32.260
        21
    36.0  35.0  34.0  33.0  32.0  31.0  30.0  29.0  28.0  27.0
    26.0  25.0  24.0  23.0  22.0  21.0  20.0  19.0  18.0  17.0  4210.
        20
    32        32        32        32        64        64        64
    64        64        64        64        64        64        64
    64        64        64        64        64        64
  'F+03'   88.290    92.922   
        20
     2.050    2.988     4.459     5.903     7.360     8.137     8.997
     9.948   11.002    12.169    13.462    14.896    16.488    18.255
    20.221   22.409    24.850    27.577    30.632    32.260
        20
    36.0  35.0  34.0  33.0  32.0  31.0  30.0  29.0  28.0  27.0
    26.0  25.0  24.0  23.0  22.0  21.0  20.0  19.0  18.0  4210.
        19
    32        32        32        32        64        64       64
    64        64        64        64        64        64       64
    64        64        64        64        64
  'F+04'   92.922    98.068   
        20
     2.050    3.140     4.686     6.204     7.735     8.551     9.455
    10.455   11.562    12.789    14.148    15.655    17.328    19.185
    21.251   23.551    26.116    28.982    32.193    32.260
        20
    36.0  35.0  34.0  33.0  32.0  31.0  30.0  29.0  28.0  27.0
    26.0  25.0  24.0  23.0  22.0  21.0  20.0  19.0  18.0  4210.
        19
    32        32        32        32        64        64       64
    64        64        64        64        64        64       64
    64        64        64        64        64
  'F+05'   98.068   102.700   
        20
     2.050    2.332     3.310     4.939     6.538     8.152     9.012
     9.965   11.019    12.186    13.478    14.911    16.499    18.262
    20.220   22.397    24.820    27.524    30.544    32.260
        20
    37.0  36.0  35.0  34.0  33.0  32.0  31.0  30.0  29.0  28.0
    27.0  26.0  25.0  24.0  23.0  22.0  21.0  20.0  19.0  4210.
        19
    32        32        32        32        32        64        64
    64        64        64        64        64        64        64
    64        64        64        64        64
  'F+06'  102.700   107.846   
        20
     2.050    2.439     3.462     5.166     6.839     8.527     9.427
    10.423   11.525    12.746    14.098    15.597    17.258    19.102
    21.150   23.427    25.962    28.790    31.949    32.260
        20
    37.0  36.0  35.0  34.0  33.0  32.0  31.0  30.0  29.0  28.0
    27.0  26.0  25.0  24.0  23.0  22.0  21.0  20.0  19.0  4210.
        19
    32        32        32        32        32        64        64
    64        64        64        64        64        64        64
    64        64        64        64        64
  'F+07'  107.846   111.899   
        19
     2.050     2.558     3.631     5.419     7.173     8.944     9.888
    10.933    12.089    13.370    14.788    16.359    18.102    20.036
    22.184    24.572    27.232    30.197    32.260
        19
    37.0  36.0  35.0  34.0  33.0  32.0  31.0  30.0  29.0  28.0
    27.0  26.0  25.0  24.0  23.0  22.0  21.0  20.0  4210.
        18
    32        32        32        32        32        64        64
    64        64        64        64        64        64        64
    64        64        64        64
  'F+08'  111.899   116.784   
        19
     2.050    2.666     3.783     5.646     7.474     9.319    10.302
    11.391   12.596    13.930    15.408    17.045    18.861    20.876
    23.114   25.603    28.373    31.464    32.260
        19
    37.0  36.0  35.0  34.0  33.0  32.0  31.0  30.0  29.0  28.0
    27.0  26.0  25.0  24.0  23.0  22.0  21.0  20.0  4210.
        18
    32        32        32        32        32        64        64
    64        64        64        64        64        64        64
    64        64        64        64
\END
\ARRAY IFH_ENDPLATE+Z
    1   10
 'F+EP'   77.00   78.25   0
\END
\ARRAY  IFH_SUPPORT_PIPE+Z
    1  19
 'F+SP'  77.0  116.784 1.925  2.050
\END
\ARRAY ICH_DIVISIONS+Z
    3   45 0.0
  'C+01'   116.784   127.396   
        18
     2.050    2.839     4.030     6.014     7.960     9.925    10.973
    12.133   13.416    14.837    16.411    18.155    20.089    22.235
    24.619   27.269    30.221    32.260
        18
    37.0  36.0  35.0  34.0  33.0  32.0  31.0  30.0  29.0  28.0
    27.0  26.0  25.0  24.0  23.0  22.0  21.0  4210.
        17
    32        32        32        32        32        64        64
    64        64        64        64        64        64        64
    64        64        64
  'C+02'   127.396   136.088   
        17
     2.050    3.042     4.317     6.443     8.528    10.633    11.756
    12.998   14.373    15.896    17.582    19.450    21.522    23.822
    26.375   29.215    32.260
        17
    37.0  36.0  35.0  34.0  33.0  32.0  31.0  30.0  29.0  28.0
    27.0  26.0  25.0  24.0  23.0  22.0  4210.
        16
    32        32        32        32        32        64        64
    64        64        64        64        64        64        64
    64        64
  'C+03'   136.088   144.780   
        17
     2.050    3.244     4.605     6.872     9.096    11.342    12.539
    13.864   15.330    16.954    18.753    20.746    22.956    25.408
    28.132   31.161    32.260
        17
    37.0  36.0  35.0  34.0  33.0  32.0  31.0  30.0  29.0  28.0
    27.0  26.0  25.0  24.0  23.0  22.0  4210.
        16
    32        32        32        32        32        64        64
    64        64        64        64        64        64        64
    64        64
\END
\ARRAY ICH_ENDPLATE+Z
    1   10
 'C+EP'  144.780   146.61   0
\END
\ARRAY  ICH_SUPPORT_PIPE+Z
    1  19
 'C+SP'  116.784  146.61 1.925  2.050
\END
!---------------------------------
!IH - Z constants
!---------------------------------
\ARRAY IFH_MOTHER_VOLUME-Z
 1  49
 'EIF-' -77.0    -116.784  1.925  34.0
\END
\ARRAY ICH_MOTHER_VOLUME-Z
 1  49
 'EIC-' -116.784 -146.610  1.925  34.0
\END
\ARRAY IFH_DIVISIONS-Z
    8   44  0.0
 'F-01'  -78.250   -83.144   
        21
     2.050     2.667     3.979     5.268     6.568     7.261     8.028
     8.878     9.818    10.859    12.014    13.293    14.714    16.291
    18.045    19.998    22.176    24.610    27.336    30.400    32.260
        21
   -36.0 -35.0 -34.0 -33.0 -32.0 -31.0 -30.0 -29.0 -28.0 -27.0
   -26.0 -25.0 -24.0 -23.0 -22.0 -21.0 -20.0 -19.0 -18.0 -17.0  
   4210.
        20
    32        32        32        32        64        64        64
    64        64        64        64        64        64        64
    64        64        64        64        64        64
  'F-02'  -83.144   -88.290   
        21
     2.050    2.819     4.207     5.568     6.943     7.676     8.487
     9.385   10.379    11.479    12.700    14.052    15.554    17.221
    19.075   21.139    23.442    26.015    28.897    32.136    32.260
        21
   -36.0 -35.0 -34.0 -33.0 -32.0 -31.0 -30.0 -29.0 -28.0 -27.0
   -26.0 -25.0 -24.0 -23.0 -22.0 -21.0 -20.0 -19.0 -18.0 -17.0  4210.
        20
    32        32        32        32        64        64        64
    64        64        64        64        64        64        64
    64        64        64        64        64        64
  'F-03'  -88.290   -92.922   
        20
     2.050    2.988     4.459     5.903     7.360     8.137     8.997
     9.948   11.002    12.169    13.462    14.896    16.488    18.255
    20.221   22.409    24.850    27.577    30.632    32.260
        20
   -36.0 -35.0 -34.0 -33.0 -32.0 -31.0 -30.0 -29.0 -28.0 -27.0
   -26.0 -25.0 -24.0 -23.0 -22.0 -21.0 -20.0 -19.0 -18.0  4210.
        19
    32        32        32        32        64        64       64
    64        64        64        64        64        64       64
    64        64        64        64        64
  'F-04'  -92.922   -98.068   
        20
     2.050    3.140     4.686     6.204     7.735     8.551     9.455
    10.455   11.562    12.789    14.148    15.655    17.328    19.185
    21.251   23.551    26.116    28.982    32.193    32.260
        20
   -36.0 -35.0 -34.0 -33.0 -32.0 -31.0 -30.0 -29.0 -28.0 -27.0
   -26.0 -25.0 -24.0 -23.0 -22.0 -21.0 -20.0 -19.0 -18.0  4210.
        19
    32        32        32        32        64        64       64
    64        64        64        64        64        64       64
    64        64        64        64        64
  'F-05'  -98.068  -102.700   
        20
     2.050    2.332     3.310     4.939     6.538     8.152     9.012
     9.965   11.019    12.186    13.478    14.911    16.499    18.262
    20.220   22.397    24.820    27.524    30.544    32.260
        20
   -37.0 -36.0 -35.0 -34.0 -33.0 -32.0 -31.0 -30.0 -29.0 -28.0
   -27.0 -26.0 -25.0 -24.0 -23.0 -22.0 -21.0 -20.0 -19.0  4210.
        19
    32        32        32        32        32        64        64
    64        64        64        64        64        64        64
    64        64        64        64        64
  'F-06' -102.700  -107.846   
        20
     2.050    2.439     3.462     5.166     6.839     8.527     9.427
    10.423   11.525    12.746    14.098    15.597    17.258    19.102
    21.150   23.427    25.962    28.790    31.949    32.260
        20
   -37.0 -36.0 -35.0 -34.0 -33.0 -32.0 -31.0 -30.0 -29.0 -28.0
   -27.0 -26.0 -25.0 -24.0 -23.0 -22.0 -21.0 -20.0 -19.0  4210.
        19
    32        32        32        32        32        64        64
    64        64        64        64        64        64        64
    64        64        64        64        64
  'F-07' -107.846  -111.899   
        19
     2.050     2.558     3.631     5.419     7.173     8.944     9.888
    10.933    12.089    13.370    14.788    16.359    18.102    20.036
    22.184    24.572    27.232    30.197    32.260
        19
   -37.0 -36.0 -35.0 -34.0 -33.0 -32.0 -31.0 -30.0 -29.0 -28.0
   -27.0 -26.0 -25.0 -24.0 -23.0 -22.0 -21.0 -20.0  4210.
        18
    32        32        32        32        32        64        64
    64        64        64        64        64        64        64
    64        64        64        64
  'F-08' -111.899  -116.784   
        19
     2.050    2.666     3.783     5.646     7.474     9.319    10.302
    11.391   12.596    13.930    15.408    17.045    18.861    20.876
    23.114   25.603    28.373    31.464    32.260
        19
   -37.0 -36.0 -35.0 -34.0 -33.0 -32.0 -31.0 -30.0 -29.0 -28.0
   -27.0 -26.0 -25.0 -24.0 -23.0 -22.0 -21.0 -20.0  4210.
        18
    32        32        32        32        32        64        64
    64        64        64        64        64        64        64
    64        64        64        64
\END
\ARRAY IFH_ENDPLATE-Z
    1   10
 'F-EP'  -77.00  -78.25   0
\END
\ARRAY  IFH_SUPPORT_PIPE-Z
    1  19
 'F-SP' -77.0 -116.784 1.925  2.050
\END
\ARRAY ICH_DIVISIONS-Z
    3   45 0.0
  'C-01'  -116.784  -127.396   
        18
     2.050    2.839     4.030     6.014     7.960     9.925    10.973
    12.133   13.416    14.837    16.411    18.155    20.089    22.235
    24.619   27.269    30.221    32.260
        18
   -37.0 -36.0 -35.0 -34.0 -33.0 -32.0 -31.0 -30.0 -29.0 -28.0
   -27.0 -26.0 -25.0 -24.0 -23.0 -22.0 -21.0  4210.
        17
    32        32        32        32        32        64        64
    64        64        64        64        64        64        64
    64        64        64
  'C-02'  -127.396  -136.088   
        17
     2.050    3.042     4.317     6.443     8.528    10.633    11.756
    12.998   14.373    15.896    17.582    19.450    21.522    23.822
    26.375   29.215    32.260
        17
   -37.0 -36.0 -35.0 -34.0 -33.0 -32.0 -31.0 -30.0 -29.0 -28.0
   -27.0 -26.0 -25.0 -24.0 -23.0 -22.0  4210.
        16
    32        32        32        32        32        64        64
    64        64        64        64        64        64        64
    64        64
  'C-03'  -136.088  -144.780   
        17
     2.050    3.244     4.605     6.872     9.096    11.342    12.539
    13.864   15.330    16.954    18.753    20.746    22.956    25.408
    28.132   31.161    32.260
        17
   -37.0 -36.0 -35.0 -34.0 -33.0 -32.0 -31.0 -30.0 -29.0 -28.0
   -27.0 -26.0 -25.0 -24.0 -23.0 -22.0  4210.
        16
    32        32        32        32        32        64        64
    64        64        64        64        64        64        64
    64        64
\END
\ARRAY ICH_ENDPLATE-Z
    1   10
 'C-EP' -144.780  -146.61   0
\END
\ARRAY  ICH_SUPPORT_PIPE-Z
    1  19
 'C-SP' -116.784 -146.61 1.925  2.050
\END
!-------------------------------------------------------------------------------
!MH SECTION STARTS HERE
!-------------------------------------------------------------------------------
 MH_PHI_SEGMENTS          16  !Number of segments in PHI
\ARRAY MH_FIRST_ROT_MATRIX
4012 4028  !1ST rotation matrices for MH plus minus z
\END
 MH_CRACK              0.197  !Semi Crack between modules in Inches
!
\ARRAY MH_MVOLS_ROT_MATRIX
4000                   !Note that this is NOT a matrix unique to MH
\END
\ARRAY MH_MOTHER_VOLUME+Z
  1    17              !Number of volumes, Material number
'MHM+' 77.00 34.15 61.417 139.82 ! Zlow, R inner, R outer, Zhigh
\END
\ARRAY MFH_MOTHER_VOLUME+Z
  1    50              !number of Z  divisions, Material number
!Names, Zstart, Zend, Rin, Rout
'MFA+' 'MFB+' 77.00 105.760 35.525 62.124
\END
\ARRAY MFH_DIVISIONS+Z
  8    46  0.0     !Number of Z divisions in MFH,Material number
!Z start,Z end Number of radii of cells, radii of cells
 '01A+'   '01B+'  78.112    81.332   
        7
    35.525 37.333  41.743  46.805  52.663  59.516  62.124
        7
    16.0  15.0  14.0  13.0  12.0  11.0  4210.
        0
 '02A+'   '02B+'  81.332    85.090   
        6
    35.525 38.953  43.555  48.836  54.948  62.124
        6
    16.0  15.0  14.0  13.0  12.0  4210.
        0
 '03A+'   '03B+'  85.090    88.310   
        7
    35.525 36.395  40.604  45.401  50.906  57.277  62.124
        7
    17.0  16.0  15.0  14.0  13.0  12.0  4210.
        0
 '04A+'   '04B+'  88.310    92.068   
        7
    35.525 37.847  42.225  47.213  52.938  59.563  62.124
        7
    17.0  16.0  15.0  14.0  13.0  12.0  4210.
        0
 '05A+'   '05B+'  92.068    95.288   
        6
    35.525 39.327  43.876  49.060  55.008  62.124
        6
    17.0  16.0  15.0  14.0  13.0  4210.
        0
 '06A+'   '06B+'  95.288    99.046   
        6
    35.525 40.779  45.496  50.871  57.039  62.124
        6
    17.0  16.0  15.0  14.0  13.0  4210.
        0
 '07A+'   '07B+'  99.046    102.266  
        7
    35.525 37.946  42.260  47.148  52.718  59.109  62.124
        7
    18.0  17.0  16.0  15.0  14.0  13.0  4210.
        0
 '08A+'   '08B+'  102.266   105.760  
        6
    35.525 39.250  43.712  48.768  54.529  62.124
        6
    18.0  17.0  16.0  15.0  14.0  4210.
        0
\END

\ARRAY MFH_ENDPLATE+Z
  1    10
 'EPA+'   'EPB+'  77.00    78.00       0
\END
\ARRAY MH_MASSLESS_GAP+Z
  1    17   !Number of Z divisions, Material, two names, Zlo,zhi,Rlo,Rhi
 'MHG+' 0 76.31  76.49     45.0   65.0
\END
\ARRAY MHG_DIVISIONS+Z
  1    17  0.0 !There  are 3 eta divisions in the massless gap, Hence the need
               !to declare a Z division
 'MHG+'  76.31  76.49              
        4
    45.0      50.61    57.2     65.0
        4
    13.0     12.0     11.0  4210.
        0
\END
\ARRAY MCH_MOTHER_VOLUME+Z
  1    50              !number of Z  divisions, Material number
!Name, Zstart, Zend, Rin, Rout
'MCA+' 'MCB+' 105.760 137.374 35.476 62.185
\END
\ARRAY MCH_DIVISIONS+Z
  3    47  0.0            !Number of Z divisions in MFH,Material number,stagger
 '01C+'   '01D+'  105.760   115.834  
        7
    35.476  37.609  41.824  46.579  51.967  58.106 62.185
        7
    19.0  18.0  17.0  16.0  15.0  14.0  4210.
        0
 '02C+'   '02D+'  115.834   126.104  
        7
    35.476  36.686  40.750  45.318  50.470  56.308 62.185
        7
    20.0  19.0  18.0  17.0  16.0  15.0  4210.
        0
 '03C+'   '03D+'  126.104   136.374  
        6
    35.476  39.828  44.241  49.200  54.793  62.185
        6
    20.0  19.0  18.0  17.0  16.0  4210.
        0
\END
\ARRAY MCH_ENDPLATE+Z
  1    10
 'EPC+'   'EPD+'  136.374  137.374     0
\END
!---------------------------------
!MH - Z constants
!---------------------------------
\ARRAY MH_MOTHER_VOLUME-Z
  1    17              !Number of volumes, Material number
'MHM-' -139.82 34.15 61.417 -77.00 ! Zlow, R inner, R outer, Zhigh
\END
\ARRAY MFH_MOTHER_VOLUME-Z
  1    50              !number of Z  divisions, Material number
!Name, Zstart, Zend, Rin, Rout
'MFA-' 'MFB-' -77.00 -105.760 35.525 62.124
\END
\ARRAY MFH_DIVISIONS-Z
  8    46  0.0     !Number of Z divisions in MFH,Material number
!Z start,Z end Number of radii of cells, radii of cells
 '01A-'   '01B-'  -78.112    -81.332   
        7
    35.525 37.333  41.743  46.805  52.663  59.516  62.124
        7
   -16.0 -15.0 -14.0 -13.0 -12.0 -11.0  4210.
        0
 '02A-'   '02B-'  -81.332    -85.090   
        6
    35.525 38.953  43.555  48.836  54.948  62.124
        6
   -16.0 -15.0 -14.0 -13.0 -12.0  4210.
        0
 '03A-'   '03B-'  -85.090    -88.310   
        7
    35.525 36.395  40.604  45.401  50.906  57.277  62.124
        7
   -17.0 -16.0 -15.0 -14.0 -13.0 -12.0  4210.
        0
 '04A-'   '04B-'  -88.310    -92.068   
        7
    35.525 37.847  42.225  47.213  52.938  59.563  62.124
        7
   -17.0 -16.0 -15.0 -14.0 -13.0 -12.0  4210.
        0
 '05A-'   '05B-'  -92.068    -95.288   
        6
    35.525 39.327  43.876  49.060  55.008  62.124
        6
   -17.0 -16.0 -15.0 -14.0 -13.0  4210.
        0
 '06A-'   '06B-'  -95.288    -99.046   
        6
    35.525 40.779  45.496  50.871  57.039  62.124
        6
   -17.0 -16.0 -15.0 -14.0 -13.0  4210.
        0
 '07A-'   '07B-'  -99.046    -102.266  
        7
    35.525 37.946  42.260  47.148  52.718  59.109  62.124
        7
   -18.0 -17.0 -16.0 -15.0 -14.0 -13.0  4210.
        0
 '08A-'   '08B-'  -102.266   -105.760  
        6
    35.525 39.250  43.712  48.768  54.529  62.124
        6
   -18.0 -17.0 -16.0 -15.0 -14.0  4210.
        0
\END
\ARRAY MFH_ENDPLATE-Z
  1    10
 'EPA-'  'EPB-' -77.00   -78.00       0
\END
\ARRAY MH_MASSLESS_GAP-Z
  1    17    !Number of Z divisions, Material, two names, Zlo,zhi,Rlo,Rhi
 'MHG-' 0 -76.31  -76.49     45.0   65.0
\END
\ARRAY MHG_DIVISIONS-Z
  1    17  0.0 !There is a radius boundary in the massless gap, Hence the need
               !to declare a Z division
 'MHG-'  -76.31  -76.49              
        4
    45.0      50.61    57.2     65.0
        4
   -13.0    -12.0    -11.0  4210.
        0
\END
\ARRAY MCH_MOTHER_VOLUME-Z
  1    50              !number of Z  divisions, Material number
!Name, Zstart, Zend, Rin, Rout
'MCA-' 'MCB-' -105.760 -137.374 35.476 62.185
\END
\ARRAY MCH_DIVISIONS-Z
  3    47  0.0            !Number of Z divisions in MFH,Material number,stagger
 '01C-'   '01D-'  -105.760   -115.834  
        7
    35.476  37.609  41.824  46.579  51.967  58.106 62.185
        7
   -19.0 -18.0 -17.0 -16.0 -15.0 -14.0  4210.
        0
 '02C-'   '02D-'  -115.834   -126.104  
        7
    35.476  36.686  40.750  45.318  50.470  56.308 62.185
        7
   -20.0 -19.0 -18.0 -17.0 -16.0 -15.0  4210.
        0
 '03C-'   '03D-'  -126.104   -136.374  
        6
    35.476  39.828  44.241  49.200  54.793         62.185
        6
   -20.0 -19.0 -18.0 -17.0 -16.0  4210.
        0
\END
\ARRAY MCH_ENDPLATE-Z
  1    10
 'EPC-'  'EPD-' -136.374 -137.374     0
\END
!-------------------------------------------------------------------------------
!OH SECTION STARTS HERE
!-------------------------------------------------------------------------------
 OH_PHI_SEGMENTS          16  !Number of segments in PHI
 OH_CRACK              0.197  !Semi Crack between modules in Inches
\ARRAY OH_FIRST_ROT_MATRIX
 4140  4156 !first rotation matrix numbers for OH plus and minus  Z
\END
\ARRAY OH_MVOL_ROT_MATRIX
4000                   !Note that this is NOT a matrix unique to OH
\END
!
\ARRAY OH_BIG_MVOLUME+Z
  1    17              !Number of volumes, Material number
'OHM+' 62.55  77.00 124.74 139.19 ! Z1, Z2, Z3, Z4
62.49 87.29                       ! R inner, R outer
\END
\ARRAY OH_MOTHER_VOLUME+Z
  1    51              !number of Z  divisions, Material number
!Name, Zstart, Zend, radius of inner face center line,
!Zstart,zend, radius of outer face center line(as opposed to corner)
!Since this is the mother volume, zend includes space for endplate at exit
!of module
'OCH+'  77.00 139.186 62.491 62.682 124.868 87.290
\END
\ARRAY OH_ENDPLATE+Z
  1    10  !number of end plates, material number
'OEP+' 133.940 138.540 0 !name, Zlo,zhi, number of radii
\END
\ARRAY OH_MASSLESS_GAP+Z
  1    17              !number of Z  divisions, Material number
!Name, Zstart, Zend, radius of inner face center line,
!Zstart,zend, radius of outer face center line(as opposed to corner)
'OHG+'  73.67  73.83  62.75     63.92  64.08  84.4
\END
\ARRAY OHG_DIVISIONS+Z
 1   17  11.25         !The massless gap contains pads at different radii
 'OHG+'  74.11 74.29 
        4               ! Radii for ETA boundaries calc with slope in Z
    62.75  69.08   76.23    84.4  
        4
     10.    9.0     8.0  4210.
        0
\END
\ARRAY OH_DIVISIONS+Z
  12  48  11.25 !Number of Z divisions, Material number,name,zlo,zhi,nrad,radii
                 !ZLO,ZHI are the values at the inner radius
 'O+01'  77.000   81.745   
        5
    62.491  66.903  73.148  80.110  87.290
        5
    11.0  10.0   9.0   8.0  4210.
        0
 'O+02'  81.745   86.490   
        5
    62.491  69.628  76.128  83.373  87.290
        5
    11.0  10.0   9.0   8.0  4210.
        0
 'O+03'  86.490   91.235   
        6
    62.491  66.250  72.354  79.108  86.636  87.290
        6
    12.0  11.0  10.0   9.0   8.0  4210.
        0
 'O+04'  91.235   95.980   
        5
    62.491  68.745  75.079  82.087  87.290
        5
    12.0  11.0  10.0   9.0  4210.
        0
 'O+05'  95.980   100.725  
        6
    62.491  65.312  71.280  77.848  85.115  87.290
        6
    13.0  12.0  11.0  10.0   9.0  4210.
        0
 'O+06'  100.725  105.470  
        5
    62.491  67.598  73.776  80.573  87.290
        5
    13.0  12.0  11.0  10.0  4210.
        0
 'O+07'  105.470  110.215  
        5
    62.491  69.884  76.271  83.298  87.290
        5
    13.0  12.0  11.0  10.0  4210.
        0
 'O+08'  110.215  114.960  
        5
    62.491  72.171  78.766  86.023  87.290
        5
    13.0  12.0  11.0  10.0  4210.
        0
 'O+09'  114.960  119.705  
        5
    62.491  68.279  74.494  81.302  87.290
        5
    14.0  13.0  12.0  11.0  4210.
        0
 'O+10'  119.705  124.450  
        5
    62.491  70.375  76.780  83.797  87.290
        5
    14.0  13.0  12.0  11.0  4210.
        0
 'O+11'  124.450  129.195  
        6
    62.491  66.430  72.471  79.066  86.292  87.290
        6
    15.0  14.0  13.0  12.0  11.0  4210.
        0
 'O+12'  129.195  133.940  
        5
    62.491  68.351  74.566  81.353  87.290
        5
    15.0  14.0  13.0  12.0  4210.
        0
\END
!---------------------------------
!OH - Z constants
!---------------------------------
\ARRAY OH_BIG_MVOLUME-Z
  1    17              !Number of volumes, Material number
'OHM-' -139.19 -124.74 -77.00 -62.55  ! Z1, Z2, Z3, Z4
62.49 87.29                       ! R inner, R outer
\END
\ARRAY OH_MOTHER_VOLUME-Z
  1    51              !number of Z  divisions, Material number
!Name, Zstart, Zend, radius of inner face center line,
!Zstart,zend, radius of outer face center line(as opposed to corner)
!Since this is the mother volume, zend includes space for endplate at exit
!of module
'OCH-'  -77.00 -139.186 62.491 -62.682 -124.868 87.290
\END
\ARRAY OH_ENDPLATE-Z
  1    10  !number of end plates, material number
'OEP-' -133.940 -138.940 0 !name, Zlo,zhi, number of radii
\END
\ARRAY OH_MASSLESS_GAP-Z
  1    17              !number of Z  divisions, Material number
!Name, Zstart, Zend, radius of inner face center line,
!Zstart,zend, radius of outer face center line(as opposed to corner)
'OHG-'  -73.67  -73.83  62.75    -63.92  -64.08  84.4
\END
\ARRAY OHG_DIVISIONS-Z
 1   17  11.25         !The massless gap contains pads at different radii
 'OHG-'  -74.11 -74.29 
        4               ! Radii for ETA boundaries calc with slope in Z
    62.75  69.08   76.23    84.4  
        4
   -10.    -9.0     -8.0  4210.
        0
\END
\ARRAY OH_DIVISIONS-Z
  12  48  11.25 !Number of Z divisions, Material number,name,zlo,zhi,nrad,radii
                 !ZLO,ZHI are the values at the inner radius
 'O-01' -77.000  -81.745   
        5
    62.491  66.903  73.148  80.110  87.290
        5
   -11.0  -10.0   -9.0   -8.0  4210.
        0
 'O-02' -81.745  -86.490   
        5
    62.491  69.628  76.128  83.373  87.290
        5
   -11.0  -10.0   -9.0   -8.0  4210.
        0
 'O-03' -86.490  -91.235   
        6
    62.491  66.250  72.354  79.108  86.636  87.290
        6
   -12.0  -11.0  -10.0   -9.0   -8.0  4210.
        0
 'O-04' -91.235  -95.980   
        5
    62.491  68.745  75.079  82.087  87.290
        5
   -12.0  -11.0  -10.0   -9.0  4210.
        0
 'O-05' -95.980  -100.725  
        6
    62.491  65.312  71.280  77.848  85.115  87.290
        6
   -13.0  -12.0  -11.0  -10.0   -9.0  4210.
        0
 'O-06' -100.725 -105.470  
        5
    62.491  67.598  73.776  80.573  87.290
        5
   -13.0  -12.0  -11.0  -10.0  4210.
        0
 'O-07' -105.470 -110.215  
        5
    62.491  69.884  76.271  83.298  87.290
        5
   -13.0  -12.0  -11.0  -10.0  4210.
        0
 'O-08' -110.215 -114.960  
        5
    62.491  72.171  78.766  86.023  87.290
        5
   -13.0  -12.0  -11.0  -10.0  4210.
        0
 'O-09' -114.960 -119.705  
        5
    62.491  68.279  74.494  81.302  87.290
        5
   -14.0  -13.0  -12.0  -11.0  4210.
        0
 'O-10' -119.705 -124.450  
        5
    62.491  70.375  76.780  83.797  87.290
        5
   -14.0  -13.0  -12.0  -11.0  4210.
        0
 'O-11' -124.450 -129.195  
        6
    62.491  66.430  72.471  79.066  86.292  87.290
        6
   -15.0  -14.0  -13.0  -12.0  -11.0  4210.
        0
 'O-12' -129.195 -133.940  
        5
    62.491  68.351  74.566  81.353  87.290
        5
   -15.0  -14.0  -13.0  -12.0  4210.
        0
\END
\ARRAY BEAM_PIPE_ROT_MATRIX
  1
 4500  90.0 180.0 0. 0. 90. 90.
\END
\ARRAY MAIN_RING_BEAM_PIPE
 3.5625   16   -12.980    81.460    !Radius of pipe filled with
                                    !material=vacuum,X,Y of pipe center
 'OCZ+' 'OCZ-'  5                   !Name of the special OCH volumes,
                                    !Copy number of the volume that is special
 0.0  0.0  0.0  0.0                 !X AND Y CENTERS OF MODULES WITH BEAMPIPE.
                                    !THIS IS SET BY PROGRAM.
\END
\ARRAY BEAM_PIPE_OH_DIVISIONS+Z
  12 48  11.25 !Number of Z divisions, Material number,name, zlo,zhi, nrad,radii
                 !ZLO,ZHI are the values at the inner radius
 'Z+01'  77.000   81.745   
        5
    62.491  66.903  73.148  80.110  87.290
        5
    11.0  10.0   9.0   8.0  4210.
        0
 'Z+02'  81.745   86.490   
        5
    62.491  69.628  76.128  83.373  87.290
        5
    11.0  10.0   9.0   8.0  4210.
        0
 'Z+03'  86.490   91.235   
        6
    62.491  66.250  72.354  79.108  86.636  87.290
        6
    12.0  11.0  10.0   9.0   8.0  4210.
        0
 'Z+04'  91.235   95.980   
        5
    62.491  68.745  75.079  82.087  87.290
        5
    12.0  11.0  10.0   9.0  4210.
        0
 'Z+05'  95.980   100.725  
        6
    62.491  65.312  71.280  77.848  85.115  87.290
        6
    13.0  12.0  11.0  10.0   9.0  4210.
        0
 'Z+06'  100.725  105.470  
        5
    62.491  67.598  73.776  80.573  87.290
        5
    13.0  12.0  11.0  10.0  4210.
        0
 'Z+07'  105.470  110.215  
        5
    62.491  69.884  76.271  83.298  87.290
        5
    13.0  12.0  11.0  10.0  4210.
        0
 'Z+08'  110.215  114.960  
        5
    62.491  72.171  78.766  86.023  87.290
        5
    13.0  12.0  11.0  10.0  4210.
        0
 'Z+09'  114.960  119.705  
        5
    62.491  68.279  74.494  81.302  87.290
        5
    14.0  13.0  12.0  11.0  4210.
        0
 'Z+10'  119.705  124.450  
        5
    62.491  70.375  76.780  83.797  87.290
        5
    14.0  13.0  12.0  11.0  4210.
        0
 'Z+11'  124.450  129.195  
        6
    62.491  66.430  72.471  79.066  86.292  87.290
        6
    15.0  14.0  13.0  12.0  11.0  4210.
        0
 'Z+12'  129.195  133.940  
        5
    62.491  68.351  74.566  81.353  87.290
        5
    15.0  14.0  13.0  12.0  4210.
        0
\END
\ARRAY BEAM_PIPE_OH_DIVISIONS-Z
 12  48  11.25 !Number of Z divisions, Material number,name, zlo,zhi, nrad,radii
                 !ZLO,ZHI are the values at the inner radius
 'Z-01' -77.000  -81.745   
        5
    62.491  66.903  73.148  80.110  87.290
        5
   -11.0  -10.0   -9.0   -8.0  4210.
        0
 'Z-02' -81.745  -86.490   
        5
    62.491  69.628  76.128  83.373  87.290
        5
   -11.0  -10.0   -9.0   -8.0  4210.
        0
 'Z-03' -86.490  -91.235   
        6
    62.491  66.250  72.354  79.108  86.636  87.290
        6
   -12.0  -11.0  -10.0   -9.0   -8.0  4210.
        0
 'Z-04' -91.235  -95.980   
        5
    62.491  68.745  75.079  82.087  87.290
        5
   -12.0  -11.0  -10.0   -9.0  4210.
        0
 'Z-05' -95.980  -100.725  
        6
    62.491  65.312  71.280  77.848  85.115  87.290
        6
   -13.0  -12.0  -11.0  -10.0   -9.0  4210.
        0
 'Z-06' -100.725 -105.470  
        5
    62.491  67.598  73.776  80.573  87.290
        5
   -13.0  -12.0  -11.0  -10.0  4210.
        0
 'Z-07' -105.470 -110.215  
        5
    62.491  69.884  76.271  83.298  87.290
        5
   -13.0  -12.0  -11.0  -10.0  4210.
        0
 'Z-08' -110.215 -114.960  
        5
    62.491  72.171  78.766  86.023  87.290
        5
   -13.0  -12.0  -11.0  -10.0  4210.
        0
 'Z-09' -114.960 -119.705  
        5
    62.491  68.279  74.494  81.302  87.290
        5
   -14.0  -13.0  -12.0  -11.0  4210.
        0
 'Z-10' -119.705 -124.450  
        5
    62.491  70.375  76.780  83.797  87.290
        5
   -14.0  -13.0  -12.0  -11.0  4210.
        0
 'Z-11' -124.450 -129.195  
        6
    62.491  66.430  72.471  79.066  86.292  87.290
        6
   -15.0  -14.0  -13.0  -12.0  -11.0  4210.
        0
 'Z-12' -129.195 -133.940  
        5
    62.491  68.351  74.566  81.353  87.290
        5
   -15.0  -14.0  -13.0  -12.0  4210.
        0
\END
\ARRAY BEAM_PIPE_OH_ENDPLATE+Z
  1    10  !number of end plates, material number
'ZEP+' 133.940 138.940 0 !name, Zlo,zhi, number of radii
\END
\ARRAY BEAM_PIPE_OH_ENDPLATE-Z
  1    10  !number of end plates, material number
'ZEP-' -133.940 -138.940 0 !name, Zlo,zhi, number of radii
\END
!The format of this array is as follows.
! 1st word = Number of mixtures. (NMIXT)
! 2nd,3,4 words = Hollerith string naming the mixture (terminated by a $ sign)
! 5th word = Mixture number used by Geant
! 6th word = Number of materials in the mixtures (NMAT)
! This is followed by NMAT material numbers and NMAT thicknesses (DL)
! DL is in inches. All relative thicknesses are normalized to
! the standard Argon gap.
! This whole pattern is repeated NMIXT times
!
 \ARRAY EC_MIXTURES
       12
 'EC E' 'M1$ ' '    ' 40 3 10 17 18 0.0618 0.180 0.158
 'EC E' 'M2$ ' '    ' 41 3 14 17 18 0.158  0.180 0.158
 'EC E' 'M3$ ' '    ' 42 3 14 17 18 0.158  0.180 0.158
 'EC E' 'M4$ ' '    ' 43 3 14 17 18 0.1178  0.180 0.158
 'EC I' 'FH$ ' '    ' 44 3 18  17  14  0.163  0.1800  0.2362
 'EC I' 'CH$ ' '    ' 45 3 18  17  10  0.163  0.1800  1.830
 'EC M' 'FH$ ' '    ' 46 3 18  17  14  0.050  0.1800  0.2362
 'EC M' 'CH$ ' '    ' 47 3 18  17  10  0.050  0.1800  1.830
 'EC O' 'CH$ ' '    ' 48 3 18  17  10  0.050  0.1800  1.830
 'EC I' 'H CR' 'K$  ' 49 4 11  17  14  10 0.0197   0.1800  0.0122  0.020
 'EC M' 'H CR' 'K$  ' 50 4 18  17  14  10 0.00315  0.1800  0.0165  0.0413
 'EC O' 'H CR' 'K$  ' 51 4 18  17  11  10 8.0E-4   0.1800  0.0547  0.1800
 \END
!End cap Calorimeter rotation matrices
!Number of rotation matrices  followed by
!Matrix number,Theta1,phi1,theta2,phi2,theta3,phi3
! See Geant 3.10  manual for further info.
 \ARRAY EC_ROT_MATRICES
!
!The philosophy is to use minimum number of rotation matrices initially .
!If for misalignment reasons, we need more, it is possible to add more later.
        66             !Number of rotation matrices
!
!EM and IH use two matrices only for +/- Z.
!
 4000     90.0000      0.0000     90.0000     90.0000      0.0000      0.0000
 4001     90.0000    180.0000     90.0000     90.0000    180.0000      0.0000
!
! MH rotation matrices start here. Also used by MH massless gaps.
!
 4012     90.0000     90.0000      0.0000      0.0000     90.0000      0.0000
 4013     90.0000    112.5000      0.0000      0.0000     90.0000     22.5000
 4014     90.0000    135.0000      0.0000      0.0000     90.0000     45.0000
 4015     90.0000    157.5000      0.0000      0.0000     90.0000     67.5000
 4016     90.0000    180.0000      0.0000      0.0000     90.0000     90.0000
 4017     90.0000    202.5000      0.0000      0.0000     90.0000    112.5000
 4018     90.0000    225.0000      0.0000      0.0000     90.0000    135.0000
 4019     90.0000    247.5000      0.0000      0.0000     90.0000    157.5000
 4020     90.0000    270.0000      0.0000      0.0000     90.0000    180.0000
 4021     90.0000    292.5000      0.0000      0.0000     90.0000    202.5000
 4022     90.0000    315.0000      0.0000      0.0000     90.0000    225.0000
 4023     90.0000    337.5000      0.0000      0.0000     90.0000    247.5000
 4024     90.0000    360.0000      0.0000      0.0000     90.0000    270.0000
 4025     90.0000    382.5000      0.0000      0.0000     90.0000    292.5000
 4026     90.0000    405.0000      0.0000      0.0000     90.0000    315.0000
 4027     90.0000    427.5000      0.0000      0.0000     90.0000    337.5000
 4028     90.0000    270.0000    180.0000      0.0000     90.0000      0.0000
 4029     90.0000    292.5000    180.0000      0.0000     90.0000     22.5000
 4030     90.0000    315.0000    180.0000      0.0000     90.0000     45.0000
 4031     90.0000    337.5000    180.0000      0.0000     90.0000     67.5000
 4032     90.0000    360.0000    180.0000      0.0000     90.0000     90.0000
 4033     90.0000    382.5000    180.0000      0.0000     90.0000    112.5000
 4034     90.0000    405.0000    180.0000      0.0000     90.0000    135.0000
 4035     90.0000    427.5000    180.0000      0.0000     90.0000    157.5000
 4036     90.0000    450.0000    180.0000      0.0000     90.0000    180.0000
 4037     90.0000    472.5000    180.0000      0.0000     90.0000    202.5000
 4038     90.0000    495.0000    180.0000      0.0000     90.0000    225.0000
 4039     90.0000    517.5000    180.0000      0.0000     90.0000    247.5000
 4040     90.0000    540.0000    180.0000      0.0000     90.0000    270.0000
 4041     90.0000    562.5000    180.0000      0.0000     90.0000    292.5000
 4042     90.0000    585.0000    180.0000      0.0000     90.0000    315.0000
 4043     90.0000    607.5000    180.0000      0.0000     90.0000    337.5000
!
! OH matrices start here.
!
 4140     90.0000    101.2500      0.0000      0.0000     90.0000     11.2500
 4141     90.0000    123.7500      0.0000      0.0000     90.0000     33.7500
 4142     90.0000    146.2500      0.0000      0.0000     90.0000     56.2500
 4143     90.0000    168.7500      0.0000      0.0000     90.0000     78.7500
 4144     90.0000    191.2500      0.0000      0.0000     90.0000    101.2500
 4145     90.0000    213.7500      0.0000      0.0000     90.0000    123.7500
 4146     90.0000    236.2500      0.0000      0.0000     90.0000    146.2500
 4147     90.0000    258.7500      0.0000      0.0000     90.0000    168.7500
 4148     90.0000    281.2500      0.0000      0.0000     90.0000    191.2500
 4149     90.0000    303.7500      0.0000      0.0000     90.0000    213.7500
 4150     90.0000    326.2500      0.0000      0.0000     90.0000    236.2500
 4151     90.0000    348.7500      0.0000      0.0000     90.0000    258.7500
 4152     90.0000    371.2500      0.0000      0.0000     90.0000    281.2500
 4153     90.0000    393.7500      0.0000      0.0000     90.0000    303.7500
 4154     90.0000    416.2500      0.0000      0.0000     90.0000    326.2500
 4155     90.0000    438.7500      0.0000      0.0000     90.0000    348.7500
 4156     90.0000    281.2500    180.0000      0.0000     90.0000     11.2500
 4157     90.0000    303.7500    180.0000      0.0000     90.0000     33.7500
 4158     90.0000    326.2500    180.0000      0.0000     90.0000     56.2500
 4159     90.0000    348.7500    180.0000      0.0000     90.0000     78.7500
 4160     90.0000    371.2500    180.0000      0.0000     90.0000    101.2500
 4161     90.0000    393.7500    180.0000      0.0000     90.0000    123.7500
 4162     90.0000    416.2500    180.0000      0.0000     90.0000    146.2500
 4163     90.0000    438.7500    180.0000      0.0000     90.0000    168.7500
 4164     90.0000    461.2500    180.0000      0.0000     90.0000    191.2500
 4165     90.0000    483.7500    180.0000      0.0000     90.0000    213.7500
 4166     90.0000    506.2500    180.0000      0.0000     90.0000    236.2500
 4167     90.0000    528.7500    180.0000      0.0000     90.0000    258.7500
 4168     90.0000    551.2500    180.0000      0.0000     90.0000    281.2500
 4169     90.0000    573.7500    180.0000      0.0000     90.0000    303.7500
 4170     90.0000    596.2500    180.0000      0.0000     90.0000    326.2500
 4171     90.0000    618.7500    180.0000      0.0000     90.0000    348.7500
 \END
!
! Now for detector sets
!
 \ARRAY IUSET_END_CALORIMETER+Z
 'ECL+'  256 256   0 1000
  68
!
! EM follows
!
 'EM+1'  4010 1 'EM+1' 8   1 'DEDX' 32 0. 1000.    1 'ADCS' 16
 'EM+2'  4020 1 'EM+2' 8   1 'DEDX' 32 0. 1000.    1 'ADCS' 16
 'E+3A'  4030 1 'E+3A' 8   1 'DEDX' 32 0. 1000.    1 'ADCS' 16
 'E+3B'  4031 1 'E+3B' 8   1 'DEDX' 32 0. 1000.    1 'ADCS' 16
 'E+3C'  4032 1 'E+3C' 8   1 'DEDX' 32 0. 1000.    1 'ADCS' 16
 'EMP+'  4070 1 'EMP+' 8   1 'DEDX' 32 0. 1000.    1 'ADCS' 16 !EM support Plate
 'E+4A'  4070 1 'E+4A' 8   1 'DEDX' 32 0. 1000.    1 'ADCS' 16
 'E+4B'  4071 1 'E+4B' 8   1 'DEDX' 32 0. 1000.    1 'ADCS' 16
!
! IFH follows
!
 'F+EP'  4110 1 'F+EP' 8   1 'DEDX' 32 0. 1000.    1 'ADCS' 16 !IFH endplate
 'F+01'  4110 1 'F+01' 8   1 'DEDX' 32 0. 1000.    1 'ADCS' 16
 'F+02'  4111 1 'F+02' 8   1 'DEDX' 32 0. 1000.    1 'ADCS' 16
 'F+03'  4120 1 'F+03' 8   1 'DEDX' 32 0. 1000.    1 'ADCS' 16
 'F+04'  4121 1 'F+04' 8   1 'DEDX' 32 0. 1000.    1 'ADCS' 16
 'F+05'  4130 1 'F+05' 8   1 'DEDX' 32 0. 1000.    1 'ADCS' 16
 'F+06'  4131 1 'F+06' 8   1 'DEDX' 32 0. 1000.    1 'ADCS' 16
 'F+07'  4140 1 'F+07' 8   1 'DEDX' 32 0. 1000.    1 'ADCS' 16
 'F+08'  4141 1 'F+08' 8   1 'DEDX' 32 0. 1000.    1 'ADCS' 16
!
!ICH follows
!
 'C+01'  4150 1 'C+01' 8   1 'DEDX' 32 0. 1000.    1 'ADCS' 16
 'C+02'  4151 1 'C+02' 8   1 'DEDX' 32 0. 1000.    1 'ADCS' 16
 'C+03'  4152 1 'C+03' 8   1 'DEDX' 32 0. 1000.    1 'ADCS' 16
!
!MFH follows
!
 'EPA+'  4110 1 'EPA+' 8   1 'DEDX' 32 0. 1000.    1 'ADCS' 16 !MFH endplate
 '01A+'  4110 1 '01A+' 8   1 'DEDX' 32 0. 1000.    1 'ADCS' 16
 '02A+'  4111 1 '02A+' 8   1 'DEDX' 32 0. 1000.    1 'ADCS' 16
 '03A+'  4120 1 '03A+' 8   1 'DEDX' 32 0. 1000.    1 'ADCS' 16
 '04A+'  4121 1 '04A+' 8   1 'DEDX' 32 0. 1000.    1 'ADCS' 16
 '05A+'  4130 1 '05A+' 8   1 'DEDX' 32 0. 1000.    1 'ADCS' 16
 '06A+'  4131 1 '06A+' 8   1 'DEDX' 32 0. 1000.    1 'ADCS' 16
 '07A+'  4140 1 '07A+' 8   1 'DEDX' 32 0. 1000.    1 'ADCS' 16
 '08A+'  4141 1 '08A+' 8   1 'DEDX' 32 0. 1000.    1 'ADCS' 16
! Both A and B are declared differently.
 'EPB+'  4110 1 'EPB+' 8   1 'DEDX' 32 0. 1000.    1 'ADCS' 16 !MFH endplate
 '01B+'  4110 1 '01B+' 8   1 'DEDX' 32 0. 1000.    1 'ADCS' 16
 '02B+'  4111 1 '02B+' 8   1 'DEDX' 32 0. 1000.    1 'ADCS' 16
 '03B+'  4120 1 '03B+' 8   1 'DEDX' 32 0. 1000.    1 'ADCS' 16
 '04B+'  4121 1 '04B+' 8   1 'DEDX' 32 0. 1000.    1 'ADCS' 16
 '05B+'  4130 1 '05B+' 8   1 'DEDX' 32 0. 1000.    1 'ADCS' 16
 '06B+'  4131 1 '06B+' 8   1 'DEDX' 32 0. 1000.    1 'ADCS' 16
 '07B+'  4140 1 '07B+' 8   1 'DEDX' 32 0. 1000.    1 'ADCS' 16
 '08B+'  4141 1 '08B+' 8   1 'DEDX' 32 0. 1000.    1 'ADCS' 16
!
!MCH follows
!
 '01C+'  4150 1 '01C+' 8   1 'DEDX' 32 0. 1000.    1 'ADCS' 16
 '02C+'  4151 1 '02C+' 8   1 'DEDX' 32 0. 1000.    1 'ADCS' 16
 '03C+'  4152 1 '03C+' 8   1 'DEDX' 32 0. 1000.    1 'ADCS' 16
! Both C and D are declared separately
 '01D+'  4150 1 '01D+' 8   1 'DEDX' 32 0. 1000.    1 'ADCS' 16
 '02D+'  4151 1 '02D+' 8   1 'DEDX' 32 0. 1000.    1 'ADCS' 16
 '03D+'  4152 1 '03D+' 8   1 'DEDX' 32 0. 1000.    1 'ADCS' 16
!
!OH follows
!
 'O+01'  4150 1 'O+01' 8   1 'DEDX' 32 0. 1000.    1 'ADCS' 16
 'O+02'  4151 1 'O+02' 8   1 'DEDX' 32 0. 1000.    1 'ADCS' 16
 'O+03'  4152 1 'O+03' 8   1 'DEDX' 32 0. 1000.    1 'ADCS' 16
 'O+04'  4153 1 'O+04' 8   1 'DEDX' 32 0. 1000.    1 'ADCS' 16
 'O+05'  4160 1 'O+05' 8   1 'DEDX' 32 0. 1000.    1 'ADCS' 16
 'O+06'  4161 1 'O+06' 8   1 'DEDX' 32 0. 1000.    1 'ADCS' 16
 'O+07'  4162 1 'O+07' 8   1 'DEDX' 32 0. 1000.    1 'ADCS' 16
 'O+08'  4163 1 'O+08' 8   1 'DEDX' 32 0. 1000.    1 'ADCS' 16
 'O+09'  4170 1 'O+09' 8   1 'DEDX' 32 0. 1000.    1 'ADCS' 16
 'O+10'  4171 1 'O+10' 8   1 'DEDX' 32 0. 1000.    1 'ADCS' 16
 'O+11'  4172 1 'O+11' 8   1 'DEDX' 32 0. 1000.    1 'ADCS' 16
 'O+12'  4173 1 'O+12' 8   1 'DEDX' 32 0. 1000.    1 'ADCS' 16
!
!OH with Main ring Beam pipe follows
!
 'Z+01'  4150 1 'Z+01' 8   1 'DEDX' 32 0. 1000.    1 'ADCS' 16
 'Z+02'  4151 1 'Z+02' 8   1 'DEDX' 32 0. 1000.    1 'ADCS' 16
 'Z+03'  4152 1 'Z+03' 8   1 'DEDX' 32 0. 1000.    1 'ADCS' 16
 'Z+04'  4153 1 'Z+04' 8   1 'DEDX' 32 0. 1000.    1 'ADCS' 16
 'Z+05'  4160 1 'Z+05' 8   1 'DEDX' 32 0. 1000.    1 'ADCS' 16
 'Z+06'  4161 1 'Z+06' 8   1 'DEDX' 32 0. 1000.    1 'ADCS' 16
 'Z+07'  4162 1 'Z+07' 8   1 'DEDX' 32 0. 1000.    1 'ADCS' 16
 'Z+08'  4162 1 'Z+08' 8   1 'DEDX' 32 0. 1000.    1 'ADCS' 16
 'Z+09'  4170 1 'Z+09' 8   1 'DEDX' 32 0. 1000.    1 'ADCS' 16
 'Z+10'  4171 1 'Z+10' 8   1 'DEDX' 32 0. 1000.    1 'ADCS' 16
 'Z+11'  4172 1 'Z+11' 8   1 'DEDX' 32 0. 1000.    1 'ADCS' 16
 'Z+12'  4173 1 'Z+12' 8   1 'DEDX' 32 0. 1000.    1 'ADCS' 16
 \END
 \ARRAY IUSET_END_MASSLESS_GAPS+Z
 'EMG+'  256 256   0 1000
    2
 'MHG+'  4100 1 'MHG+' 8   1 'DEDX' 32 0. 1000.    1 'ADCS' 16  !MH massless gap
 'OHG+'  4100 1 'OHG+' 8   1 'DEDX' 32 0. 1000.    1 'ADCS' 16  !OH massless gap
 \END
 \ARRAY IUSET_END_PLATES+Z
 'EEP+'  256 256   0 1000
     8
 'EES+'  4210 1 'EES+' 8   1 'DEDX' 32 0. 1000.    1 'ADCS' 16 !EM support Pipe
 'F+SP'  4210 1 'F+SP' 8   1 'DEDX' 32 0. 1000.    1 'ADCS' 16 !IFH support pipe
 'C+EP'  4210 1 'C+EP' 8   1 'DEDX' 32 0. 1000.    1 'ADCS' 16 !ICH endplate
 'C+SP'  4210 1 'C+SP' 8   1 'DEDX' 32 0. 1000.    1 'ADCS' 16 !ICH support pipe
 'EPC+'  4210 1 'EPC+' 8   1 'DEDX' 32 0. 1000.    1 'ADCS' 16 !MCH endplate
 'EPD+'  4210 1 'EPD+' 8   1 'DEDX' 32 0. 1000.    1 'ADCS' 16 !MCH endplate
 'OEP+'  4210 1 'OEP+' 8   1 'DEDX' 32 0. 1000.    1 'ADCS' 16 !OH  endplate
 'ZEP+'  4210 1 'ZEP+' 8   1 'DEDX' 32 0. 1000.    1 'ADCS' 16 !OH MR endplate
 \END
!
 \ARRAY IUSET_END_CRACKS+Z
 'ECR+'  256 256   0 1000
     11
 'EEM+'  4190 1 'EEM+' 8   1 'DEDX' 32 0. 1000.   1 'ADCS' 16 !EM  mother volume
 'EIF+'  4190 1 'EIF+' 8   1 'DEDX' 32 0. 1000.   1 'ADCS' 16 !IFH mother volume
 'EIC+'  4190 1 'EIC+' 8   1 'DEDX' 32 0. 1000.   1 'ADCS' 16 !ICH mother volume
 'MHM+'  4190 1 'MHM+' 8   1 'DEDX' 32 0. 1000.   1 'ADCS' 16 !MH  mother volume
 'MFA+'  4190 1 'MFA+' 8   1 'DEDX' 32 0. 1000.   1 'ADCS' 16 !MFA mother volume
 'MFB+'  4190 1 'MFB+' 8   1 'DEDX' 32 0. 1000.   1 'ADCS' 16 !MFB mother volume
 'MCA+'  4190 1 'MCA+' 8   1 'DEDX' 32 0. 1000.   1 'ADCS' 16 !MCA mother volume
 'MCB+'  4190 1 'MCB+' 8   1 'DEDX' 32 0. 1000.   1 'ADCS' 16 !MCB mother volume
 'OHM+'  4190 1 'OHM+' 8   1 'DEDX' 32 0. 1000.   1 'ADCS' 16 !OH  mother volume
 'OCH+'  4190 1 'OCH+' 8   1 'DEDX' 32 0. 1000.   1 'ADCS' 16 !OCH mother volume
 'OCZ+'  4190 1 'OCZ+' 8   1 'DEDX' 32 0. 1000.   1 'ADCS' 16 !OCZ mother volume
 \END
!
! negative Z
!
 \ARRAY IUSET_END_CALORIMETER-Z
 'ECL-'  256 256   0 1000
  68
!
! EM follows
!
 'EM-1'  4010 1 'EM-1' 8   1 'DEDX' 32 0. 1000.    1 'ADCS' 16
 'EM-2'  4020 1 'EM-2' 8   1 'DEDX' 32 0. 1000.    1 'ADCS' 16
 'E-3A'  4030 1 'E-3A' 8   1 'DEDX' 32 0. 1000.    1 'ADCS' 16
 'E-3B'  4031 1 'E-3B' 8   1 'DEDX' 32 0. 1000.    1 'ADCS' 16
 'E-3C'  4032 1 'E-3C' 8   1 'DEDX' 32 0. 1000.    1 'ADCS' 16
 'EMP-'  4070 1 'EMP-' 8   1 'DEDX' 32 0. 1000.    1 'ADCS' 16 !EM support Plate
 'E-4A'  4070 1 'E-4A' 8   1 'DEDX' 32 0. 1000.    1 'ADCS' 16
 'E-4B'  4071 1 'E-4B' 8   1 'DEDX' 32 0. 1000.    1 'ADCS' 16
!
! IFH follows
!
 'F-EP'  4110 1 'F-EP' 8   1 'DEDX' 32 0. 1000.    1 'ADCS' 16 !IFH endplate
 'F-01'  4110 1 'F-01' 8   1 'DEDX' 32 0. 1000.    1 'ADCS' 16
 'F-02'  4111 1 'F-02' 8   1 'DEDX' 32 0. 1000.    1 'ADCS' 16
 'F-03'  4120 1 'F-03' 8   1 'DEDX' 32 0. 1000.    1 'ADCS' 16
 'F-04'  4121 1 'F-04' 8   1 'DEDX' 32 0. 1000.    1 'ADCS' 16
 'F-05'  4130 1 'F-05' 8   1 'DEDX' 32 0. 1000.    1 'ADCS' 16
 'F-06'  4131 1 'F-06' 8   1 'DEDX' 32 0. 1000.    1 'ADCS' 16
 'F-07'  4140 1 'F-07' 8   1 'DEDX' 32 0. 1000.    1 'ADCS' 16
 'F-08'  4141 1 'F-08' 8   1 'DEDX' 32 0. 1000.    1 'ADCS' 16
!
!ICH follows
!
 'C-01'  4150 1 'C-01' 8   1 'DEDX' 32 0. 1000.    1 'ADCS' 16
 'C-02'  4151 1 'C-02' 8   1 'DEDX' 32 0. 1000.    1 'ADCS' 16
 'C-03'  4152 1 'C-03' 8   1 'DEDX' 32 0. 1000.    1 'ADCS' 16
!
!MFH follows
!
 'EPA-'  4110 1 'EPA-' 8   1 'DEDX' 32 0. 1000.    1 'ADCS' 16 !MFH endplate
 '01A-'  4110 1 '01A-' 8   1 'DEDX' 32 0. 1000.    1 'ADCS' 16
 '02A-'  4111 1 '02A-' 8   1 'DEDX' 32 0. 1000.    1 'ADCS' 16
 '03A-'  4120 1 '03A-' 8   1 'DEDX' 32 0. 1000.    1 'ADCS' 16
 '04A-'  4121 1 '04A-' 8   1 'DEDX' 32 0. 1000.    1 'ADCS' 16
 '05A-'  4130 1 '05A-' 8   1 'DEDX' 32 0. 1000.    1 'ADCS' 16
 '06A-'  4131 1 '06A-' 8   1 'DEDX' 32 0. 1000.    1 'ADCS' 16
 '07A-'  4140 1 '07A-' 8   1 'DEDX' 32 0. 1000.    1 'ADCS' 16
 '08A-'  4141 1 '08A-' 8   1 'DEDX' 32 0. 1000.    1 'ADCS' 16
! Both A and B are declared differently.
 'EPB-'  4110 1 'EPB-' 8   1 'DEDX' 32 0. 1000.    1 'ADCS' 16 !MFH endplate
 '01B-'  4110 1 '01B-' 8   1 'DEDX' 32 0. 1000.    1 'ADCS' 16
 '02B-'  4111 1 '02B-' 8   1 'DEDX' 32 0. 1000.    1 'ADCS' 16
 '03B-'  4120 1 '03B-' 8   1 'DEDX' 32 0. 1000.    1 'ADCS' 16
 '04B-'  4121 1 '04B-' 8   1 'DEDX' 32 0. 1000.    1 'ADCS' 16
 '05B-'  4130 1 '05B-' 8   1 'DEDX' 32 0. 1000.    1 'ADCS' 16
 '06B-'  4131 1 '06B-' 8   1 'DEDX' 32 0. 1000.    1 'ADCS' 16
 '07B-'  4140 1 '07B-' 8   1 'DEDX' 32 0. 1000.    1 'ADCS' 16
 '08B-'  4141 1 '08B-' 8   1 'DEDX' 32 0. 1000.    1 'ADCS' 16
!
!MCH follows
!
 '01C-'  4150 1 '01C-' 8   1 'DEDX' 32 0. 1000.    1 'ADCS' 16
 '02C-'  4151 1 '02C-' 8   1 'DEDX' 32 0. 1000.    1 'ADCS' 16
 '03C-'  4152 1 '03C-' 8   1 'DEDX' 32 0. 1000.    1 'ADCS' 16
! Both C and D are declared separately
 '01D-'  4150 1 '01D-' 8   1 'DEDX' 32 0. 1000.    1 'ADCS' 16
 '02D-'  4151 1 '02D-' 8   1 'DEDX' 32 0. 1000.    1 'ADCS' 16
 '03D-'  4152 1 '03D-' 8   1 'DEDX' 32 0. 1000.    1 'ADCS' 16
!
!OH follows
!
 'O-01'  4150 1 'O-01' 8   1 'DEDX' 32 0. 1000.    1 'ADCS' 16
 'O-02'  4151 1 'O-02' 8   1 'DEDX' 32 0. 1000.    1 'ADCS' 16
 'O-03'  4152 1 'O-03' 8   1 'DEDX' 32 0. 1000.    1 'ADCS' 16
 'O-04'  4153 1 'O-04' 8   1 'DEDX' 32 0. 1000.    1 'ADCS' 16
 'O-05'  4160 1 'O-05' 8   1 'DEDX' 32 0. 1000.    1 'ADCS' 16
 'O-06'  4161 1 'O-06' 8   1 'DEDX' 32 0. 1000.    1 'ADCS' 16
 'O-07'  4162 1 'O-07' 8   1 'DEDX' 32 0. 1000.    1 'ADCS' 16
 'O-08'  4163 1 'O-08' 8   1 'DEDX' 32 0. 1000.    1 'ADCS' 16
 'O-09'  4170 1 'O-09' 8   1 'DEDX' 32 0. 1000.    1 'ADCS' 16
 'O-10'  4171 1 'O-10' 8   1 'DEDX' 32 0. 1000.    1 'ADCS' 16
 'O-11'  4172 1 'O-11' 8   1 'DEDX' 32 0. 1000.    1 'ADCS' 16
 'O-12'  4173 1 'O-12' 8   1 'DEDX' 32 0. 1000.    1 'ADCS' 16
!
!OH with Main ring Beam pipe follows
!
 'Z-01'  4150 1 'Z-01' 8   1 'DEDX' 32 0. 1000.    1 'ADCS' 16
 'Z-02'  4151 1 'Z-02' 8   1 'DEDX' 32 0. 1000.    1 'ADCS' 16
 'Z-03'  4152 1 'Z-03' 8   1 'DEDX' 32 0. 1000.    1 'ADCS' 16
 'Z-04'  4153 1 'Z-04' 8   1 'DEDX' 32 0. 1000.    1 'ADCS' 16
 'Z-05'  4160 1 'Z-05' 8   1 'DEDX' 32 0. 1000.    1 'ADCS' 16
 'Z-06'  4161 1 'Z-06' 8   1 'DEDX' 32 0. 1000.    1 'ADCS' 16
 'Z-07'  4162 1 'Z-07' 8   1 'DEDX' 32 0. 1000.    1 'ADCS' 16
 'Z-08'  4163 1 'Z-08' 8   1 'DEDX' 32 0. 1000.    1 'ADCS' 16
 'Z-09'  4170 1 'Z-09' 8   1 'DEDX' 32 0. 1000.    1 'ADCS' 16
 'Z-10'  4171 1 'Z-10' 8   1 'DEDX' 32 0. 1000.    1 'ADCS' 16
 'Z-11'  4172 1 'Z-11' 8   1 'DEDX' 32 0. 1000.    1 'ADCS' 16
 'Z-12'  4173 1 'Z-12' 8   1 'DEDX' 32 0. 1000.    1 'ADCS' 16
 \END
 \ARRAY IUSET_END_MASSLESS_GAPS-Z
 'EMG-'  256 256   0 1000
    2
 'MHG-'  4100 1 'MHG-' 8   1 'DEDX' 32 0. 1000.    1 'ADCS' 16  !MH massless gap
 'OHG-'  4100 1 'OHG-' 8   1 'DEDX' 32 0. 1000.    1 'ADCS' 16  !OH massless gap
 \END
 \ARRAY IUSET_END_PLATES-Z
 'EEP-'  256 256   0 1000
     8
 'EES-'  4210 1 'EES-' 8   1 'DEDX' 32 0. 1000.    1 'ADCS' 16 !EM support Pipe
 'F-SP'  4210 1 'F-SP' 8   1 'DEDX' 32 0. 1000.    1 'ADCS' 16 !IFH support pipe
 'C-EP'  4210 1 'C-EP' 8   1 'DEDX' 32 0. 1000.    1 'ADCS' 16 !ICH endplate
 'C-SP'  4210 1 'C-SP' 8   1 'DEDX' 32 0. 1000.    1 'ADCS' 16 !ICH support pipe
 'EPC-'  4210 1 'EPC-' 8   1 'DEDX' 32 0. 1000.    1 'ADCS' 16 !MCH endplate
 'EPD-'  4210 1 'EPD-' 8   1 'DEDX' 32 0. 1000.    1 'ADCS' 16 !MCH endplate
 'OEP-'  4210 1 'OEP-' 8   1 'DEDX' 32 0. 1000.    1 'ADCS' 16 !OH  endplate
 'ZEP-'  4210 1 'ZEP-' 8   1 'DEDX' 32 0. 1000.    1 'ADCS' 16 !OH MR endplate
 \END
 \ARRAY IUSET_END_CRACKS-Z
 'ECR-'  256 256   0 1000
     11
 'EEM-'  4190 1 'EEM-' 8   1 'DEDX' 32 0. 1000.   1 'ADCS' 16 !EM  mother volume
 'EIF-'  4190 1 'EIF-' 8   1 'DEDX' 32 0. 1000.   1 'ADCS' 16 !IFH mother volume
 'EIC-'  4190 1 'EIC-' 8   1 'DEDX' 32 0. 1000.   1 'ADCS' 16 !ICH mother volume
 'MHM-'  4190 1 'MHM-' 8   1 'DEDX' 32 0. 1000.   1 'ADCS' 16 !MH  mother volume
 'MFA-'  4190 1 'MFA-' 8   1 'DEDX' 32 0. 1000.   1 'ADCS' 16 !MFA mother volume
 'MFB-'  4190 1 'MFB-' 8   1 'DEDX' 32 0. 1000.   1 'ADCS' 16 !MFB mother volume
 'MCA-'  4190 1 'MCA-' 8   1 'DEDX' 32 0. 1000.   1 'ADCS' 16 !MCA mother volume
 'MCB-'  4190 1 'MCB-' 8   1 'DEDX' 32 0. 1000.   1 'ADCS' 16 !MCB mother volume
 'OHM-'  4190 1 'OHM-' 8   1 'DEDX' 32 0. 1000.   1 'ADCS' 16 !OH  mother volume
 'OCH-'  4190 1 'OCH-' 8   1 'DEDX' 32 0. 1000.   1 'ADCS' 16 !OCH mother volume
 'OCZ-'  4190 1 'OCZ-' 8   1 'DEDX' 32 0. 1000.   1 'ADCS' 16 !OCZ mother volume
 \END

