   20.00000    
   1.158375    
          11
          13
          15
          17
          19
          20
          22
          24
  0.7750502    
  0.7841061    
  0.8001488    
  0.8004020    
  0.7884765    
  0.7869132    
  0.7689590    
  0.7589436    
   1.496648    
   1.586286    
   1.600903    
   1.485134    
   1.262191    
   1.150038    
   1.081990    
  0.9832166    
  0.9590380    
  0.9058313    
  0.9132384    
  0.9189102    
  0.9514126    
  0.9779273    
  0.9124621    
  0.8759379    
  0.9186876    
  0.8936096    
  0.9323883    
  0.8750863    
  0.8954749    
  0.8021038    
  0.8429871    
  0.8516573    
  0.7889483    
   1.388828    
   1.554010    
   1.545671    
   1.486372    
   1.299367    
   1.163926    
   1.085232    
   1.028848    
   1.004930    
  0.9719556    
  0.9621814    
  0.9508289    
  0.9458895    
  0.9400743    
  0.9622898    
  0.9257973    
  0.8873096    
  0.9112309    
  0.8549768    
  0.8935820    
  0.8485028    
  0.8735164    
  0.8697497    
   20.00000    
   1.165503    
          13
          14
          15
          16
          17
          18
          18
          19
  0.6469291    
  0.6464604    
  0.6707225    
  0.6825737    
  0.6840695    
  0.6668853    
  0.7305021    
  0.6390296    
   1.838249    
   1.918325    
   2.007647    
   1.821682    
   1.414755    
   1.270351    
   1.144242    
   1.092424    
   1.016698    
  0.9915606    
  0.9914675    
  0.8965183    
  0.9411184    
  0.8919643    
  0.9293505    
  0.9042901    
  0.9192371    
  0.9133494    
  0.8710505    
  0.8341748    
   1.625706    
   1.755149    
   1.885313    
   1.704311    
   1.382296    
   1.212531    
   1.110990    
   1.068576    
   1.045421    
  0.9896405    
  0.9660613    
  0.9596468    
  0.9376898    
  0.9365877    
  0.9298266    
  0.9124820    
  0.8967039    
  0.9366941    
  0.9194362    
   20.00000    
   1.149538    
          22
          23
          24
          25
          26
          27
          28
          28
  0.5978241    
  0.6019210    
  0.6498101    
  0.5940120    
  0.6116042    
  0.5470641    
  0.5841319    
  0.6136252    
   1.638831    
   2.018888    
   2.068987    
   1.958974    
   1.567058    
   1.274717    
   1.206503    
   1.097699    
   1.020682    
  0.9980715    
  0.9689758    
  0.9698881    
  0.9706979    
  0.9175256    
  0.9574317    
  0.8857648    
  0.9300712    
  0.8539252    
  0.8529938    
  0.8735908    
  0.8630924    
  0.8699957    
  0.8436273    
  0.8330151    
  0.8543705    
  0.8358365    
  0.8162934    
  0.7483425    
  0.7550087    
   1.507959    
   1.711263    
   1.886756    
   1.862815    
   1.470734    
   1.237782    
   1.152382    
   1.118721    
   1.026745    
  0.9680808    
  0.9863421    
  0.9857200    
  0.9342729    
  0.9020358    
  0.9546846    
  0.9393096    
  0.9203867    
  0.8837079    
  0.9194798    
  0.8799373    
  0.8683577    
  0.8702775    
  0.8738127    
  0.8617158    
  0.8431598    
  0.8127205    
  0.8585640    
  0.8200990    
  0.8166206    
