    4    8  707
   3.7340   4.1912   4.6484   5.1056   5.5628   6.0200   6.4772   6.9344
   0.0102  -0.0102   0.0102  -0.0102   0.0102  -0.0102   0.0102  -0.0102
    1   16   17    7   24    9   33    7   81   17   98    7  105   10  115   10
  171   18  189    7  196   10  206   10  261   17  278    7  285   10  295    9
  350   18  368    8  376   10  386   12  442   17  459    7  466   10  476   10
  533   18  551    7  558   10  568   12  626   16  642    7  649    9  658    9
   40   16   56    7   63   10   73    8  125   18  143    8  151   10  161   10
  216   17  233    8  241   10  251   10  304   18  322    7  329   10  339   11
  398   17  415    7  422   10  432   10  486   18  504    7  511   10  521   12
  580   17  597    7  604   10  614   12  667   16  683    7  690    9  699    9
 -0.001250 -0.036694 -0.066118 -0.087006 -0.106349 -0.127084 -0.152315 -0.180759
 -0.213101 -0.248196 -0.286624 -0.335216 -0.398660 -0.500800 -0.632801 -0.644413
 -0.000001  0.014261  0.037058  0.051616  0.068773  0.081573  0.118629 -0.000607
 -0.052206 -0.105178 -0.127343 -0.124297 -0.150050 -0.192989 -0.235931 -0.328251
  0.000000 -0.000339 -0.000820 -0.003945 -0.004426 -0.005067 -0.007352  0.001250
  0.036681  0.066035  0.086791  0.106048  0.126761  0.152048  0.180610  0.213042
  0.248058  0.286084  0.333701  0.395340  0.500412  0.655544  0.667074 -0.000002
  0.015569  0.036393  0.049172  0.068389  0.081261  0.119020  0.000604  0.048586
  0.109455  0.133864  0.114114  0.133332  0.166645  0.208650  0.225896  0.317901
  0.000000  0.000341  0.000826  0.003709  0.004394  0.004865  0.005427  0.008166
 -0.001250 -0.036678 -0.066069 -0.086994 -0.106544 -0.127688 -0.153586 -0.181240
 -0.209486 -0.241456 -0.278228 -0.322251 -0.379173 -0.467412 -0.739109 -0.746579
 -0.755236  0.000000  0.017183  0.037866  0.051487  0.071220  0.093484  0.121720
 -0.000620 -0.048932 -0.112124 -0.135211 -0.115580 -0.128824 -0.159437 -0.204891
 -0.241232 -0.304243  0.000000 -0.000343 -0.000848 -0.003967 -0.005228 -0.005766
 -0.006264 -0.006674 -0.007288 -0.009947  0.001250  0.036697  0.066196  0.087354
  0.107089  0.128342  0.154254  0.181834  0.210008  0.242005  0.279052  0.323785
  0.382018  0.469072  0.638002  0.715801  0.727246  0.736677  0.000001  0.016112
  0.040415  0.054858  0.071826  0.092907  0.104071  0.139962  0.000619  0.052478
  0.106909  0.128669  0.129036  0.154834  0.190524  0.248607  0.274124  0.356624
  0.000000  0.000281  0.000804  0.001677  0.004706  0.005283  0.005843  0.006674
  0.007437  0.011062 -0.001250 -0.036693 -0.066181 -0.087325 -0.107055 -0.128312
 -0.154234 -0.181833 -0.210036 -0.242086 -0.279240 -0.324197 -0.386600 -0.481306
 -0.695569 -0.807319 -0.814859 -0.823463  0.000000  0.014276  0.035276  0.048565
  0.067849  0.089432  0.116533 -0.000620 -0.049672 -0.104652 -0.127364 -0.125355
 -0.148538 -0.188841 -0.228840 -0.249462 -0.312853  0.000000 -0.000282 -0.000805
 -0.001740 -0.005421 -0.006093 -0.006710 -0.007433 -0.008068 -0.010825  0.001250
  0.036674  0.066054  0.086968  0.106518  0.127672  0.153589  0.181272  0.209555
  0.241587  0.278469  0.322713  0.383703  0.479456  0.827177  0.838350  0.847184
  0.000000  0.015308  0.033139  0.045166  0.062128  0.080397  0.089865  0.119371
  0.000620  0.048859  0.111866  0.134531  0.112620  0.121562  0.151537  0.190961
  0.242818  0.310506  0.000000  0.000344  0.000849  0.003772  0.006157  0.006652
  0.007444  0.007957  0.008743  0.012378 -0.001250 -0.036675 -0.066061 -0.086989
 -0.106556 -0.127731 -0.153677 -0.181397 -0.209725 -0.241828 -0.278827 -0.323275
 -0.384662 -0.484641 -0.918540 -0.925873 -0.933998  0.000000  0.013946  0.030630
  0.042893  0.059741  0.077969  0.099946 -0.000619 -0.048832 -0.111619 -0.134071
 -0.111647 -0.119036 -0.150347 -0.190282 -0.221085 -0.272258  0.000000 -0.000344
 -0.000850 -0.003698 -0.007132 -0.007681 -0.008190 -0.009218 -0.011792  0.001250
  0.036694  0.066189  0.087351  0.107104  0.128388  0.154345  0.181992  0.210249
  0.242386  0.279675  0.324860  0.387687  0.483275  0.713318  0.898804  0.906436
  0.915171  0.000000  0.013055  0.033748  0.047026  0.066563  0.088649  0.116682
  0.000619  0.049642  0.104435  0.126957  0.123932  0.148017  0.189352  0.230715
  0.252173  0.318668  0.000000  0.000281  0.000806  0.001778  0.005282  0.006854
  0.007364  0.008176  0.008698  0.009496  0.013139 -0.001250 -0.036696 -0.066198
 -0.087381 -0.107158 -0.128471 -0.154467 -0.182164 -0.210482 -0.242709 -0.280135
 -0.325541 -0.388763 -0.488574 -0.734025 -0.987402 -0.998852 -1.003133  0.000000
  0.012332  0.032614  0.044774  0.062146  0.080993  0.090810  0.103769 -0.000620
 -0.049618 -0.104226 -0.126627 -0.123944 -0.149035 -0.192708 -0.237193 -0.260587
 -0.291610  0.000000 -0.000280 -0.000794 -0.001634 -0.004472 -0.007822 -0.008323
 -0.009092 -0.009572 -0.010288 -0.011419 -0.013356  0.001250  0.036677  0.066070
  0.087017  0.106606  0.127807  0.153787  0.181554  0.209936  0.242123  0.279253
  0.323917  0.385701  0.486539  1.011148  1.018628  1.027018  0.000000  0.012930
  0.029842  0.042447  0.060192  0.079864  0.104254  0.000619  0.048806  0.111370
  0.133662  0.111361  0.117103  0.146917  0.194936  0.228787  0.286419  0.000000
  0.000344  0.000851  0.003614  0.008101  0.008627  0.009492  0.010053  0.010912
  0.014850 -0.001250 -0.036680 -0.066082 -0.087050 -0.106663 -0.127893 -0.153910
 -0.181726 -0.210166 -0.242439 -0.279699 -0.324573 -0.386728 -0.488328 -1.104261
 -1.108016 -1.116143  0.000000  0.011997  0.028798  0.040749  0.057223  0.074993
  0.096333 -0.000620 -0.048785 -0.111149 -0.133335 -0.111559 -0.117136 -0.145681
 -0.190485 -0.221285 -0.272302  0.000000 -0.000343 -0.000852 -0.003645 -0.009078
 -0.009602 -0.010449 -0.010991 -0.011810 -0.015435  0.001250  0.036699  0.066210
  0.087415  0.107218  0.128561  0.154597  0.182347  0.210726  0.243044  0.280606
  0.326226  0.389819  0.490354  0.741234  1.080688  1.088365  1.092524  0.000000
  0.011501  0.032030  0.045378  0.064378  0.085708  0.097126  0.000619  0.049593
  0.104041  0.126357  0.124267  0.147697  0.188561  0.229212  0.250201  0.277635
  0.000000  0.000280  0.000796  0.001644  0.004511  0.008773  0.009276  0.010042
  0.010514  0.011212  0.012298  0.014122 -0.001250 -0.036705 -0.066234 -0.087476
 -0.107311 -0.128685 -0.154753 -0.182541 -0.210962 -0.243340 -0.280983 -0.326714
 -0.390461 -0.491234 -0.770006 -1.168904 -1.180299 -1.184480  0.000000  0.010713
  0.031915  0.045076  0.063953  0.085160  0.096508 -0.000619 -0.049609 -0.103965
 -0.126926 -0.122965 -0.149172 -0.186126 -0.226387 -0.247168 -0.274322  0.000000
 -0.000278 -0.000797 -0.001649 -0.004462 -0.009774 -0.010322 -0.011186 -0.011727
 -0.012534 -0.013810 -0.015993  0.001250  0.036686  0.066105  0.087103  0.106737
  0.127985  0.154018  0.181852  0.210314  0.242623  0.279938  0.324898  0.387182
  0.489016  1.189771  1.200873  1.209170  0.000000  0.011139  0.029773  0.041266
  0.057974  0.076222  0.098400  0.000621  0.048813  0.110961  0.133214  0.110772
  0.114472  0.142773  0.187714  0.218920  0.271133  0.000000  0.000286  0.000813
  0.001544  0.003692  0.010114  0.010723  0.011296  0.011762  0.012448  0.013509
  0.018495 -0.001250 -0.036686 -0.066045 -0.086802 -0.106051 -0.126750 -0.152026
 -0.180616 -0.213168 -0.248464 -0.287011 -0.335732 -0.406682 -0.708921 -1.292470
 -1.322665  0.000001  0.016387  0.034862  0.038826  0.050688  0.063400  0.121327
 -0.000611 -0.049012 -0.107681 -0.130981 -0.086297 -0.078699 -0.096395 -0.119476
 -0.206415  0.000000 -0.000341 -0.000826 -0.003134 -0.010241 -0.011320 -0.012040
 -0.012968 -0.034466  0.001250  0.036698  0.066126  0.087021  0.106364  0.127101
  0.152350  0.180861  0.213367  0.248794  0.287822  0.337674  0.410949  0.834765
  1.269621  1.294720  0.000000  0.016713  0.035514  0.040737  0.053000  0.066309
  0.111881  0.000614  0.052487  0.103441  0.124075  0.088119  0.095566  0.120304
  0.134601  0.207167  0.000000  0.000283  0.000784  0.003391  0.010888  0.011565
  0.012294  0.012698  0.024915
    0.0    3.0    6.0    9.0   13.0   19.0   29.0   44.0
   66.0   96.0  136.0  196.0  286.0  446.0  661.0  676.0
    0.0   66.0  566.0  626.0  651.0  661.0  676.0    0.0
   12.0   45.0  101.0  526.0  611.0  646.0  661.0  676.0
    0.0    9.0   29.0  611.0  646.0  661.0  676.0    0.0
    3.0    6.0    9.0   13.0   19.0   29.0   44.0   66.0
   96.0  136.0  196.0  286.0  456.0  716.0  731.0    0.0
   66.0  616.0  676.0  706.0  716.0  731.0    0.0   11.0
   48.0   96.0  526.0  651.0  691.0  711.0  716.0  731.0
    0.0    9.0   29.0  591.0  686.0  706.0  716.0  731.0
    0.0    3.0    6.0    9.0   13.0   19.0   29.0   43.0
   61.0   86.0  121.0  171.0  246.0  376.0  801.0  811.0
  821.0    0.0  101.0  701.0  766.0  796.0  811.0  821.0
    0.0   11.0   49.0   96.0  541.0  726.0  776.0  801.0
  811.0  821.0    0.0    9.0   29.0  586.0  766.0  791.0
  801.0  806.0  811.0  821.0    0.0    3.0    6.0    9.0
   13.0   19.0   29.0   43.0   61.0   86.0  121.0  171.0
  246.0  371.0  631.0  751.0  766.0  776.0    0.0   96.0
  661.0  721.0  746.0  761.0  766.0  776.0    0.0   12.0
   45.0   96.0  631.0  711.0  741.0  761.0  766.0  776.0
    0.0    8.0   26.0  176.0  691.0  736.0  751.0  761.0
  766.0  776.0    0.0    3.0    6.0    9.0   13.0   19.0
   29.0   43.0   61.0   86.0  121.0  171.0  251.0  386.0
  711.0  881.0  891.0  901.0    0.0  106.0  781.0  846.0
  876.0  891.0  901.0    0.0   11.0   43.0   91.0  756.0
  836.0  871.0  886.0  891.0  901.0    0.0    8.0   26.0
  186.0  786.0  856.0  876.0  886.0  891.0  901.0    0.0
    3.0    6.0    9.0   13.0   19.0   29.0   43.0   61.0
   86.0  121.0  171.0  251.0  391.0  926.0  941.0  951.0
    0.0  111.0  826.0  891.0  921.0  936.0  941.0  951.0
    0.0   11.0   49.0   96.0  536.0  841.0  901.0  926.0
  941.0  951.0    0.0    9.0   29.0  541.0  891.0  916.0
  931.0  936.0  941.0  951.0    0.0    3.0    6.0    9.0
   13.0   19.0   29.0   43.0   61.0   86.0  121.0  171.0
  251.0  396.0 1056.0 1066.0 1076.0    0.0  116.0  951.0
 1021.0 1051.0 1066.0 1076.0    0.0   11.0   49.0   96.0
  541.0  966.0 1031.0 1056.0 1066.0 1076.0    0.0    9.0
   29.0  521.0 1021.0 1046.0 1056.0 1066.0 1076.0    0.0
    3.0    6.0    9.0   13.0   19.0   29.0   43.0   61.0
   86.0  121.0  171.0  251.0  386.0  731.0 1011.0 1021.0
 1031.0    0.0  111.0  911.0  976.0 1006.0 1021.0 1031.0
    0.0   11.0   43.0   91.0  881.0  966.0 1001.0 1016.0
 1021.0 1031.0    0.0    8.0   26.0  191.0  751.0  971.0
  996.0 1011.0 1016.0 1021.0 1031.0    0.0    3.0    6.0
    9.0   13.0   19.0   29.0   43.0   61.0   86.0  121.0
  171.0  251.0  391.0  756.0 1136.0 1151.0 1156.0    0.0
  121.0 1036.0 1101.0 1131.0 1146.0 1151.0 1156.0    0.0
   11.0   43.0   91.0 1011.0 1096.0 1131.0 1146.0 1151.0
 1156.0    0.0    8.0   25.0  161.0  621.0 1096.0 1121.0
 1136.0 1141.0 1146.0 1151.0 1156.0    0.0    3.0    6.0
    9.0   13.0   19.0   29.0   43.0   61.0   86.0  121.0
  171.0  251.0  396.0 1186.0 1196.0 1206.0    0.0  121.0
 1081.0 1151.0 1181.0 1196.0 1206.0    0.0   11.0   49.0
   96.0  546.0 1086.0 1156.0 1186.0 1196.0 1206.0    0.0
    9.0   29.0  501.0 1146.0 1171.0 1186.0 1191.0 1196.0
 1206.0    0.0    3.0    6.0    9.0   13.0   19.0   29.0
   43.0   61.0   86.0  121.0  171.0  251.0  396.0 1316.0
 1321.0 1331.0    0.0  126.0 1206.0 1276.0 1306.0 1321.0
 1331.0    0.0   11.0   49.0   96.0  551.0 1211.0 1281.0
 1311.0 1321.0 1331.0    0.0    9.0   29.0  501.0 1271.0
 1296.0 1311.0 1316.0 1321.0 1331.0    0.0    3.0    6.0
    9.0   13.0   19.0   29.0   43.0   61.0   86.0  121.0
  171.0  251.0  391.0  761.0 1266.0 1276.0 1281.0    0.0
  126.0 1161.0 1231.0 1261.0 1276.0 1281.0    0.0   11.0
   43.0   91.0 1141.0 1221.0 1256.0 1271.0 1276.0 1281.0
    0.0    8.0   25.0  161.0  621.0 1221.0 1246.0 1261.0
 1266.0 1271.0 1276.0 1281.0    0.0    3.0    6.0    9.0
   13.0   19.0   29.0   43.0   61.0   86.0  121.0  171.0
  251.0  391.0  801.0 1391.0 1406.0 1411.0    0.0  141.0
 1291.0 1361.0 1391.0 1406.0 1411.0    0.0   11.0   43.0
   96.0 1276.0 1356.0 1386.0 1401.0 1406.0 1411.0    0.0
    8.0   25.0  161.0  611.0 1351.0 1376.0 1391.0 1396.0
 1401.0 1406.0 1411.0    0.0    3.0    6.0    9.0   13.0
   19.0   29.0   43.0   61.0   86.0  121.0  171.0  251.0
  396.0 1436.0 1451.0 1461.0    0.0  136.0 1341.0 1406.0
 1436.0 1451.0 1461.0    0.0   11.0   49.0   96.0  586.0
 1341.0 1411.0 1441.0 1451.0 1461.0    0.0    8.0   26.0
  146.0  506.0 1401.0 1426.0 1436.0 1441.0 1446.0 1451.0
 1461.0    0.0    3.0    6.0    9.0   13.0   19.0   29.0
   44.0   66.0   96.0  136.0  196.0  296.0  751.0 1601.0
 1636.0    0.0  181.0  801.0 1506.0 1576.0 1601.0 1636.0
    0.0   11.0   47.0   96.0  611.0 1411.0 1566.0 1601.0
 1636.0    0.0    9.0   29.0  441.0 1421.0 1556.0 1586.0
 1601.0 1636.0    0.0    3.0    6.0    9.0   13.0   19.0
   29.0   44.0   66.0   96.0  136.0  196.0  296.0  916.0
 1546.0 1576.0    0.0  176.0  721.0 1451.0 1521.0 1546.0
 1576.0    0.0   12.0   44.0   96.0  771.0 1456.0 1531.0
 1546.0 1576.0    0.0    8.0   26.0  461.0 1491.0 1526.0
 1541.0 1546.0 1576.0
