    4    8  709
   3.7340   4.1912   4.6484   5.1056   5.5628   6.0200   6.4772   6.9344
   0.0102  -0.0102   0.0102  -0.0102   0.0102  -0.0102   0.0102  -0.0102
    1   17   18    7   25   10   35    8   84   17  101    7  108   10  118    9
  172   18  190    8  198   10  208   10  261   17  278    7  285   10  295   10
  353   18  371    7  378   10  388   11  445   17  462    7  469   10  479   11
  538   18  556    7  563    9  572   12  628   16  644    7  651    9  660    9
   43   16   59    8   67    9   76    8  127   18  145    7  152   10  162   10
  218   17  235    7  242   10  252    9  305   18  323    8  331   10  341   12
  399   17  416    8  424   10  434   11  490   18  508    8  516   10  526   12
  584   17  601    7  608   10  618   10  669   16  685    7  692    9  701    9
 -0.001250 -0.036686 -0.066085 -0.086926 -0.106228 -0.126926 -0.152126 -0.180539
 -0.212854 -0.247921 -0.286318 -0.334866 -0.398242 -0.500262 -0.631988 -0.635508
 -0.643351 -0.000001  0.014183  0.036676  0.050853  0.067347  0.088003  0.114014
 -0.000608 -0.052166 -0.105009 -0.127282 -0.124651 -0.149234 -0.190692 -0.231587
 -0.252681 -0.317662  0.000000 -0.000340 -0.000819 -0.003939 -0.004399 -0.004992
 -0.005381 -0.007009  0.001250  0.036673  0.066002  0.086710  0.105923  0.126599
  0.151851  0.180381  0.212784  0.247773  0.285768  0.333343  0.394915  0.499851
  0.654639  0.665883 -0.000002  0.015488  0.029246  0.039430  0.055500  0.072298
  0.079031  0.113929  0.000604  0.048540  0.110263  0.134234  0.113924  0.132797
  0.172489  0.221412  0.306584  0.000000  0.000341  0.000825  0.003675  0.004451
  0.005028  0.005329  0.007711 -0.001250 -0.036664 -0.066009 -0.086849 -0.106325
 -0.127402 -0.153239 -0.180839 -0.209045 -0.240974 -0.277702 -0.321666 -0.378497
 -0.466561 -0.737409 -0.744676 -0.757720  0.000000  0.017103  0.037914  0.052278
  0.068384  0.088164  0.131362 -0.000620 -0.048821 -0.111782 -0.135091 -0.115509
 -0.129623 -0.162444 -0.212372 -0.230289 -0.327019  0.000000 -0.000344 -0.000847
 -0.003957 -0.005264 -0.005865 -0.006449 -0.006943 -0.011233  0.001250  0.036683
  0.066137  0.087208  0.106868  0.128054  0.153904  0.181432  0.209564  0.241517
  0.278515  0.323182  0.381315  0.468191  0.636733  0.717729  0.725320  0.734202
  0.000000  0.016418  0.039974  0.053703  0.074553  0.098387  0.129118  0.000619
  0.049621  0.104599  0.127982  0.129396  0.157101  0.196200  0.239410  0.261991
  0.332724  0.000000  0.000285  0.000804  0.001675  0.004729  0.005352  0.006005
  0.006414  0.007030  0.009745 -0.001250 -0.036679 -0.066124 -0.087184 -0.106843
 -0.128035 -0.153899 -0.181448 -0.209611 -0.241621 -0.278728 -0.323623 -0.385924
 -0.480441 -0.694216 -0.809115 -0.816813 -0.825820  0.000000  0.014222  0.035333
  0.049361  0.065122  0.084350  0.094369  0.125841 -0.000620 -0.049561 -0.104353
 -0.127254 -0.125116 -0.150354 -0.194095 -0.238626 -0.262042 -0.336078  0.000000
 -0.000286 -0.000805 -0.001737 -0.005439 -0.006138 -0.006833 -0.007691 -0.008472
 -0.012109  0.001250  0.036660  0.065995  0.086826  0.106303  0.127391  0.153246
  0.180876  0.209118  0.241108  0.277946  0.322129  0.379418  0.471952  0.828765
  0.836144  0.844480  0.000000  0.015254  0.033149  0.045764  0.063932  0.083993
  0.108765  0.000620  0.048754  0.111524  0.134410  0.112569  0.121022  0.149017
  0.196859  0.230446  0.287380  0.000000  0.000344  0.000848  0.003793  0.006184
  0.006725  0.007227  0.008249  0.010855 -0.001250 -0.036662 -0.066002 -0.086849
 -0.106344 -0.127454 -0.153341 -0.181011 -0.209302 -0.241369 -0.278331 -0.322729
 -0.384033 -0.483838 -0.920230 -0.927670 -0.936064  0.000000  0.013912  0.030591
  0.043471  0.061589  0.081731  0.106799 -0.000621 -0.048719 -0.111241 -0.133935
 -0.111618 -0.118585 -0.147952 -0.184458 -0.231174 -0.290018  0.000000 -0.000344
 -0.000849 -0.003721 -0.007095 -0.007578 -0.008343 -0.008830 -0.009569 -0.012861
  0.001250  0.036681  0.066132  0.087211  0.106891  0.128110  0.154009  0.181606
  0.209825  0.241922  0.279166  0.324290  0.387020  0.482425  0.711971  0.896862
  0.908300  0.912614  0.000000  0.013024  0.033384  0.045864  0.063719  0.083232
  0.093459  0.107028  0.000619  0.049533  0.104133  0.126843  0.124100  0.149559
  0.194090  0.239799  0.263983  0.296211  0.000000  0.000285  0.000806  0.001775
  0.005364  0.006883  0.007451  0.007976  0.008405  0.009041  0.010041  0.011740
 -0.001250 -0.036683 -0.066142 -0.087243 -0.106948 -0.128199 -0.154139 -0.181789
 -0.210072 -0.242265 -0.279654 -0.325013 -0.388158 -0.484375 -0.719567 -0.989242
 -0.996826 -1.005394  0.000000  0.012303  0.032300  0.045570  0.064303  0.085200
  0.111292 -0.000621 -0.049505 -0.103912 -0.126500 -0.123673 -0.147251 -0.187376
 -0.227074 -0.247493 -0.310012  0.000000 -0.000284 -0.000807 -0.001788 -0.005075
 -0.007851 -0.008403 -0.009296 -0.009873 -0.010754 -0.014793  0.001250  0.036664
  0.066012  0.086875  0.106391  0.127528  0.153448  0.181164  0.209509  0.241660
  0.278752  0.323368  0.385069  0.485733  1.012646  1.020239  1.024376  0.000000
  0.012900  0.029523  0.041358  0.057544  0.074874  0.083808  0.095509  0.000619
  0.048693  0.110991  0.133526  0.111383  0.117644  0.144671  0.188138  0.238861
  0.266572  0.000000  0.000344  0.000850  0.003639  0.008109  0.008683  0.009225
  0.009669  0.010328  0.011361  0.013108 -0.001250 -0.036666 -0.066024 -0.086910
 -0.106450 -0.127616 -0.153575 -0.181342 -0.209747 -0.241987 -0.279215 -0.324048
 -0.386135 -0.487595 -1.102363 -1.109857 -1.113884  0.000000  0.011978  0.028466
  0.039696  0.054812  0.078686  0.089066 -0.000620 -0.048674 -0.110767 -0.133180
 -0.111502 -0.117461 -0.143356 -0.184201 -0.230685 -0.255559  0.000000 -0.000345
 -0.000851 -0.003640 -0.009112 -0.009691 -0.010235 -0.010677 -0.011329 -0.012340
 -0.014025  0.001250  0.036685  0.066154  0.087276  0.107006  0.128287  0.154265
  0.181966  0.210307  0.242588  0.280108  0.325674  0.389179  0.489549  0.739963
  1.078582  1.090048  1.094319  0.000000  0.011477  0.032016  0.044004  0.061164
  0.079744  0.089403  0.102134  0.000620  0.049484  0.103719  0.126764  0.123359
  0.145613  0.182749  0.236660  0.259876  0.290618  0.000000  0.000283  0.000808
  0.001825  0.005222  0.008808  0.009359  0.010230  0.010781  0.011611  0.012938
  0.015252 -0.001250 -0.036691 -0.066179 -0.087338 -0.107102 -0.128414 -0.154426
 -0.182168 -0.210555 -0.242899 -0.280506 -0.326192 -0.389870 -0.490518 -0.768934
 -1.170851 -1.178414 -1.182455  0.000000  0.010715  0.032035  0.044013  0.061390
  0.080352  0.090261 -0.000620 -0.049499 -0.103606 -0.126779 -0.123090 -0.147215
 -0.191184 -0.236154 -0.259874  0.000000 -0.000281 -0.000795 -0.001646 -0.004454
 -0.009744 -0.010422 -0.010984 -0.011436 -0.012096 -0.013108 -0.014769  0.001250
  0.036672  0.066047  0.086962  0.106525  0.127709  0.153683  0.181467  0.209891
  0.242163  0.279441  0.324351  0.386555  0.488231  1.191430  1.198804  1.206818
  0.000000  0.011150  0.029645  0.042202  0.060232  0.072140  0.091277  0.000619
  0.048710  0.110611  0.133063  0.110580  0.113844  0.140229  0.181048  0.208621
  0.253408  0.000000  0.000344  0.000851  0.003651  0.010080  0.010615  0.011481
  0.012032  0.012858  0.016444 -0.001250 -0.036678 -0.066012 -0.086723 -0.105930
 -0.126594 -0.151838 -0.180399 -0.212927 -0.248202 -0.286727 -0.335420 -0.406321
 -0.708325 -1.291504 -1.321180  0.000001  0.016451  0.035110  0.038938  0.050380
  0.062573  0.116801 -0.000611 -0.048960 -0.107491 -0.130896 -0.086005 -0.078608
 -0.095571 -0.117675 -0.198814  0.000000 -0.000341 -0.000837 -0.003098 -0.010270
 -0.011313 -0.012008 -0.012885 -0.031224  0.001250  0.036690  0.066093  0.086940
  0.106242  0.126942  0.152157  0.180638  0.213117  0.248518  0.287516  0.337326
  0.410528  0.830395  1.271963  1.298112  0.000000  0.017033  0.035832  0.040887
  0.052600  0.069088  0.122231  0.000613  0.052433  0.104197  0.124231  0.088303
  0.095057  0.118529  0.138072  0.222486  0.000000  0.000339  0.000821  0.003317
  0.010929  0.011505  0.012167  0.013013  0.030600
    0.0    3.0    6.0    9.0   13.0   19.0   29.0   44.0
   66.0   96.0  136.0  196.0  286.0  446.0  661.0  666.0
  676.0    0.0   66.0  566.0  626.0  651.0  666.0  676.0
    0.0   12.0   45.0  101.0  531.0  611.0  646.0  661.0
  666.0  676.0    0.0    9.0   29.0  611.0  646.0  661.0
  666.0  676.0    0.0    3.0    6.0    9.0   13.0   19.0
   29.0   44.0   66.0   96.0  136.0  196.0  286.0  456.0
  716.0  731.0    0.0   66.0  491.0  641.0  691.0  711.0
  716.0  731.0    0.0   11.0   49.0  101.0  521.0  651.0
  696.0  716.0  731.0    0.0    9.0   29.0  586.0  691.0
  711.0  716.0  731.0    0.0    3.0    6.0    9.0   13.0
   19.0   29.0   43.0   61.0   86.0  121.0  171.0  246.0
  376.0  801.0  811.0  826.0    0.0  101.0  706.0  771.0
  796.0  811.0  826.0    0.0   11.0   49.0   96.0  546.0
  731.0  781.0  806.0  811.0  826.0    0.0    9.0   29.0
  586.0  771.0  796.0  806.0  811.0  826.0    0.0    3.0
    6.0    9.0   13.0   19.0   29.0   43.0   61.0   86.0
  121.0  171.0  246.0  371.0  631.0  756.0  766.0  776.0
    0.0  101.0  661.0  721.0  751.0  766.0  776.0    0.0
   11.0   43.0   91.0  636.0  716.0  746.0  761.0  766.0
  776.0    0.0    8.0   26.0  176.0  696.0  741.0  756.0
  761.0  766.0  776.0    0.0    3.0    6.0    9.0   13.0
   19.0   29.0   43.0   61.0   86.0  121.0  171.0  251.0
  386.0  711.0  886.0  896.0  906.0    0.0  106.0  786.0
  851.0  876.0  891.0  896.0  906.0    0.0   11.0   43.0
   91.0  756.0  841.0  876.0  891.0  896.0  906.0    0.0
    8.0   26.0  186.0  791.0  861.0  881.0  891.0  896.0
  906.0    0.0    3.0    6.0    9.0   13.0   19.0   29.0
   43.0   61.0   86.0  121.0  171.0  246.0  381.0  931.0
  941.0  951.0    0.0  111.0  831.0  896.0  926.0  941.0
  951.0    0.0   11.0   49.0   96.0  541.0  841.0  901.0
  931.0  941.0  951.0    0.0    9.0   29.0  546.0  896.0
  921.0  931.0  941.0  951.0    0.0    3.0    6.0    9.0
   13.0   19.0   29.0   43.0   61.0   86.0  121.0  171.0
  251.0  396.0 1061.0 1071.0 1081.0    0.0  116.0  956.0
 1026.0 1056.0 1071.0 1081.0    0.0   11.0   49.0   96.0
  546.0  966.0 1031.0 1056.0 1071.0 1081.0    0.0    9.0
   29.0  526.0 1021.0 1046.0 1061.0 1066.0 1071.0 1081.0
    0.0    3.0    6.0    9.0   13.0   19.0   29.0   43.0
   61.0   86.0  121.0  171.0  251.0  386.0  731.0 1011.0
 1026.0 1031.0    0.0  111.0  911.0  976.0 1006.0 1021.0
 1026.0 1031.0    0.0   11.0   43.0   91.0  886.0  971.0
 1006.0 1021.0 1026.0 1031.0    0.0    8.0   26.0  191.0
  766.0  976.0 1001.0 1011.0 1016.0 1021.0 1026.0 1031.0
    0.0    3.0    6.0    9.0   13.0   19.0   29.0   43.0
   61.0   86.0  121.0  171.0  251.0  386.0  736.0 1141.0
 1151.0 1161.0    0.0  121.0 1036.0 1106.0 1136.0 1151.0
 1161.0    0.0   11.0   43.0   91.0 1011.0 1096.0 1131.0
 1146.0 1151.0 1161.0    0.0    8.0   26.0  191.0  711.0
 1101.0 1126.0 1141.0 1146.0 1151.0 1161.0    0.0    3.0
    6.0    9.0   13.0   19.0   29.0   43.0   61.0   86.0
  121.0  171.0  251.0  396.0 1191.0 1201.0 1206.0    0.0
  121.0 1081.0 1151.0 1181.0 1196.0 1201.0 1206.0    0.0
   11.0   49.0   96.0  551.0 1091.0 1156.0 1186.0 1201.0
 1206.0    0.0    9.0   29.0  506.0 1151.0 1176.0 1186.0
 1191.0 1196.0 1201.0 1206.0    0.0    3.0    6.0    9.0
   13.0   19.0   29.0   43.0   61.0   86.0  121.0  171.0
  251.0  396.0 1316.0 1326.0 1331.0    0.0  126.0 1206.0
 1276.0 1306.0 1326.0 1331.0    0.0   11.0   49.0   96.0
  556.0 1216.0 1281.0 1311.0 1326.0 1331.0    0.0    9.0
   29.0  501.0 1276.0 1301.0 1311.0 1316.0 1321.0 1326.0
 1331.0    0.0    3.0    6.0    9.0   13.0   19.0   29.0
   43.0   61.0   86.0  121.0  171.0  251.0  391.0  761.0
 1266.0 1281.0 1286.0    0.0  126.0 1166.0 1231.0 1261.0
 1276.0 1281.0 1286.0    0.0   11.0   43.0   96.0 1136.0
 1221.0 1256.0 1276.0 1281.0 1286.0    0.0    8.0   26.0
  196.0  726.0 1226.0 1251.0 1266.0 1271.0 1276.0 1281.0
 1286.0    0.0    3.0    6.0    9.0   13.0   19.0   29.0
   43.0   61.0   86.0  121.0  171.0  251.0  391.0  801.0
 1396.0 1406.0 1411.0    0.0  141.0 1296.0 1361.0 1391.0
 1406.0 1411.0    0.0   11.0   43.0   96.0 1281.0 1356.0
 1391.0 1406.0 1411.0    0.0    8.0   25.0  161.0  611.0
 1351.0 1381.0 1391.0 1396.0 1401.0 1406.0 1411.0    0.0
    3.0    6.0    9.0   13.0   19.0   29.0   43.0   61.0
   86.0  121.0  171.0  251.0  396.0 1441.0 1451.0 1461.0
    0.0  136.0 1341.0 1411.0 1441.0 1451.0 1461.0    0.0
   11.0   49.0   96.0  596.0 1341.0 1411.0 1441.0 1451.0
 1461.0    0.0    9.0   29.0  501.0 1401.0 1426.0 1441.0
 1446.0 1451.0 1461.0    0.0    3.0    6.0    9.0   13.0
   19.0   29.0   44.0   66.0   96.0  136.0  196.0  296.0
  751.0 1601.0 1636.0    0.0  181.0  801.0 1506.0 1576.0
 1601.0 1636.0    0.0   11.0   47.0   96.0  616.0 1416.0
 1566.0 1601.0 1636.0    0.0    9.0   30.0  436.0 1426.0
 1556.0 1586.0 1601.0 1636.0    0.0    3.0    6.0    9.0
   13.0   19.0   29.0   44.0   66.0   96.0  136.0  196.0
  296.0  911.0 1551.0 1581.0    0.0  181.0  726.0 1451.0
 1521.0 1551.0 1581.0    0.0   12.0   45.0  101.0  756.0
 1456.0 1531.0 1551.0 1581.0    0.0    9.0   29.0  451.0
 1496.0 1526.0 1541.0 1551.0 1581.0
