    4    8  712
   3.7340   4.1912   4.6484   5.1056   5.5628   6.0200   6.4772   6.9344
   0.0102  -0.0102   0.0102  -0.0102   0.0102  -0.0102   0.0102  -0.0102
    1   17   18    7   25   10   35    8   85   17  102    7  109   10  119   10
  174   18  192    8  200   10  210   10  264   17  281    7  288   10  298   10
  355   18  373    8  381   10  391   11  447   17  464    7  471   10  481   11
  538   18  556    7  563    9  572   12  630   16  646    7  653    9  662    9
   43   16   59    7   66   10   76    9  129   17  146    8  154   10  164   10
  220   17  237    7  244   10  254   10  308   18  326    8  334   10  344   11
  402   17  419    7  426   10  436   11  492   18  510    7  517   10  527   11
  584   17  601    7  608   10  618   12  671   16  687    7  694    9  703   10
 -0.001250 -0.037710 -0.067767 -0.088780 -0.108239 -0.129153 -0.154696 -0.183505
 -0.216308 -0.251925 -0.290999 -0.340555 -0.405518 -0.513790 -0.631129 -0.634742
 -0.647540 -0.000001  0.014622  0.037495  0.050587  0.066616  0.086784  0.133229
 -0.000608 -0.050491 -0.103868 -0.126844 -0.124627 -0.150543 -0.186677 -0.226060
 -0.246446 -0.361476  0.000000 -0.000348 -0.000830 -0.003954 -0.004493 -0.004924
 -0.005292 -0.008671  0.001250  0.037696  0.067672  0.088557  0.107935  0.128838
  0.154445  0.183378  0.216266  0.251783  0.290413  0.338934  0.402024  0.513272
  0.655272  0.667210 -0.000002  0.016003  0.037251  0.051317  0.068368  0.081325
  0.119964  0.000603  0.049573  0.110342  0.134348  0.114003  0.131943  0.164257
  0.205689  0.222863  0.315873  0.000000  0.000299  0.000800  0.001561  0.003983
  0.004551  0.005072  0.005403  0.008218 -0.001250 -0.037712 -0.067796 -0.088963
 -0.108739 -0.130166 -0.156465 -0.184538 -0.213232 -0.245701 -0.283095 -0.327975
 -0.386254 -0.480460 -0.738649 -0.746372 -0.755354  0.000000  0.017218  0.038484
  0.051299  0.070961  0.093511  0.122622 -0.000620 -0.050113 -0.112467 -0.135338
 -0.115715 -0.129449 -0.163668 -0.202675 -0.239268 -0.303744  0.000000 -0.000351
 -0.000863 -0.003909 -0.005203 -0.005734 -0.006229 -0.006639 -0.007258 -0.010002
  0.001250  0.037731  0.067930  0.089328  0.109287  0.130814  0.157113  0.185105
  0.213730  0.246246  0.283957  0.329605  0.393017  0.485739  0.717740  0.725671
  0.735070  0.000000  0.016122  0.040906  0.053960  0.069978  0.089779  0.100210
  0.133462  0.000620  0.050968  0.106007  0.128732  0.129703  0.155917  0.195123
  0.239550  0.263176  0.338972  0.000000  0.000297  0.000820  0.001866  0.004796
  0.005344  0.006025  0.006460  0.007126  0.010204 -0.001250 -0.037726 -0.067910
 -0.089291 -0.109243 -0.130771 -0.157078 -0.185085 -0.213734 -0.246301 -0.284116
 -0.329988 -0.393930 -0.491447 -0.726554 -0.808861 -0.816886 -0.826371  0.000000
  0.014289  0.035604  0.049502  0.065415  0.085193  0.095649  0.129149 -0.000620
 -0.050899 -0.105766 -0.127958 -0.124695 -0.148846 -0.192205 -0.237381 -0.261502
 -0.339307  0.000000 -0.000297 -0.000821 -0.002020 -0.005775 -0.006388 -0.007195
 -0.007726 -0.008554 -0.012563  0.001250  0.037707  0.067777  0.088927  0.108698
  0.130131  0.156446  0.184543  0.213271  0.245798  0.283302  0.328406  0.390869
  0.492926  0.829874  0.837691  0.846755  0.000000  0.015325  0.033507  0.046497
  0.066017  0.088588  0.117993  0.000620  0.050034  0.112220  0.134656  0.112619
  0.121649  0.149088  0.187291  0.238061  0.304984  0.000000  0.000351  0.000863
  0.003704  0.006192  0.006784  0.007363  0.007854  0.008610  0.012130 -0.001250
 -0.037708 -0.067784 -0.088948 -0.108737 -0.130192 -0.156534 -0.184668 -0.213439
 -0.246037 -0.283656 -0.328962 -0.391821 -0.498249 -0.920551 -0.928340 -0.937260
  0.000000  0.013972  0.031226  0.043706  0.062469  0.084038  0.111908 -0.000620
 -0.050006 -0.111990 -0.134222 -0.111617 -0.118874 -0.147007 -0.184524 -0.234126
 -0.299012  0.000000 -0.000351 -0.000864 -0.003591 -0.007093 -0.007597 -0.008424
 -0.008967 -0.009809 -0.013808  0.001250  0.037728  0.067918  0.089318  0.109291
  0.130845  0.157187  0.185238  0.213942  0.246595  0.284544  0.330645  0.395017
  0.496964  0.762082  0.896036  0.907875  0.912345  0.000000  0.013065  0.033923
  0.047565  0.063300  0.082885  0.093245  0.107086  0.000620  0.050869  0.105541
  0.127556  0.123199  0.147782  0.191304  0.236716  0.260977  0.293541  0.000000
  0.000297  0.000822  0.004337  0.006884  0.007444  0.007964  0.008390  0.009027
  0.010034  0.011766 -0.001250 -0.037730 -0.067929 -0.089349 -0.109346 -0.130931
 -0.157311 -0.185413 -0.214178 -0.246923 -0.285012 -0.331340 -0.396114 -0.498873
 -0.769916 -0.987611 -0.999581 -1.004117  0.000000  0.012347  0.032687  0.044932
  0.062941  0.083070  0.093792  0.108199 -0.000619 -0.050834 -0.105332 -0.127243
 -0.122934 -0.145260 -0.183361 -0.240778 -0.266213 -0.300546  0.000000 -0.000297
 -0.000823 -0.004345 -0.007814 -0.008326 -0.009135 -0.009652 -0.010437 -0.011710
 -0.013976  0.001250  0.037710  0.067793  0.088977  0.108788  0.130269  0.156646
  0.184826  0.213653  0.246338  0.284090  0.329618  0.392885  0.500223  1.012582
  1.020500  1.024843  0.000000  0.012952  0.030019  0.043173  0.062587  0.085262
  0.097791  0.000621  0.049978  0.111758  0.133846  0.111372  0.117891  0.148037
  0.187330  0.240047  0.269461  0.000000  0.000352  0.000866  0.003597  0.008142
  0.008728  0.009292  0.009761  0.010468  0.011600  0.013567 -0.001250 -0.037712
 -0.067805 -0.089010 -0.108847 -0.130358 -0.156774 -0.185005 -0.213892 -0.246667
 -0.284556 -0.330304 -0.393958 -0.502105 -1.101124 -1.108826 -1.117398  0.000000
  0.011991  0.028587  0.040674  0.057883  0.077046  0.100881 -0.000620 -0.049961
 -0.111518 -0.133515 -0.111738 -0.117946 -0.145955 -0.193040 -0.226414 -0.283441
  0.000000 -0.000295 -0.000827 -0.001643 -0.003978 -0.009060 -0.009600 -0.010102
 -0.011109 -0.012038 -0.016425  0.001250  0.037732  0.067941  0.089384  0.109408
  0.131024  0.157445  0.185602  0.214431  0.247272  0.285502  0.332053  0.397209
  0.500705  0.773923  1.080034  1.087951  1.092244  0.000000  0.011488  0.031708
  0.044794  0.063747  0.085334  0.097012  0.000618  0.050812  0.105148  0.127000
  0.123357  0.146867  0.187349  0.228224  0.249524  0.277546  0.000000  0.000298
  0.000825  0.004415  0.008789  0.009374  0.009921  0.010369  0.011034  0.012078
  0.013848 -0.001250 -0.037739 -0.067971 -0.089455 -0.109514 -0.131164 -0.157621
 -0.185819 -0.214696 -0.247603 -0.285922 -0.332592 -0.397906 -0.501625 -0.810591
 -1.170668 -1.178504 -1.182706  0.000000  0.010613  0.031338  0.043384  0.061224
  0.081092  0.091637 -0.000619 -0.050826 -0.105042 -0.127038 -0.123890 -0.148089
 -0.183206 -0.240823 -0.266241  0.000000 -0.000297 -0.000826 -0.002190 -0.006995
 -0.009767 -0.010374 -0.010940 -0.011401 -0.012081 -0.013138 -0.014906  0.001250
  0.037719  0.067833  0.089072  0.108934  0.130466  0.156901  0.185153  0.214066
  0.246883  0.284834  0.330675  0.394461  0.502836  1.192636  1.200351  1.208871
  0.000000  0.011042  0.028927  0.040224  0.056851  0.075179  0.097673  0.000619
  0.049993  0.111324  0.133388  0.111201  0.114788  0.142636  0.187644  0.219214
  0.272526  0.000000  0.000296  0.000828  0.001647  0.003954  0.010048  0.010614
  0.011150  0.011589  0.012237  0.013246  0.018055 -0.001250 -0.037701 -0.067680
 -0.088561 -0.107926 -0.128810 -0.154401 -0.183360 -0.216371 -0.252175 -0.291346
 -0.341020 -0.413742 -0.708740 -1.293087 -1.318731  0.000001  0.016138  0.033566
  0.036668  0.048759  0.062010  0.107711 -0.000610 -0.050013 -0.108497 -0.131332
 -0.087187 -0.078738 -0.095811 -0.122474 -0.193015  0.000000 -0.000299 -0.000800
 -0.003201 -0.010023 -0.011274 -0.011978 -0.012910 -0.025683  0.001250  0.037713
  0.067773  0.088789  0.108246  0.129160  0.154717  0.183595  0.216567  0.252528
  0.292227  0.343102  0.421842  0.831082  1.272653  1.294386  0.000000  0.016468
  0.034413  0.038772  0.050890  0.068362  0.109953  0.000613  0.050788  0.102113
  0.124062  0.088420  0.096264  0.121341  0.142669  0.210431  0.000000  0.000348
  0.000832  0.003282  0.010028  0.011016  0.011626  0.012498  0.013004  0.023792
    0.0    3.0    6.0    9.0   13.0   19.0   29.0   44.0
   66.0   96.0  136.0  196.0  286.0  451.0  636.0  641.0
  656.0    0.0   66.0  546.0  601.0  626.0  641.0  656.0
    0.0   11.0   42.0   91.0  511.0  591.0  621.0  636.0
  641.0  656.0    0.0    9.0   29.0  591.0  626.0  636.0
  641.0  656.0    0.0    3.0    6.0    9.0   13.0   19.0
   29.0   44.0   66.0   96.0  136.0  196.0  286.0  461.0
  691.0  706.0    0.0   66.0  596.0  656.0  681.0  691.0
  706.0    0.0   11.0   47.0   96.0  501.0  626.0  666.0
  686.0  691.0  706.0    0.0    8.0   26.0  171.0  616.0
  671.0  686.0  691.0  706.0    0.0    3.0    6.0    9.0
   13.0   19.0   29.0   43.0   61.0   86.0  121.0  171.0
  246.0  381.0  771.0  781.0  791.0    0.0   96.0  676.0
  736.0  766.0  781.0  791.0    0.0   11.0   47.0   91.0
  521.0  701.0  751.0  771.0  781.0  791.0    0.0    9.0
   29.0  556.0  736.0  761.0  771.0  776.0  781.0  791.0
    0.0    3.0    6.0    9.0   13.0   19.0   29.0   43.0
   61.0   86.0  121.0  171.0  251.0  381.0  726.0  736.0
  746.0    0.0   91.0  636.0  691.0  716.0  731.0  736.0
  746.0    0.0   11.0   42.0   91.0  611.0  686.0  716.0
  731.0  736.0  746.0    0.0    8.0   26.0  206.0  676.0
  711.0  726.0  731.0  736.0  746.0    0.0    3.0    6.0
    9.0   13.0   19.0   29.0   43.0   61.0   86.0  121.0
  171.0  251.0  386.0  731.0  851.0  861.0  871.0    0.0
  101.0  751.0  816.0  841.0  856.0  861.0  871.0    0.0
   11.0   42.0   91.0  721.0  806.0  841.0  856.0  861.0
  871.0    0.0    8.0   26.0  231.0  801.0  836.0  851.0
  856.0  861.0  871.0    0.0    3.0    6.0    9.0   13.0
   19.0   29.0   43.0   61.0   86.0  121.0  171.0  251.0
  396.0  896.0  906.0  916.0    0.0  106.0  796.0  861.0
  891.0  906.0  916.0    0.0   11.0   47.0   91.0  516.0
  811.0  866.0  891.0  906.0  916.0    0.0    9.0   29.0
  511.0  861.0  886.0  896.0  901.0  906.0  916.0    0.0
    3.0    6.0    9.0   13.0   19.0   29.0   43.0   61.0
   86.0  121.0  171.0  251.0  401.0 1021.0 1031.0 1041.0
    0.0  111.0  921.0  986.0 1016.0 1031.0 1041.0    0.0
   11.0   47.0   91.0  521.0  931.0  991.0 1016.0 1031.0
 1041.0    0.0    9.0   29.0  486.0  981.0 1006.0 1021.0
 1026.0 1031.0 1041.0    0.0    3.0    6.0    9.0   13.0
   19.0   29.0   43.0   61.0   86.0  121.0  171.0  251.0
  391.0  776.0  971.0  986.0  991.0    0.0  106.0  876.0
  941.0  966.0  981.0  986.0  991.0    0.0   11.0   42.0
   91.0  841.0  931.0  966.0  981.0  986.0  991.0    0.0
    8.0   26.0  586.0  936.0  961.0  971.0  976.0  981.0
  986.0  991.0    0.0    3.0    6.0    9.0   13.0   19.0
   29.0   43.0   61.0   86.0  121.0  171.0  251.0  391.0
  781.0 1096.0 1111.0 1116.0    0.0  116.0  996.0 1061.0
 1091.0 1106.0 1111.0 1116.0    0.0   11.0   42.0   91.0
  961.0 1051.0 1086.0 1106.0 1111.0 1116.0    0.0    8.0
   26.0  581.0 1056.0 1081.0 1096.0 1101.0 1106.0 1111.0
 1116.0    0.0    3.0    6.0    9.0   13.0   19.0   29.0
   43.0   61.0   86.0  121.0  171.0  251.0  401.0 1146.0
 1156.0 1161.0    0.0  116.0 1041.0 1111.0 1141.0 1156.0
 1161.0    0.0   11.0   47.0   91.0  526.0 1051.0 1116.0
 1141.0 1156.0 1161.0    0.0    9.0   29.0  481.0 1106.0
 1131.0 1141.0 1146.0 1151.0 1156.0 1161.0    0.0    3.0
    6.0    9.0   13.0   19.0   29.0   43.0   61.0   86.0
  121.0  171.0  251.0  401.0 1266.0 1276.0 1286.0    0.0
  121.0 1161.0 1231.0 1261.0 1276.0 1286.0    0.0   11.0
   47.0   91.0  526.0 1171.0 1236.0 1266.0 1276.0 1286.0
    0.0    8.0   26.0  161.0  531.0 1226.0 1251.0 1261.0
 1271.0 1276.0 1286.0    0.0    3.0    6.0    9.0   13.0
   19.0   29.0   43.0   61.0   86.0  121.0  171.0  251.0
  391.0  781.0 1221.0 1231.0 1236.0    0.0  121.0 1116.0
 1186.0 1216.0 1231.0 1236.0    0.0   11.0   42.0   91.0
 1086.0 1176.0 1211.0 1226.0 1231.0 1236.0    0.0    8.0
   26.0  586.0 1181.0 1206.0 1216.0 1221.0 1226.0 1231.0
 1236.0    0.0    3.0    6.0    9.0   13.0   19.0   29.0
   43.0   61.0   86.0  121.0  171.0  251.0  391.0  831.0
 1346.0 1356.0 1361.0    0.0  136.0 1246.0 1311.0 1341.0
 1356.0 1361.0    0.0   11.0   42.0   91.0 1231.0 1306.0
 1336.0 1356.0 1361.0    0.0    8.0   26.0  251.0  941.0
 1306.0 1331.0 1341.0 1346.0 1351.0 1356.0 1361.0    0.0
    3.0    6.0    9.0   13.0   19.0   29.0   43.0   61.0
   86.0  121.0  171.0  251.0  401.0 1391.0 1401.0 1411.0
    0.0  131.0 1291.0 1356.0 1386.0 1401.0 1411.0    0.0
   11.0   47.0   91.0  561.0 1291.0 1361.0 1391.0 1401.0
 1411.0    0.0    8.0   26.0  161.0  526.0 1351.0 1376.0
 1386.0 1391.0 1396.0 1401.0 1411.0    0.0    3.0    6.0
    9.0   13.0   19.0   29.0   44.0   66.0   96.0  136.0
  196.0  296.0  726.0 1551.0 1581.0    0.0  176.0  776.0
 1456.0 1526.0 1551.0 1581.0    0.0   11.0   46.0   96.0
  576.0 1341.0 1511.0 1551.0 1581.0    0.0    8.0   26.0
  436.0 1346.0 1506.0 1536.0 1551.0 1581.0    0.0    3.0
    6.0    9.0   13.0   19.0   29.0   44.0   66.0   96.0
  136.0  196.0  301.0  881.0 1501.0 1526.0    0.0  171.0
  701.0 1401.0 1471.0 1501.0 1526.0    0.0   11.0   41.0
   91.0  746.0 1406.0 1481.0 1501.0 1526.0    0.0    9.0
   29.0  431.0 1341.0 1456.0 1481.0 1496.0 1501.0 1526.0
