    0 332.79 4.03
    2 334.86 3.54
    4 335.34 3.05
    6 337.17 2.40
    8 331.20 4.59
   10 329.51 4.04
   12 330.40 4.27
   14 322.27 5.37
   16 327.47 2.92
   18 332.35 4.18
   20 333.52 3.63
   22 332.77 5.67
   24 327.85 4.19
   26 333.08 3.98
   28 335.70 5.95
   30 329.13 3.06
   32 329.07 3.90
   34 333.55 5.04
   36 332.51 3.77
   38 325.90 4.22
   40 328.35 4.05
   42 327.38 4.02
   44 328.99 4.11
   46 333.39 4.06
   48 325.09 3.99
   50 332.39 3.77
   52 324.96 4.21
   54 323.03 4.12
   56 331.15 0.00
   58 325.93 4.69
   60 331.15 0.00
   62 329.66 3.56
   64 329.26 3.29
   66 336.80 2.74
   68 335.76 4.98
   70 328.96 3.95
   72 321.65 4.15
   74 333.78 4.44
   76 329.64 4.18
   78 329.72 4.61
   80 327.75 3.49
   82 332.97 5.20
   84 327.08 3.84
   86 326.31 3.69
   88 319.50 3.95
   90 327.79 3.79
   92 331.15 0.00
   94 331.03 4.07
   96 331.70 3.93
   98 339.76 2.29
  100 326.04 3.59
  102 338.17 2.91
  104 329.97 4.61
  106 334.68 3.35
  108 331.72 3.36
  110 336.22 3.57
  112 327.25 3.01
  114 333.69 3.51
  116 339.02 3.74
  118 337.42 2.98
  120 332.92 2.84
  122 331.55 3.38
  124 328.04 4.05
  126 328.99 3.85
  128 323.20 4.45
  130 338.91 5.05
  132 333.58 3.79
  134 332.45 3.82
  136 323.24 4.55
  138 329.12 3.60
  140 325.48 5.30
  142 328.65 4.17
  144 327.11 4.47
  146 334.98 3.71
  148 326.64 3.55
  150 328.90 2.78
  152 327.81 3.45
  154 321.28 5.26
  156 333.08 5.90
  158 335.09 6.11
  160 332.36 3.55
  162 332.36 3.83
  164 332.92 4.19
  166 338.55 3.66
  168 329.54 4.56
  170 327.72 3.95
  172 329.14 4.36
  174 329.12 4.58
  176 333.83 3.25
  178 334.41 2.24
  180 335.70 3.49
  182 335.21 2.56
  184 327.11 3.26
  186 332.25 4.16
  188 329.59 4.05
  190 333.57 3.15
  192 334.22 3.07
  194 331.61 3.83
  196 333.60 3.89
  198 336.98 4.13
  200 329.66 3.46
  202 329.04 3.81
  204 332.90 3.38
  206 329.76 3.67
  208 334.16 3.67
  210 332.22 3.70
  212 335.60 2.95
  214 330.48 3.68
  216 329.83 3.28
  218 328.24 3.89
  220 329.98 4.15
  222 330.37 3.83
  224 333.59 3.87
  226 335.47 2.60
  228 334.67 3.47
  230 332.62 4.09
  232 332.29 3.22
  234 335.67 3.33
  236 328.50 3.65
  238 330.93 3.75
  240 332.12 3.63
  242 332.91 2.71
  244 332.50 4.36
  246 333.45 4.26
  248 328.66 4.56
  250 329.61 4.64
  252 328.80 4.41
  254 328.90 4.45
  512 337.41 8.13
  514 334.55 2.11
  516 334.90 3.68
  518 335.71 3.01
  520 334.15 6.69
  522 330.05 5.40
  524 332.15 3.25
  526 331.25 2.45
  528 337.85 3.57
  530 333.16 3.10
  532 337.96 4.68
  534 338.92 2.84
  536 325.67 3.35
  538 332.04 3.29
  540 334.74 3.10
  542 332.86 3.47
  544 335.64 3.15
  546 336.17 2.59
  548 332.26 5.01
  550 336.40 4.14
  552 331.02 2.53
  554 331.61 3.36
  556 330.42 3.48
  558 330.77 3.70
  560 331.49 3.34
  562 335.58 4.85
  564 326.31 4.07
  566 341.00 3.64
  568 334.24 9.39
  570 332.57 3.24
  572 339.54 2.06
  574 327.64 3.33
  576 334.93 3.92
  578 333.77 4.61
  580 329.84 3.55
  582 336.92 4.40
  584 332.29 3.30
  586 329.81 4.82
  588 329.30 4.41
  590 329.38 4.04
  592 334.20 3.04
  594 332.49 3.23
  596 338.42 3.24
  598 335.85 2.91
  600 324.62 3.98
  602 331.31 4.13
  604 329.96 3.61
  606 324.91 4.29
  608 327.42 4.46
  610 335.33 3.33
  612 329.44 2.88
  614 331.89 3.45
  616 326.98 3.82
  618 327.92 4.22
  620 324.30 3.43
  622 328.67 2.98
  624 332.10 4.23
  626 334.42 4.59
  628 339.28 2.72
  630 336.86 3.12
  632 331.37 4.25
  634 332.18 5.29
  636 332.43 4.50
  638 328.03 3.68
  640 327.38 4.15
  642 337.73 6.06
  644 328.15 4.89
  646 327.26 3.94
  648 331.12 9.02
  650 332.77 0.00
  652 332.77 0.00
  654 331.50 4.05
  656 333.96 3.98
  658 335.31 4.82
  660 338.16 2.84
  662 337.37 3.46
  664 332.74 3.81
  666 330.55 4.67
  668 334.42 4.44
  670 332.59 5.67
  672 333.11 3.87
  674 333.00 3.88
  676 335.77 5.13
  678 337.10 2.73
  680 330.75 4.04
  682 330.46 4.81
  684 330.82 5.21
  686 332.84 3.77
  688 334.44 3.29
  690 332.80 5.31
  692 334.78 2.92
  694 338.02 2.68
  696 330.26 4.01
  698 331.38 5.82
  700 335.14 3.72
  702 332.89 3.61
  704 334.65 3.95
  706 331.45 5.56
  708 337.61 3.59
  710 332.18 4.45
  712 331.68 4.19
  714 329.50 4.47
  716 333.84 6.19
  718 328.99 5.26
  720 335.17 2.58
  722 336.84 4.52
  724 332.76 2.92
  726 333.51 2.55
  728 329.88 4.31
  730 332.67 4.12
  732 332.73 3.47
  734 330.62 3.42
  736 332.01 3.05
  738 335.38 3.92
  740 335.46 2.75
  742 335.43 2.82
  744 328.28 3.93
  746 326.73 5.10
  748 332.40 3.65
  750 329.98 6.96
  752 336.49 3.34
  754 336.65 4.96
  756 333.19 3.14
  758 332.97 4.53
  760 328.67 3.76
  762 332.92 3.97
  764 332.11 3.19
  766 330.25 3.70
  768 333.15 3.14
  770 335.16 2.84
  772 334.25 4.34
  774 334.30 3.70
  776 327.16 5.47
  778 327.17 4.64
  780 328.93 4.25
  782 327.17 4.50
  784 334.65 3.94
  786 333.02 4.55
  788 334.55 4.00
  790 337.19 2.83
  792 330.70 4.03
  794 329.17 4.90
  796 335.80 6.12
  798 330.31 4.51
  800 331.54 3.50
  802 332.95 6.42
  804 334.47 3.69
  806 332.36 6.55
  808 330.14 4.46
  810 329.36 4.43
  812 331.64 4.85
  814 329.19 7.16
  816 334.87 3.95
  818 341.16 8.71
  820 336.91 3.08
  822 335.10 4.46
  824 333.14 5.28
  826 330.04 2.77
  828 332.31 4.56
  830 331.74 3.21
  832 327.33 5.33
  834 332.96 0.00
  836 329.69 4.71
  838 330.62 3.64
  840 332.79 2.05
  842 331.45 6.56
  844 329.93 3.87
  846 329.28 3.57
  848 336.16 2.39
  850 335.33 3.45
  852 334.15 3.44
  854 337.41 3.31
  856 332.94 4.25
  858 331.54 4.10
  860 331.82 5.14
  862 332.32 3.06
  864 335.13 3.83
  866 334.50 3.76
  868 332.15 3.92
  870 332.38 3.43
  872 328.72 3.74
  874 331.57 3.34
  876 331.85 5.51
  878 328.45 3.84
  880 334.01 3.20
  882 333.36 3.17
  884 332.49 4.01
  886 335.88 2.76
  888 331.27 3.60
  890 329.01 4.12
  892 329.91 3.40
  894 334.81 6.32
  896 333.79 5.32
  898 334.90 4.79
  900 333.08 6.01
  902 333.12 3.13
  904 325.97 4.82
  906 331.73 5.61
  908 332.42 5.45
  910 328.27 4.03
  912 336.26 3.06
  914 333.32 3.91
  916 333.19 3.84
  918 334.95 3.70
  920 331.26 7.53
  922 337.06 6.42
  924 334.23 2.90
  926 331.87 4.98
  928 332.15 3.38
  930 334.84 3.12
  932 335.55 3.61
  934 335.43 5.05
  936 328.04 3.30
  938 328.03 6.63
  940 332.98 3.65
  942 325.84 4.92
  944 341.15 2.96
  946 342.25 3.83
  948 343.62 1.80
  950 339.71 2.84
  952 334.95 3.77
  954 337.11 2.25
  956 335.67 5.14
  958 332.96 0.00
  960 337.53 3.18
  962 339.76 2.40
  964 336.86 3.36
  966 336.78 2.41
  968 335.23 4.98
  970 335.27 3.32
  972 337.87 2.73
  974 335.82 7.49
  976 327.68 3.65
  978 329.78 4.58
  980 335.76 4.54
  982 336.77 4.46
  984 327.61 4.18
  986 326.93 3.14
  988 331.47 3.58
  990 332.26 4.26
  992 331.71 3.08
  994 329.49 4.50
  996 329.70 4.78
  998 336.20 4.30
 1000 324.50 4.90
 1002 325.14 4.72
 1004 324.97 3.01
 1006 325.81 3.80
 1008 331.35 3.70
 1010 334.41 2.99
 1012 338.45 1.82
 1014 337.41 4.36
 1016 335.92 2.01
 1018 331.14 3.06
 1020 334.79 2.47
 1022 330.41 3.23
 1024 333.09 3.41
 1026 329.51 5.35
 1028 335.74 2.50
 1030 336.61 6.16
 1032 328.59 2.67
 1034 329.53 6.29
 1036 329.22 5.47
 1038 329.74 5.16
 1040 329.74 4.65
 1042 330.43 3.82
 1044 326.49 3.32
 1046 327.87 5.65
 1048 321.96 4.40
 1050 321.52 4.05
 1052 323.07 3.68
 1054 326.51 2.94
 1056 326.34 5.28
 1058 327.83 4.30
 1060 328.75 2.54
 1062 329.21 5.07
 1064 320.14 4.08
 1066 326.36 3.38
 1068 326.49 3.59
 1070 323.31 5.41
 1072 333.05 1.89
 1074 331.57 3.22
 1076 329.42 3.50
 1078 323.21 5.63
 1080 324.39 4.08
 1082 323.50 4.35
 1084 324.38 3.92
 1086 324.42 4.87
 1088 339.54 2.65
 1090 325.64 5.92
 1092 334.73 3.41
 1094 336.27 3.37
 1096 336.78 7.91
 1098 337.01 2.48
 1100 326.18 5.19
 1102 331.24 4.90
 1104 336.57 1.95
 1106 332.73 2.91
 1108 333.21 3.92
 1110 326.01 4.08
 1112 332.31 9.17
 1114 328.20 4.07
 1116 340.60 5.93
 1118 332.59 7.02
 1120 325.77 3.89
 1122 327.05 3.91
 1124 332.25 4.14
 1126 332.69 4.89
 1128 324.50 5.09
 1130 323.21 6.53
 1132 326.39 4.10
 1134 331.19 2.31
 1136 327.97 3.85
 1138 326.82 4.68
 1140 326.37 3.37
 1142 335.68 2.07
 1144 323.31 4.04
 1146 324.51 5.18
 1148 323.85 3.39
 1150 326.64 3.09
 1152 331.01 3.59
 1154 332.55 3.63
 1156 335.76 4.44
 1158 328.31 0.00
 1160 330.20 3.10
 1162 334.42 3.31
 1164 332.99 2.93
 1166 330.30 5.61
 1168 332.35 4.08
 1170 330.09 4.01
 1172 334.22 4.30
 1174 337.06 5.76
 1176 329.19 3.74
 1178 329.72 3.22
 1180 329.28 4.85
 1182 329.78 4.83
 1184 328.41 3.80
 1186 330.93 3.52
 1188 330.80 5.75
 1190 327.91 5.37
 1192 326.32 3.90
 1194 326.33 4.91
 1196 329.56 3.03
 1198 328.31 3.33
 1200 329.96 3.92
 1202 329.07 4.07
 1204 328.38 3.45
 1206 321.40 6.09
 1208 321.90 4.14
 1210 322.82 4.29
 1212 319.20 4.73
 1214 321.62 4.27
 1216 329.86 3.32
 1218 335.12 4.46
 1220 333.41 2.87
 1222 326.33 3.95
 1224 321.56 3.03
 1226 333.72 4.47
 1228 328.05 3.68
 1230 333.35 3.94
 1232 326.17 4.72
 1234 332.28 2.33
 1236 325.19 4.26
 1238 323.44 4.58
 1240 318.68 3.48
 1242 325.98 4.18
 1244 318.92 5.98
 1246 330.37 4.20
 1248 328.61 2.97
 1250 328.50 5.30
 1252 331.33 3.49
 1254 333.12 6.13
 1256 322.30 4.53
 1258 326.73 3.02
 1260 324.64 5.08
 1262 324.26 3.95
 1264 326.96 3.65
 1266 329.59 5.58
 1268 326.10 5.04
 1270 327.18 4.63
 1272 319.96 7.02
 1274 319.21 4.89
 1276 320.19 3.45
 1278 323.57 3.06
 1280 333.00 4.85
 1282 332.63 3.57
 1284 325.93 3.41
 1286 334.44 4.84
 1288 328.79 4.03
 1290 337.84 6.30
 1292 328.73 4.65
 1294 330.97 3.00
 1296 333.09 2.56
 1298 327.20 4.12
 1300 333.75 6.04
 1302 332.37 3.69
 1304 327.55 4.17
 1306 328.17 4.52
 1308 326.62 4.11
 1310 330.08 4.73
 1312 325.47 3.56
 1314 325.72 4.20
 1316 327.72 4.59
 1318 329.17 3.29
 1320 322.58 2.72
 1322 329.76 2.69
 1324 327.90 2.31
 1326 323.81 3.51
 1328 330.23 3.74
 1330 328.85 2.25
 1332 326.88 3.51
 1334 323.38 6.41
 1336 323.38 0.00
 1338 322.07 6.60
 1340 320.57 4.70
 1342 325.52 9.83
 1344 328.91 4.09
 1346 339.98 8.63
 1348 336.70 4.10
 1350 330.16 0.00
 1352 326.37 3.08
 1354 333.94 5.41
 1356 328.36 2.86
 1358 328.28 5.50
 1360 325.79 4.64
 1362 327.08 3.61
 1364 329.00 4.11
 1366 327.28 4.15
 1368 324.43 4.17
 1370 326.50 2.79
 1372 323.43 4.30
 1374 325.47 3.42
 1376 330.03 3.59
 1378 327.41 4.06
 1380 332.03 3.13
 1382 330.95 5.48
 1384 323.26 3.89
 1386 325.24 5.52
 1388 324.74 3.21
 1390 329.54 2.78
 1392 327.19 5.25
 1394 327.34 4.19
 1396 326.87 3.81
 1398 332.38 4.10
 1400 323.28 4.57
 1402 324.57 3.84
 1404 321.72 5.21
 1406 323.87 7.21
 1408 338.83 6.68
 1410 335.70 2.77
 1412 336.21 3.61
 1414 337.46 2.00
 1416 332.90 2.87
 1418 332.56 3.53
 1420 331.27 2.48
 1422 334.47 4.72
 1424 334.89 5.63
 1426 334.27 3.97
 1428 332.74 4.52
 1430 334.11 4.54
 1432 330.48 2.88
 1434 332.43 6.38
 1436 329.33 4.13
 1438 329.05 3.12
 1440 335.37 3.48
 1442 332.08 2.48
 1444 333.77 2.93
 1446 335.51 3.32
 1448 330.08 4.34
 1450 328.77 5.05
 1452 331.33 3.82
 1454 329.51 3.56
 1456 331.50 5.29
 1458 332.15 4.75
 1460 336.10 4.69
 1462 333.74 5.78
 1464 330.89 5.38
 1466 330.16 0.00
 1468 330.13 3.66
 1470 325.46 4.07
 1472 327.06 3.41
 1474 340.34 3.95
 1476 335.16 3.63
 1478 336.59 1.83
 1480 323.85 3.62
 1482 330.80 3.84
 1484 327.39 4.14
 1486 331.42 3.55
 1488 327.70 5.41
 1490 336.99 2.73
 1492 330.31 5.61
 1494 332.44 5.96
 1496 331.93 3.09
 1498 322.51 4.57
 1500 335.67 4.60
 1502 337.19 3.00
 1504 326.67 3.07
 1506 341.77 3.28
 1508 334.61 3.52
 1510 334.62 2.80
 1512 330.94 2.73
 1514 336.78 2.68
 1516 331.84 2.51
 1518 336.13 1.12
 1520 327.41 3.73
 1522 329.43 3.67
 1524 336.52 6.52
 1526 336.43 3.21
 1528 333.09 6.21
 1530 330.30 3.10
 1532 330.03 4.16
 1534 332.52 2.41
    1 324.52 3.97
    3 327.38 2.95
    5 330.65 3.23
    7 329.42 2.99
    9 324.23 4.86
   11 325.18 3.96
   13 321.97 5.73
   15 325.34 3.79
   17 330.27 3.42
   19 330.93 4.55
   21 331.51 3.11
   23 331.43 5.06
   25 327.23 4.68
   27 327.63 4.46
   29 330.71 2.99
   31 326.08 3.70
   33 334.67 3.12
   35 333.94 4.82
   37 332.83 3.67
   39 333.70 3.08
   41 329.62 3.82
   43 330.66 3.77
   45 330.89 4.00
   47 329.47 4.37
   49 336.25 2.45
   51 337.26 2.69
   53 334.68 4.38
   55 336.24 2.37
   57 330.02 3.36
   59 329.64 5.29
   61 331.67 4.50
   63 332.43 4.86
   65 329.46 3.90
   67 331.59 3.62
   69 337.52 3.99
   71 337.80 3.63
   73 332.02 2.93
   75 330.56 5.61
   77 333.01 3.07
   79 330.75 4.35
   81 327.72 4.08
   83 331.90 0.00
   85 337.46 2.63
   87 336.42 2.59
   89 331.82 4.11
   91 339.07 3.51
   93 334.26 3.49
   95 337.66 6.08
   97 327.74 3.76
   99 321.63 4.25
  101 320.35 4.44
  103 332.93 3.73
  105 332.96 5.33
  107 329.57 3.91
  109 326.39 3.46
  111 330.01 3.39
  113 336.22 2.98
  115 334.62 3.32
  117 332.56 3.37
  119 337.96 3.39
  121 329.16 3.08
  123 329.59 4.82
  125 330.40 3.85
  127 332.37 4.87
  129 334.51 2.79
  131 331.82 4.35
  133 334.98 3.50
  135 334.76 2.87
  137 326.95 4.23
  139 336.89 4.54
  141 328.28 3.11
  143 328.44 3.48
  145 324.09 4.16
  147 335.72 3.03
  149 332.71 4.33
  151 338.16 3.35
  153 331.02 4.23
  155 344.18 8.39
  157 333.16 6.22
  159 330.82 4.02
  161 334.74 3.00
  163 336.33 2.80
  165 336.38 3.52
  167 336.94 3.23
  169 328.00 4.04
  171 331.54 4.16
  173 332.04 3.98
  175 327.46 3.99
  177 338.22 2.58
  179 336.07 2.46
  181 334.87 3.35
  183 338.12 3.30
  185 330.26 3.37
  187 330.46 3.32
  189 330.66 3.03
  191 333.99 3.52
  193 329.67 3.86
  195 335.62 3.30
  197 335.39 3.70
  199 334.06 2.94
  201 326.54 4.09
  203 331.95 3.75
  205 335.96 2.79
  207 331.07 3.17
  209 336.24 4.53
  211 336.81 3.01
  213 336.50 3.08
  215 339.34 4.70
  217 332.13 3.66
  219 332.22 3.74
  221 335.05 4.18
  223 325.05 3.52
  225 334.57 2.76
  227 334.48 3.25
  229 331.90 3.77
  231 326.20 4.44
  233 326.11 4.25
  235 325.49 4.07
  237 324.86 3.71
  239 325.09 5.08
  241 325.64 3.62
  243 333.46 4.09
  245 328.55 3.64
  247 330.17 3.15
  249 327.19 3.65
  251 330.48 3.41
  253 331.23 3.59
  255 332.11 3.85
  513 323.08 4.44
  515 334.12 0.00
  517 337.38 3.32
  519 335.67 3.88
  521 326.58 3.61
  523 331.34 5.46
  525 329.02 5.68
  527 329.19 2.92
  529 336.45 3.27
  531 334.40 4.20
  533 336.41 3.90
  535 331.92 3.25
  537 332.94 5.23
  539 330.86 4.02
  541 331.97 4.31
  543 332.61 4.87
  545 337.04 3.21
  547 333.09 4.69
  549 335.41 3.13
  551 339.22 2.56
  553 330.76 3.22
  555 329.84 3.78
  557 335.83 6.06
  559 339.57 9.87
  561 327.67 3.41
  563 333.98 3.07
  565 333.68 4.89
  567 337.01 2.71
  569 330.47 6.76
  571 330.28 6.44
  573 327.11 4.92
  575 329.37 3.05
  577 336.99 3.77
  579 340.04 2.78
  581 329.28 5.40
  583 341.17 3.13
  585 336.63 6.23
  587 336.03 3.81
  589 332.46 4.51
  591 339.74 3.41
  593 338.27 1.92
  595 337.52 3.76
  597 338.20 3.52
  599 339.08 1.85
  601 335.53 2.54
  603 334.15 4.31
  605 334.51 4.28
  607 333.21 3.30
  609 340.25 2.89
  611 334.12 0.00
  613 342.34 4.03
  615 340.08 2.16
  617 335.64 2.95
  619 334.87 4.72
  621 334.97 3.81
  623 336.24 2.82
  625 328.70 3.60
  627 335.35 2.87
  629 335.50 2.44
  631 333.88 3.93
  633 330.15 4.53
  635 334.21 3.22
  637 336.66 3.38
  639 331.06 3.18
  641 337.03 3.16
  643 341.38 1.98
  645 336.75 2.57
  647 339.74 2.14
  649 335.24 3.29
  651 333.30 3.64
  653 337.91 2.35
  655 338.76 1.91
  657 327.72 4.25
  659 332.36 4.30
  661 327.08 3.86
  663 325.43 5.23
  665 320.28 3.96
  667 329.75 3.28
  669 334.12 0.00
  671 332.61 3.90
  673 330.83 4.02
  675 332.58 4.38
  677 333.39 3.34
  679 329.48 4.94
  681 331.63 2.52
  683 330.40 3.07
  685 331.20 4.43
  687 335.97 2.64
  689 327.91 3.15
  691 338.16 2.68
  693 331.37 4.93
  695 333.64 4.54
  697 327.88 3.97
  699 322.11 4.62
  701 327.43 4.94
  703 329.94 3.20
  705 336.14 3.22
  707 338.65 4.70
  709 338.81 2.24
  711 337.92 4.56
  713 334.12 0.00
  715 332.83 3.23
  717 336.30 2.09
  719 327.14 6.38
  721 329.82 4.03
  723 325.95 3.68
  725 332.20 4.08
  727 334.64 3.23
  729 334.04 4.88
  731 334.79 2.37
  733 331.23 2.38
  735 331.31 4.53
  737 336.40 3.22
  739 337.90 3.36
  741 340.79 3.51
  743 338.89 2.22
  745 334.51 5.10
  747 334.17 6.47
  749 337.06 3.76
  751 326.48 3.73
  753 337.66 2.66
  755 337.36 5.62
  757 337.54 4.86
  759 330.18 3.47
  761 329.63 4.99
  763 331.00 2.80
  765 337.10 4.20
  767 332.95 3.67
  769 342.73 2.13
  771 326.99 3.39
  773 337.24 2.25
  775 338.20 1.92
  777 332.49 3.24
  779 338.73 2.36
  781 328.86 3.35
  783 334.74 3.26
  785 332.68 3.84
  787 332.13 4.70
  789 331.35 3.98
  791 333.02 4.25
  793 328.59 4.56
  795 331.37 4.28
  797 328.92 4.06
  799 327.64 3.64
  801 333.57 5.36
  803 335.21 3.75
  805 335.66 3.92
  807 335.59 2.53
  809 329.13 5.15
  811 330.50 4.31
  813 334.23 2.87
  815 331.56 4.62
  817 329.37 4.63
  819 335.89 2.80
  821 334.06 3.42
  823 332.76 4.35
  825 327.56 4.01
  827 330.72 3.20
  829 326.41 2.85
  831 328.90 3.53
  833 336.13 4.01
  835 336.72 5.24
  837 336.20 2.09
  839 337.37 3.17
  841 331.99 4.06
  843 331.44 2.81
  845 330.85 3.78
  847 332.87 3.54
  849 336.41 2.99
  851 337.30 2.53
  853 338.34 3.16
  855 336.70 2.42
  857 329.01 4.22
  859 331.85 3.62
  861 334.17 4.09
  863 328.55 3.02
  865 332.74 0.00
  867 337.38 4.15
  869 335.51 2.67
  871 338.57 2.23
  873 332.22 5.17
  875 331.94 3.04
  877 331.36 4.11
  879 336.28 3.98
  881 329.17 4.30
  883 337.22 3.08
  885 336.02 2.88
  887 334.95 2.89
  889 329.53 3.75
  891 332.68 3.40
  893 330.85 4.03
  895 329.95 5.20
  897 338.82 2.94
  899 336.45 3.59
  901 336.06 3.09
  903 338.19 2.82
  905 331.72 4.24
  907 333.17 3.14
  909 335.51 2.17
  911 336.89 5.51
  913 329.90 4.92
  915 343.59 7.33
  917 327.89 3.98
  919 332.17 2.93
  921 340.59 9.27
  923 324.16 3.54
  925 335.74 3.55
  927 337.92 4.23
  929 328.06 5.15
  931 339.57 2.53
  933 337.96 2.57
  935 338.52 4.43
  937 326.28 6.48
  939 331.87 4.60
  941 330.18 3.35
  943 332.46 3.85
  945 336.50 3.57
  947 334.06 2.85
  949 336.70 3.03
  951 333.39 4.67
  953 325.41 4.07
  955 324.47 3.68
  957 331.80 3.70
  959 330.52 4.41
  961 341.02 5.31
  963 337.37 6.10
  965 337.95 6.43
  967 338.45 2.19
  969 330.92 7.19
  971 330.27 4.22
  973 336.08 1.79
  975 334.01 3.60
  977 327.50 4.43
  979 331.58 3.29
  981 329.37 4.66
  983 330.12 4.57
  985 324.29 5.56
  987 324.05 4.05
  989 324.91 4.32
  991 328.01 4.24
  993 329.38 2.82
  995 335.10 3.66
  997 330.59 4.07
  999 334.45 4.82
 1001 326.87 4.09
 1003 327.61 4.27
 1005 328.03 2.56
 1007 321.56 4.34
 1009 327.31 3.27
 1011 336.83 3.09
 1013 329.09 3.59
 1015 331.53 3.84
 1017 329.97 3.70
 1019 325.53 4.38
 1021 334.26 4.41
 1023 332.40 4.33
 1025 328.20 3.76
 1027 332.07 4.57
 1029 334.07 5.73
 1031 326.80 3.60
 1033 326.60 3.56
 1035 324.93 3.55
 1037 325.93 3.55
 1039 324.77 5.18
 1041 328.34 4.48
 1043 327.76 4.35
 1045 327.64 3.87
 1047 333.66 4.78
 1049 324.93 4.12
 1051 328.57 2.98
 1053 328.29 3.47
 1055 331.28 3.22
 1057 330.43 3.86
 1059 334.16 3.93
 1061 328.28 3.31
 1063 340.39 5.63
 1065 328.28 4.96
 1067 329.56 4.80
 1069 336.98 6.86
 1071 329.85 0.00
 1073 335.52 4.49
 1075 325.67 5.27
 1077 342.19 3.83
 1079 341.87 4.57
 1081 334.90 5.70
 1083 332.26 3.95
 1085 334.39 5.03
 1087 329.85 0.00
 1089 329.75 3.79
 1091 330.15 4.28
 1093 329.86 3.53
 1095 337.12 2.61
 1097 323.88 5.05
 1099 326.40 3.95
 1101 324.11 3.39
 1103 325.09 4.50
 1105 330.01 4.68
 1107 331.30 3.93
 1109 331.82 6.65
 1111 331.89 4.03
 1113 329.44 5.41
 1115 329.17 2.43
 1117 326.06 5.14
 1119 328.79 3.04
 1121 332.06 4.07
 1123 332.05 4.46
 1125 329.21 3.82
 1127 324.23 3.92
 1129 326.05 2.83
 1131 327.07 4.74
 1133 323.27 3.70
 1135 322.18 3.25
 1137 326.78 4.51
 1139 331.78 4.77
 1141 329.86 2.83
 1143 333.48 2.93
 1145 326.44 2.21
 1147 326.76 4.09
 1149 327.35 3.46
 1151 326.92 3.47
 1153 335.19 6.15
 1155 334.07 4.03
 1157 330.38 3.63
 1159 326.03 4.39
 1161 325.39 4.51
 1163 327.55 4.93
 1165 324.79 3.57
 1167 322.61 4.29
 1169 330.09 4.78
 1171 327.89 3.06
 1173 329.09 2.64
 1175 335.66 2.13
 1177 327.33 3.57
 1179 330.10 2.56
 1181 330.56 4.38
 1183 329.44 3.69
 1185 331.59 3.45
 1187 328.51 3.17
 1189 330.51 3.79
 1191 327.98 5.02
 1193 325.64 3.61
 1195 324.51 4.92
 1197 323.50 2.74
 1199 325.69 5.16
 1201 327.08 4.13
 1203 329.55 5.79
 1205 328.35 4.40
 1207 329.29 5.92
 1209 323.04 4.87
 1211 332.08 6.86
 1213 329.32 5.47
 1215 322.96 4.37
 1217 332.82 3.13
 1219 336.82 7.03
 1221 331.65 3.79
 1223 334.74 2.48
 1225 329.80 3.86
 1227 330.75 4.72
 1229 331.69 3.72
 1231 327.60 5.84
 1233 335.49 3.30
 1235 335.77 2.77
 1237 335.77 3.87
 1239 338.06 2.83
 1241 329.93 4.01
 1243 332.47 2.68
 1245 328.74 3.98
 1247 333.69 5.06
 1249 334.71 2.66
 1251 334.37 4.97
 1253 334.30 2.74
 1255 334.51 3.35
 1257 327.63 3.33
 1259 332.16 4.54
 1261 332.17 5.56
 1263 332.93 5.36
 1265 335.60 3.80
 1267 335.68 3.97
 1269 336.11 3.86
 1271 338.03 4.84
 1273 334.21 6.99
 1275 331.81 3.93
 1277 334.02 3.19
 1279 329.85 0.00
 1281 334.01 2.12
 1283 338.04 1.79
 1285 332.89 2.33
 1287 332.55 3.28
 1289 328.50 3.12
 1291 330.77 3.33
 1293 331.25 2.47
 1295 336.29 3.61
 1297 329.75 3.69
 1299 334.68 3.10
 1301 337.40 2.50
 1303 338.76 4.00
 1305 331.07 6.58
 1307 330.34 2.83
 1309 334.33 3.35
 1311 332.54 4.01
 1313 328.11 3.27
 1315 330.97 4.05
 1317 333.16 7.44
 1319 324.00 3.68
 1321 324.76 3.83
 1323 321.54 4.79
 1325 323.32 6.08
 1327 329.67 1.62
 1329 328.02 3.08
 1331 328.98 4.94
 1333 326.87 6.18
 1335 329.59 4.70
 1337 323.48 5.09
 1339 327.29 5.11
 1341 326.98 4.60
 1343 323.03 6.27
 1345 337.72 4.63
 1347 335.78 2.82
 1349 340.69 2.80
 1351 337.86 2.32
 1353 334.07 2.11
 1355 333.48 3.50
 1357 332.23 2.79
 1359 333.49 3.14
 1361 334.53 5.37
 1363 342.03 7.86
 1365 338.53 3.18
 1367 338.32 3.90
 1369 339.41 0.83
 1371 335.64 2.35
 1373 334.08 3.28
 1375 337.73 6.00
 1377 333.32 5.32
 1379 331.30 2.88
 1381 330.66 2.35
 1383 329.38 3.25
 1385 322.91 5.05
 1387 323.77 4.26
 1389 321.36 4.23
 1391 327.85 3.85
 1393 330.89 5.97
 1395 329.17 5.09
 1397 335.58 2.43
 1399 334.88 3.87
 1401 328.02 4.09
 1403 327.72 4.91
 1405 330.49 5.59
 1407 331.24 4.40
 1409 330.96 3.47
 1411 330.60 3.78
 1413 327.26 4.34
 1415 328.43 4.02
 1417 323.25 4.76
 1419 324.35 4.81
 1421 320.99 3.65
 1423 327.22 4.12
 1425 331.28 5.10
 1427 328.05 3.05
 1429 331.61 4.45
 1431 334.72 3.52
 1433 327.04 5.69
 1435 327.54 3.35
 1437 328.94 5.31
 1439 329.20 2.80
 1441 329.96 2.83
 1443 334.46 4.01
 1445 336.81 2.74
 1447 334.12 2.60
 1449 327.86 4.32
 1451 336.05 3.01
 1453 339.75 3.02
 1455 333.26 2.42
 1457 338.67 3.09
 1459 331.92 0.00
 1461 338.96 2.97
 1463 338.85 1.28
 1465 335.77 4.72
 1467 333.20 3.28
 1469 341.90 7.71
 1471 331.92 0.00
 1473 335.99 2.96
 1475 337.16 3.80
 1477 337.13 2.77
 1479 337.66 3.62
 1481 329.43 2.54
 1483 335.07 2.92
 1485 331.74 3.78
 1487 335.04 2.75
 1489 335.84 2.83
 1491 334.90 3.91
 1493 343.05 2.23
 1495 341.06 1.58
 1497 333.15 4.64
 1499 346.49 7.33
 1501 335.21 4.80
 1503 331.92 0.00
 1505 331.62 4.68
 1507 332.07 4.14
 1509 329.99 2.23
 1511 335.19 3.10
 1513 320.67 5.18
 1515 328.47 4.73
 1517 325.66 5.47
 1519 334.07 4.61
 1521 328.67 3.08
 1523 330.88 4.25
 1525 329.53 4.75
 1527 332.54 5.43
 1529 329.19 3.03
 1531 328.48 3.70
 1533 327.38 4.26
 1535 328.23 3.52
