 0.6507 2.7100 2.7075 2.7050 2.7025 2.7000 2.6975 2.6950 2.6925 2.6900
 2.6875 2.6850 2.6825 2.6801 2.6776 2.6751 2.6727 2.6702 2.6678 2.6653
 2.6629 2.6604 2.6580 2.6556 2.6532 2.6507 2.6483 2.6459 2.6435 2.6411
 2.6387 2.6363 2.6339 2.6315 2.6292 2.6268 2.6244 2.6221 2.6197 2.6173
 2.6150 2.6126 2.6103 2.6079 2.6056 2.6033 2.6009 2.5986 2.5963 2.5940
 2.5917 2.5894 2.5871 2.5848 2.5825 2.5802 2.5779 2.5756 2.5733 2.5710
 2.5688 2.5665 2.5642 2.5620 2.5597 2.5575 2.5552 2.5530 2.5507 2.5485
 2.5463 2.5420 2.5361 2.5302 2.5244 2.5185 2.5127 2.5103 2.5183 2.5213
 2.5243 2.5272 2.5302 2.5332 2.5362 2.5392 2.5422 2.5453 2.5483 2.5477
 2.5429 2.5584 2.5605 2.5564 2.5621 2.5722 2.5771 2.5886 2.5715 2.5736
 2.5649 2.5725 2.5636 2.5422 2.5359 2.5286 2.5157 2.5378 2.5397 2.5502
 2.5466 2.5414 2.5358 2.5426 2.5588 2.5404 2.5391 2.5377 2.5370 2.5415
 2.5266 2.5365 2.5528 2.5634 2.5662 2.5758 2.5846 2.5884 2.5999 2.5946
 2.6087 2.6191 2.6100 2.6099 2.6109 2.6119 2.6129 2.6483 2.6396 2.6536
 2.6596 2.6835 2.6610 2.6605 2.6646 2.6609 2.6680 2.6754 2.6615 2.6801
 2.6691 2.6869 2.6872 2.7013 2.7065 2.7170 2.7198 2.7146 2.7310 2.7297
 2.7450 2.7494 2.7662 2.7668 2.7808 2.7971 2.8137 2.8135 2.8206 2.8303
 2.8224 2.8182 2.8236 2.8172 2.8175 2.8215 2.8255 2.8165 2.8175 2.8071
 2.7888 2.7675 2.7606 2.7473 2.7559 2.7534 2.7718 2.7494 2.7609 2.7646
 2.7684 2.7722 2.7759 2.7797 2.7836 2.7851 2.7760 2.7811 2.8100 2.8101
 2.8206 2.8366 2.8256 2.8186 2.8335 2.8415 2.8391 2.8366 2.8342 2.8317
 2.8293 2.8437 2.8548 2.8397 2.7953 2.7603 2.7075 2.7034 2.6873 2.6923
 2.6845 2.6768 2.6691 2.6614 2.6538 2.6462 2.6387 2.6312 2.6237 2.6420
 2.6437 2.6368 2.6191 2.6199 2.6173 2.5999 2.6159 2.6216 2.6203 2.6189
 2.6176 2.6163 2.6149 2.6136 2.6123 2.6028 2.6134 2.6327 2.6440 2.6411
 2.6383 2.6356 2.6328 2.6300 2.6272 2.6244 2.6217 2.6189 2.6162 2.6134
 2.6107 2.6080 2.6052 2.6025 2.5998 2.5971 2.5944 2.5917 2.5890 2.5863
 2.5836 2.5809 2.5782 2.5756 2.5729 2.5703 2.5676 2.5650 2.5623 2.5597
 2.5571 2.5544 2.5518 2.5492 2.5466 2.5451 2.5515 2.5581 2.5647 2.5713
 2.5780 2.5847 2.5914 2.5981 2.6007 2.5930 2.5987 2.6122 2.6101 2.6139
 2.6310 2.6396 2.6358 2.6192 2.6401 2.6433 2.6463 2.6493 2.6523 2.6553
 2.6583 2.6613 2.6644 2.6674 2.6705 2.6735 2.6766 2.6797 2.6827 2.6858
 2.6889 2.6920 2.6951 2.6982 2.7014 2.7045 2.7076 2.7108 2.7139 2.7171
 2.7202 2.7234 2.7266 2.7298 2.7330 2.7362 2.7394 2.7426 2.7458 2.7491
 2.7523 2.7555 2.7588 2.7621 2.7653 2.7686 2.7719 2.7752 2.7785 2.7818
 2.7851 2.7885 2.7918 2.7951 2.7985 2.8018 2.8052 2.8086 2.8120 2.8153
 2.8187 2.8222 2.8087 2.8167 2.8247 2.8327 2.8399 2.8567 2.8801 2.9184
 2.9332 2.9476 2.9531 2.9879 3.0496 3.0554 3.0689 3.0581 3.0483 3.0419
 3.0313 3.0465 3.0536 3.0637 3.0280 3.0352 3.0447 3.0578 3.0461 3.0530
 3.0448 3.0213 2.9882 2.9824 2.9830 2.9647 2.9431 2.9302 2.9276 2.9352
 2.9329 2.9202 2.9097 2.8967 2.9080 2.8947 2.9252 2.9144 2.9229 2.9157
 2.9211 2.9255 2.9147 2.9415 2.9405 2.9346 2.9533 2.9337 2.9376 2.9204
 2.8942 2.8906 2.8564 2.8852 2.8565 2.8189 2.8251 2.8111 2.8188 2.8143
 2.8193 2.8209 2.8185 2.8219 2.8226 2.8103 2.8033 2.8086 2.8115 2.8284
 2.8143 2.8220 2.7721 2.7240 2.6775 2.6325 2.6130 2.6514 2.6528 2.6577
 2.6969 2.7095 2.6620 2.7044 2.7710 2.8409 2.9145 2.9066 2.8981 2.8899
 2.8818 2.8738 2.8658 2.8578 2.8423 2.8640 2.8537 2.8348 2.8007 2.6496
 2.6391 2.7226 2.6880 2.6580 2.6395 2.6214 2.6034 2.5858 2.5922 2.7123
 2.7614 2.7555 2.7496 2.7437 2.7378 2.7320 2.7262 2.7204 2.7147 2.7116
 2.7174 2.7183 2.7188 2.7193 2.7198 2.7202 2.7207 2.7212 2.7217 2.7222
 2.7227 2.7232 2.7236 2.7241 2.7246 2.7251 2.7256 2.7261 2.7300 2.7292
 2.7428 2.7425 2.7423 2.7420 2.7418 2.7415 2.7413 2.7410 2.7408 2.7405
 2.7403 2.7400 2.7398 2.7395 2.7392 2.7390 2.7387 2.7385 2.7382 2.7380
 2.7414 2.7508 2.7460 2.7373 2.7286 2.7200 2.7096 2.6656 2.6711 2.6675
 2.6615 2.6500 2.6517 2.6611 2.6482 2.6495 2.6636 2.6831 2.6681 2.6490
 2.6392 2.6243 2.6056 2.5974 2.5810 2.5757 2.5628 2.5500 2.5373 2.5247
 2.5122 2.4894 2.4570 2.4753 2.4208 2.3405 2.2813 2.2375 2.1627 2.0927
 2.0448 2.0273 1.9824 1.9440 1.8783 1.8499 1.8083 1.7890 1.7420 1.7156
 1.6879 1.6620 1.6421 1.6177 1.5865 1.5777 1.5707 1.5638 1.5569 1.5501
 1.5316 1.5269 1.5308 1.5379 1.5457 1.5457 1.5408 1.5529 1.5510 1.5476
 1.5496 1.5421 1.5467 1.5480 1.5496 1.5465 1.5547 1.5557 1.5615 1.5561
 1.5617 1.5677 1.5651 1.5643 1.5516 1.5330 1.5426 1.5344 1.5227 1.5312
 1.5242 1.5232 1.5267 1.5234 1.5235 1.5164 1.5169 1.5288 1.5201 1.5156
 1.5080 1.4951 1.4908 1.4982 1.4929 1.4885 1.4909 1.4979 1.4965 1.5086
 1.4966 1.4933 1.4901 1.4885 1.4915 1.4859 1.4844 1.4752 1.4821 1.4733
 1.4714 1.4718 1.4723 1.4728 1.4733 1.4738 1.4743 1.4748 1.4752 1.4757
 1.4762 1.4767 1.4772 1.4777 1.4782 1.4787 1.4792 1.4797 1.4801 1.4806
 1.4811 1.4816 1.4821 1.4835 1.4931 1.4954 1.5082 1.5022 1.4974 1.4970
 1.4864 1.4797 1.4738 1.4678 1.4620 1.4711 1.4686 1.4661 1.4636 1.4612
 1.4587 1.4563 1.4539 1.4514 1.4490 1.4466 1.4442 1.4418 1.4394 1.4371
 1.4347 1.4323 1.4300 1.4276 1.4253 1.4230 1.4206 1.4183 1.4160 1.4137
 1.4114 1.4091 1.4069 1.4046 1.4023 1.4001 1.3978 1.3956 1.3933 1.3911
 1.3889 1.3867 1.3845 1.3823 1.3797 1.3693 1.3693 1.3594 1.3358 1.3213
 1.3221 1.3295 1.3307 1.3240 1.3247 1.3192 1.3136 1.3221 1.3141 1.3171
 1.3099 1.2987 1.2972 1.3100 1.3192 1.3184 1.3309 1.3370 1.3353 1.3358
 1.3358 1.3387 1.3541 1.3434 1.3549 1.3644 1.3738 1.3918 1.3962 1.4064
 1.4032 1.3992 1.4070 1.4080 1.4192 1.4147 1.4231 1.4270 1.4318 1.4454
 1.4445 1.4556 1.4532 1.4588 1.4600 1.4617 1.4742 1.4778 1.4935 1.4969
 1.4980 1.4847 1.4754 1.4773 1.4864 1.4862 1.4867 1.4826 1.4837 1.4822
 1.4769 1.4832 1.4862 1.4876 1.4933 1.4989 1.4934 1.4904 1.4960 1.4905
 1.4880 1.4936 1.4929 1.4963 1.4946 1.5002 1.5059 1.5046 1.5015 1.4963
 1.4999 1.4986 1.4972 1.4882 1.4844 1.4825 1.4818 1.4728 1.4656 1.4601
 1.4503 1.4332 1.4281 1.4170 1.4101 1.4124 1.4171 1.4057 1.4196 1.4239
 1.4250 1.4229 1.4209 1.4185 1.4162 1.4138 1.4115 1.4091 1.4068 1.4083
 1.3953 1.4013 1.3968 1.3878 1.3909 1.3829 1.3856 1.3851 1.3800 1.3878
 1.3982 1.4013 1.3906 1.3724 1.3626 1.3497 1.3388 1.3396 1.3263 1.3299
 1.3273 1.3097 1.3085 1.3052 1.3013 1.3031 1.2957 1.3059 1.3026 1.3019
 1.3016 1.3061 1.3003 1.2988 1.2960 1.2959 1.2964 1.2946 1.2960 1.2974
 1.2988 1.3002 1.2979 1.3034 1.3045 1.3092 1.3056 1.3037 1.3025 1.3145
 1.3172 1.3173 1.3222 1.3188 1.3191 1.3113 1.3131 1.3018 1.3081 1.3104
 1.3118 1.3136 1.3193 1.3126 1.3166 1.3197 1.3156 1.3175 1.3162 1.3140
 1.3141 1.3142 1.3143 1.3143 1.3144 1.3088 1.3140 1.3109 1.3082 1.3056
 1.3077 1.3191 1.3037 1.2910 1.3114 1.3087 1.3118 1.3112 1.3081 1.2968
 1.2917 1.2853 1.2826 1.2642 1.2527 1.2646 1.2511 1.2459 1.2530 1.2435
 1.2412 1.2359 1.2342 1.2237 1.2323 1.2410 1.2415 1.2389 1.2326 1.2198
 1.1951 1.2004 1.2000 1.1997 1.2049 1.2100 1.2153 1.2206 1.2253 1.2222
 1.2339 1.2450 1.2524 1.2606 1.2580 1.2482 1.2670 1.2629 1.2572 1.2566
 1.2547 1.2528 1.2538 1.2511 1.2608 1.2622 1.2515 1.2633 1.2611 1.2597
 1.2577 1.2507 1.2551 1.2515 1.2577 1.2578 1.2622 1.2672 1.2705 1.2604
 1.2659 1.2646 1.2769 1.2636 1.2658 1.2697 1.2710 1.2729 1.2728 1.2748
 1.2725 1.2806 1.2809 1.2813 1.2843 1.2723 1.2675 1.2300 1.2092 1.2170
 1.2289 1.2318 1.2294 1.2252 1.2217 1.2225 1.2244 1.2262 1.2281 1.2299
 1.2299 1.2277 1.2270 1.2240 1.2228 1.2255 1.2287 1.2176 1.2178 1.2242
 1.2121 1.2141 1.2155 1.2133 1.2146 1.2097 1.2106 1.2145 1.2046 1.2045
 1.1786 1.1649 1.1799 1.1763 1.1785 1.1785 1.1674 1.1739 1.1676 1.1652
 1.1758 1.1811 1.1815 1.1763 1.1793 1.1897 1.1906 1.1883 1.1930 1.1943
 1.2012 1.1911 1.1947 1.1948 1.1977 1.1973 1.2018 1.2018 1.2043 1.2161
 1.2184 1.2163 1.2228 1.2199 1.2077 1.2167 1.2181 1.2152 1.2284 1.2269
 1.2341 1.2377 1.2296 1.2276 1.2212 1.2254 1.2306 1.2327 1.2347 1.2290
 1.2236 1.2208 1.2237 1.2307 1.2378 1.2350 1.2322 1.2275 1.2321 1.2296
 1.2217 1.2241 1.2236 1.2227 1.2220 1.2212 1.2219 1.2217 1.2258 1.2282
 1.2192 1.2282 1.2257 1.2254 1.2184 1.2254 1.2202 1.2286 1.2252 1.2280
 1.2320 1.2276 1.2220 1.2162 1.2155 1.2249 1.2128 1.2164 1.2117 1.2111
 1.2130 1.2148 1.2166 1.2184 1.2203 1.2221 1.2240 1.2347 1.2258 1.2259
 1.2294 1.2240 1.2253 1.2364 1.2429 1.2167 1.2151 1.2143 1.2428 1.2369
 1.2356 1.2569 1.2460 1.2249 1.2267 1.2367 1.2380 1.2355 1.2451 1.2284
 1.2358 1.2439 1.2283 1.2226 1.2268 1.2275 1.2279 1.2246 1.2307 1.2231
 1.2192 1.2273 1.2203 1.2199 1.2241 1.2161 1.2129 1.2097 1.2065 1.2033
 1.2002 1.1906 1.1919 1.1783 1.1834 1.1776 1.1751 1.1842 1.1686 1.1634
 1.1621 1.1608 1.1596 1.1583 1.1570 1.1558 1.1545 1.1533 1.1463 1.1393
 1.1324 1.1256 1.1205 1.1114 1.1158 1.1019 1.1035 1.0975 1.0863 1.0864
 1.0895 1.0834 1.0829 1.0652 1.0620 1.0663 1.0596 1.0582 1.0519 1.0447
 1.0372 1.0405 1.0384 1.0319 1.0256 1.0273 1.0290 1.0279 1.0246 1.0259
 1.0435 1.0762 1.0858 1.0797 1.0737 1.0678 1.0644 1.0678 1.0713 1.0748
 1.0784 1.0819 1.0855 1.0891 1.0907 1.0934 1.0951 1.1036 1.1104 1.1160
 1.1202 1.1203 1.1228 1.1322 1.1352 1.1363 1.1432 1.1539 1.1611 1.1683
 1.1755 1.1829 1.1904 1.1903 1.1776 1.1873 1.1898 1.1976 1.1997 1.1948
 1.1927 1.1904 1.1790 1.1744 1.1740 1.1735 1.1742 1.1750 1.1756 1.1761
 1.1767 1.1773 1.1779 1.1785 1.1791 1.1797 1.1803 1.1809 1.1815 1.1814
 1.1769 1.1725 1.1680 1.1638 1.1605 1.1661 1.1659 1.1664 1.1782 1.1901
 1.1835 1.1740 1.1722 1.1697 1.1818 1.1809 1.1856 1.1830 1.1898 1.1937
 1.1926 1.1920 1.1947 1.1975 1.2045 1.1995 1.2020 1.2066 1.2033 1.2028
 1.2117 1.2120 1.2104 1.2062 1.2123 1.2057 1.2040 1.2048 1.2137 1.2033
 1.2109 1.2066 1.2036 1.2101 1.1964 1.1946 1.2007 1.2068 1.2045 1.2008
 1.2078 1.2016 1.2012 1.1890 1.1867 1.1854 1.1895 1.1834 1.1754 1.1803
 1.1863 1.1918 1.1892 1.2018 1.2012 1.1949 1.2049 1.2056 1.2094 1.2087
 1.2126 1.2237 1.2245 1.2275 1.2304 1.2317 1.2330 1.2351 1.2406 1.2413
 1.2389 1.2357 1.2471 1.2471 1.2479 1.2501 1.2491 1.2600 1.2599 1.2611
 1.2640 1.2583 1.2694 1.2703 1.2791 1.2766 1.2742 1.2718 1.2694 1.2670
 1.2646 1.2577 1.2710 1.2684 1.2734 1.2747 1.2750 1.2754 1.2757 1.2765
 1.2808 1.2833 1.2833 1.2723 1.2684 1.2702 1.2652 1.2718 1.2760 1.2714
 1.2624 1.2712 1.2718 1.2775 1.2794 1.2758 1.2651 1.2759 1.2796 1.2809
 1.2822 1.2836 1.2849 1.2850 1.2723 1.2793 1.2760 1.2706 1.2631 1.2700
 1.2647 1.2595 1.2642 1.2747 1.2576 1.2571 1.2583 1.2702 1.2720 1.2689
 1.2649 1.2502 1.2746 1.2824 1.2907 1.2665 1.2591 1.2598 1.2634 1.2772
 1.2835 1.2765 1.2837 1.2764 1.2726 1.2712 1.2889 1.2769 1.2762 1.2734
 1.2686 1.2659 1.2698 1.2522 1.2428 1.2447 1.2476 1.2331 1.2410 1.2349
 1.2274 1.2347 1.2246 1.2226 1.2208 1.2191 1.2249 1.2266 1.2215 1.2242
 1.2240 1.2239 1.2274 1.2315 1.2155 1.2347 1.2356 1.2255 1.2358 1.2316
 1.2299 1.2185 1.2241 1.2273 1.2313 1.2275 1.2325 1.2410 1.2307 1.2416
 1.2358 1.2473 1.2422 1.2431 1.2431 1.2344 1.2200 1.2260 1.2290 1.2425
 1.2253 1.2198 1.2211 1.2268 1.2277 1.2267 1.2275 1.2291 1.2250 1.2213
 1.2291 1.2261 1.2177 1.2150 1.2116 1.2060 1.2060 1.2099 1.2115 1.2131
 1.2148 1.2164 1.2180 1.2197 1.2213 1.2095 1.1949 1.1753 1.1710 1.1639
 1.1726 1.1807 1.1893 1.1981 1.2031 1.1886 1.1696 1.1799 1.1811 1.1778
 1.1800 1.1823 1.1846 1.1869 1.1892 1.1915 1.1938 1.1962 1.1985 1.2008
 1.2032 1.2056 1.2080 1.2103 1.2127 1.2151 1.2176 1.2200 1.2224 1.2249
 1.2261 1.2230 1.2252 1.2221 1.2196 1.2170 1.2145 1.2120 1.2095 1.2070
 1.2045 1.2020 1.1995 1.1971 1.1946 1.1922 1.1897 1.1873 1.1849 1.1641
 1.1617 1.1581 1.1536 1.1518 1.1452 1.1296 1.1183 1.1142 1.1063 1.1062
 1.0920 1.0909 1.0809 1.0663 1.0722 1.0628 1.0670 1.0601 1.0646 1.0561
 1.0528 1.0538 1.0549 1.0469 1.0402 1.0427 1.0351 1.0426 1.0466 1.0582
 1.0631 1.0725 1.0856 1.0948 1.0945 1.0889 1.0970 1.1165 1.1178 1.1190
 1.1203 1.1215 1.1228 1.1240 1.1253 1.1265 1.1278 1.1228 1.1223 1.1238
 1.1221 1.1213 1.1205 1.1298 1.1309 1.1374 1.1440 1.1506 1.1573 1.1641
 1.1673 1.1521 1.1562 1.1602 1.1626 1.1712 1.1804 1.1823 1.1842 1.1862
 1.1881 1.1900 1.1920 1.1939 1.1959 1.1979 1.1983 1.1951 1.1906 1.1982
 1.1957 1.1972 1.1912 1.1931 1.1932 1.1975 1.1987 1.1990 1.2015 1.2039
 1.2065 1.2056 1.2045 1.2088 1.2083 1.2079 1.2074 1.2070 1.2065 1.2061
 1.2056 1.2052 1.2047 1.2043 1.2039 1.2034 1.2083 1.2142 1.2202 1.2337
 1.2313 1.2348 1.2399 1.2372 1.2322 1.2390 1.2349 1.2405 1.2374 1.2344
 1.2313 1.2310 1.2305 1.2299 1.2294 1.2310 1.2330 1.2343 1.2357 1.2372
 1.2410 1.2474 1.2540 1.2606 1.2629 1.2610 1.2592 1.2573 1.2567 1.2502
 1.2441 1.2497 1.2556 1.2636 1.2718 1.2675 1.2659 1.2549 1.2762 1.2686
 1.2677 1.2703 1.2713 1.2694 1.2646 1.2598 1.2550 1.2503 1.2457 1.2410
 1.2364 1.2318 1.2432 1.2240 1.2250 1.2273 1.2241 1.2199 1.2157 1.2116
 1.2073 1.2016 1.1959 1.1903 1.1843 1.1755 1.1668 1.1638 1.1627 1.1615
 1.1604 1.1592 1.1581 1.1569 1.1558 1.1546 1.1535 1.1524 1.1512 1.1501
 1.1490 1.1478 1.1460 1.1377 1.1318 1.1307 1.1305 1.1351 1.1400 1.1462
 1.1581 1.1543 1.1497 1.1452 1.1633 1.1610 1.1617 1.1546 1.1680 1.1688
 1.1703 1.1719 1.1735 1.1751 1.1767 1.1783 1.1785 1.1726 1.1772 1.1897
 1.2009 1.1953 1.1993 1.2032 1.2072 1.2112 1.2152 1.2192 1.2233 1.2274
 1.2222 1.2363 1.2311 1.2154 1.2213 1.2158 1.2364 1.2505 1.2493 1.2418
 1.2415 1.2337 1.2347 1.2355 1.2350 1.2419 1.2462 1.2377 1.2406 1.2373
 1.2366 1.2367 1.2368 1.2228 1.2292 1.2326 1.2311 1.2309 1.2489 1.2578
 1.2556 1.2453 1.2402 1.2431 1.2515 1.2572 1.2580 1.2569 1.2554 1.2515
 1.2493 1.2478 1.2514 1.2503 1.2540 1.2554 1.2520 1.2498 1.2446 1.2522
 1.2611 1.2489 1.2547 1.2634 1.2658 1.2656 1.2476 1.2439 1.2442 1.2471
 1.2597 1.2590 1.2527 1.2455 1.2413 1.2401 1.2454 1.2406 1.2329 1.2155
 1.2327 1.2331 1.2336 1.2330 1.2278 1.2256 1.2149 1.2309 1.2223 1.2121
 1.2064 1.1931 1.1932 1.1853 1.1852 1.1808 1.1707 1.1708 1.1709 1.1710
 1.1710 1.1711 1.1712 1.1713 1.1658 1.1776 1.1589 1.1578 1.1513 1.1428
 1.1322 1.1217 1.1128 1.1050 1.1081 1.1059 1.1037 1.1019 1.1051 1.0986
 1.0982 1.1035 1.0929 1.0881 1.0833 1.0787 1.0740 1.0694 1.0648 1.0624
 1.0627 1.0582 1.0669 1.0691 1.0788 1.0811 1.0893 1.0991 1.1107 1.1134
 1.1173 1.1248 1.1370 1.1431 1.1461 1.1485 1.1495 1.1448 1.1414 1.1536
 1.1606 1.1538 1.1552 1.1603 1.1597 1.1616 1.1628 1.1593 1.1685 1.1653
 1.1631 1.1678 1.1726 1.1759 1.1665 1.1573 1.1587 1.1620 1.1586 1.1501
 1.1536 1.1361 1.1351 1.1378 1.1359 1.1296 1.1206 1.1115 1.1165 1.1089
 1.1052 1.1034 1.0968 1.0714 1.0652 1.0590 1.0529 1.0469 1.0427 1.0383
 1.0337 1.0290 1.0245 1.0207 1.0302 1.0277 1.0328 1.0281 1.0279 1.0347
 1.0402 1.0421 1.0440 1.0458 1.0477 1.0469 1.0494 1.0595 1.0615 1.0695
 1.0733 1.0787 1.0765 1.0884 1.0909 1.0934 1.0993 1.1057 1.1123 1.1189
 1.1257 1.1286 1.1307 1.1231 1.1236 1.1248 1.1261 1.1273 1.1280 1.1264
 1.1277 1.1309 1.1341 1.1400 1.1444 1.1460 1.1466 1.1443 1.1499 1.1493
 1.1476 1.1459 1.1482 1.1519 1.1551 1.1570 1.1546 1.1577 1.1516 1.1475
 1.1459 1.1465 1.1470 1.1476 1.1481 1.1486 1.1492 1.1497 1.1503 1.1508
 1.1514 1.1519 1.1525 1.1530 1.1536 1.1541 1.1539 1.1557 1.1607 1.1657
 1.1678 1.1607 1.1573 1.1611 1.1601 1.1616 1.1647 1.1558 1.1572 1.1555
 1.1529 1.1517 1.1505 1.1493 1.1492 1.1493 1.1494 1.1495 1.1451 1.1464
 1.1483 1.1441 1.1368 1.1295 1.1342 1.1340 1.1263 1.1188 1.1114 1.1040
 1.0968 1.0897 1.0860 1.0847 1.0842 1.0838 1.0834 1.0830 1.0826 1.0822
 1.0817 1.0813 1.0809 1.0805 1.0801 1.0824 1.0828 1.0872 1.0916 1.0960
 1.0992 1.1003 1.1013 1.1111 1.1080 1.1060 1.1047 1.1034 1.1021 1.1008
 1.1034 1.1067 1.1101 1.1134 1.1168 1.1202 1.1244 1.1293 1.1342 1.1392
 1.1442 1.1493 1.1604 1.1604 1.1633 1.1663 1.1692 1.1722 1.1751 1.1782
 1.1719 1.1729 1.1665 1.1663 1.1691 1.1765 1.1722 1.1772 1.1826 1.1811
 1.1724 1.1668 1.1706 1.1723 1.1786 1.1738 1.1765 1.1760 1.1692 1.1688
 1.1684 1.1680 1.1677 1.1673 1.1669 1.1666 1.1653 1.1601 1.1574 1.1548
 1.1551 1.1554 1.1557 1.1559 1.1553 1.1546 1.1609 1.1639 1.1654 1.1669
 1.1616 1.1526 1.1543 1.1531 1.1518 1.1510 1.1515 1.1498 1.1481 1.1459
 1.1417 1.1473 1.1415 1.1406 1.1389 1.1392 1.1408 1.1403 1.1406 1.1354
 1.1302 1.1251 1.1233 1.1243 1.1253 1.1248 1.1227 1.1231 1.1225 1.1196
 1.1215 1.1314 1.1221 1.1260 1.1299 1.1327 1.1298 1.1324 1.1332 1.1347
 1.1235 1.1232 1.1185 1.1230 1.1228 1.1286 1.1339 1.1257 1.1295 1.1279
 1.1303 1.1250 1.1262 1.1278 1.1254 1.1291 1.1254 1.1352 1.1324 1.1322
 1.1210 1.1160 1.1190 1.1178 1.1166 1.1076 1.1132 1.1168 1.1158 1.1139
 1.1144 1.1124 1.1130 1.1115 1.1126 1.1148 1.1122 1.1159 1.1191 1.1176
 1.1085 1.1060 1.1131 1.1148 1.1127 1.1091 1.1074 1.1061 1.1042 1.1051
 1.1054 1.1001 1.0999 1.1024 1.1060 1.1086 1.1003 1.1039 1.1022 1.0961
 1.0982 1.0916 1.0926 1.0932 1.0911 1.0890 1.0870 1.0951 1.0948 1.0985
 1.0918 1.0958 1.0990 1.0955 1.0985 1.0922 1.0917 1.0913 1.0879 1.0918
 1.0912 1.0895 1.0892 1.0904 1.0866 1.0869 1.0867 1.0886 1.0829 1.0861
 1.0895 1.0880 1.0851 1.0829 1.0775 1.0717 1.0632 1.0610 1.0586 1.0563
 1.0539 1.0516 1.0493 1.0470 1.0447 1.0424 1.0393 1.0343 1.0308 1.0311
 1.0321 1.0330 1.0339 1.0349 1.0358 1.0368 1.0377 1.0387 1.0397 1.0406
 1.0416 1.0425 1.0435 1.0445 1.0454 1.0464 1.0474 1.0483 1.0493 1.0503
 1.0513 1.0613 1.0609 1.0785 1.0845 1.0783 1.0685 1.0711 1.0762 1.0828
 1.0720 1.0797 1.0858 1.0930 1.1064 1.1090 1.1028 1.1178 1.1157 1.1278
 1.1289 1.1308 1.1328 1.1348 1.1370 1.1393 1.1415 1.1438 1.1461 1.1484
 1.1507 1.1530 1.1553 1.1577 1.1600 1.1603 1.1605 1.1604 1.1591 1.1578
 1.1565 1.1553 1.1546 1.1545 1.1535 1.1473 1.1427 1.1393 1.1359 1.1325
 1.1303 1.1290 1.1276 1.1263 1.1250 1.1236 1.1223 1.1202 1.1172 1.1143
 1.1105 1.1050 1.1110 1.1085 1.1051 1.1018 1.0985 1.0965 1.0945 1.0903
 1.0966 1.1033 1.1005 1.1055 1.1087 1.1099 1.1133 1.1204 1.1163 1.1134
 1.1157 1.1180 1.1204 1.1227 1.1250 1.1274 1.1297 1.1321 1.1345 1.1379
 1.1416 1.1452 1.1485 1.1520 1.1554 1.1589 1.1623 1.1658 1.1694 1.1729
 1.1737 1.1745 1.1819 1.1882 1.1937 1.1946 1.1955 1.1964 1.1972 1.1981
 1.1990 1.1998 1.2007 1.2016 1.2025 1.2033 1.2042 1.2051 1.2060 1.2069
 1.2078 1.2086 1.2052 1.2064 1.2101 1.2054 1.2052 1.2098 1.2124 1.2119
 1.2021 1.1993 1.1969 1.1989 1.1997 1.2025 1.1937 1.1939 1.1939 1.1848
 1.1794 1.1773 1.1804 1.1709 1.1706 1.1657 1.1654 1.1774 1.1690 1.1568
 1.1670 1.1537 1.1562 1.1527 1.1450 1.1434 1.1286 1.1273 1.1236 1.1199
 1.1133 1.1123 1.1145 1.1130 1.1026 1.1077 1.1041 1.1061 1.1056 1.1025
 1.1032 1.1099 1.1087 1.1102 1.1137 1.1116 1.1062 1.1110 1.1126 1.1141
 1.1172 1.1183 1.1207 1.1259 1.1210 1.1228 1.1338 1.1357 1.1412 1.1430
 1.1463 1.1476 1.1517 1.1519 1.1500 1.1484 1.1430 1.1428 1.1481 1.1507
 1.1560 1.1526 1.1520 1.1590 1.1522 1.1555 1.1600 1.1546 1.1536 1.1551
 1.1491 1.1457 1.1608 1.1576 1.1589 1.1604 1.1648 1.1681 1.1682 1.1664
 1.1670 1.1716 1.1667 1.1687 1.1679 1.1722 1.1749 1.1717 1.1776 1.1839
 1.1847 1.1872 1.1825 1.1743 1.1772 1.1748 1.1695 1.1703 1.1707 1.1735
 1.1756 1.1734 1.1806 1.1788 1.1807 1.1796 1.1814 1.1793 1.1765 1.1739
 1.1712 1.1672 1.1730 1.1716 1.1642 1.1684 1.1653 1.1617 1.1542 1.1626
 1.1524 1.1542 1.1528 1.1523 1.1673 1.1572 1.1549 1.1520 1.1484 1.1363
 1.1298 1.1188 1.1224 1.1033 1.0974 1.0955 1.1019 1.0984 1.0967 1.0927
 1.0879 1.0877 1.0827 1.0709 1.0616 1.0476 1.0522 1.0442 1.0411 1.0376
 1.0285 1.0208 1.0272 1.0211 1.0152 1.0110 1.0089 1.0099 1.0102 1.0105
 1.0107 1.0110 1.0113 1.0116 1.0118 1.0121 1.0124 1.0127 1.0129 1.0132
 1.0142 1.0227 1.0251 1.0222 1.0325 1.0361 1.0405 1.0467 1.0513 1.0562
 1.0562 1.0579 1.0660 1.0667 1.0694 1.0681 1.0700 1.0719 1.0754 1.0732
 1.0792 1.0836 1.0855 1.0826 1.0918 1.0921 1.0946 1.0977 1.1045 1.1117
 1.1131 1.1182 1.1248 1.1271 1.1236 1.1295 1.1279 1.1277 1.1278 1.1264
 1.1237 1.1315 1.1375 1.1374 1.1351 1.1382 1.1388 1.1384 1.1418 1.1460
 1.1457 1.1427 1.1434 1.1541 1.1476 1.1507 1.1477 1.1447 1.1466 1.1541
 1.1523 1.1528 1.1496 1.1557 1.1565 1.1572 1.1626 1.1601 1.1537 1.1583
 1.1639 1.1617 1.1614 1.1578 1.1493 1.1557 1.1504 1.1541 1.1594 1.1626
 1.1580 1.1534 1.1608 1.1622 1.1720 1.1663 1.1641 1.1712 1.1762 1.1789
 1.1784 1.1740 1.1766 1.1764 1.1769 1.1779 1.1916 1.1873 1.1808 1.1858
 1.1861 1.1866 1.1820 1.1859 1.1876 1.1923 1.1860 1.1853 1.1890 1.1901
 1.1934 1.1896 1.1773 1.1726 1.1751 1.1777 1.1770 1.1752 1.1755 1.1825
 1.1849 1.1884 1.1818 1.1835 1.1839 1.1839 1.1839 1.1839 1.1833 1.1861
 1.1854 1.1879 1.1876 1.1799 1.1793 1.1786 1.1780 1.1774 1.1767 1.1761
 1.1757 1.1815 1.1767 1.1731 1.1706 1.1743 1.1747 1.1656 1.1731 1.1603
 1.1604 1.1604 1.1586 1.1553 1.1518 1.1442 1.1506 1.1485 1.1484 1.1371
 1.1360 1.1296 1.1251 1.1261 1.1247 1.1179 1.1159 1.1112 1.1077 1.1063
 1.1020 1.0964 1.0958 1.0925 1.0933 1.0897 1.0822 1.0766 1.0736 1.0743
 1.0749 1.0733 1.0686 1.0645 1.0680 1.0694 1.0694 1.0606 1.0499 1.0423
 1.0350 1.0279 1.0209 1.0141 1.0073 1.0006 0.9940 0.9867 0.9769 0.9699
 0.9637 0.9624 0.9642 0.9661 0.9679 0.9698 0.9746 0.9860 1.0090 1.0161
 1.0256 1.0344 1.0442 1.0435 1.0530 1.0626 1.0534 1.0652 1.0683 1.0733
 1.0803 1.0842 1.0847 1.0862 1.0835 1.0890 1.0869 1.0880 1.0822 1.0921
 1.0892 1.0918 1.0972 1.0976 1.0981 1.0956 1.0984 1.0889 1.0925 1.0926
 1.0989 1.0985 1.0943 1.0950 1.0938 1.0957 1.0916 1.0905 1.0888 1.0917
 1.0959 1.0843 1.0809 1.0873 1.0916 1.0931 1.0932 1.0932 1.0974 1.1020
 1.1053 1.1043 1.1094 1.1123 1.1104 1.1080 1.1110 1.1107 1.1102 1.1147
 1.1170 1.1200 1.1268 1.1378 1.1405 1.1406 1.1396 1.1475 1.1420 1.1364
 1.1363 1.1452 1.1482 1.1522 1.1488 1.1462 1.1588 1.1567 1.1551 1.1615
 1.1588 1.1633 1.1557 1.1580 1.1609 1.1609 1.1632 1.1625 1.1566 1.1488
 1.1627 1.1426 1.1293 1.1250 1.1201 1.1158 1.1216 1.1136 1.1170 1.1145
 1.0998 1.0973 1.0942 1.0896 1.0903 1.0906 1.0919 1.0911 1.0919 1.0865
 1.0870 1.0845 1.0792 1.0698 1.0782 1.0753 1.0735 1.0677 1.0742 1.0737
 1.0682 1.0695 1.0712 1.0787 1.0721 1.0676 1.0708 1.0743 1.0664 1.0674
 1.0598 1.0586 1.0613 1.0594 1.0581 1.0583 1.0609 1.0624 1.0584 1.0626
 1.0650 1.0703 1.0719 1.0739 1.0753 1.0750 1.0825 1.0805 1.0871 1.0923
 1.0895 1.0947 1.0972 1.1031 1.1018 1.1055 1.1108 1.1152 1.1121 1.1271
 1.1312 1.1322 1.1433 1.1422 1.1536 1.1432 1.1548 1.1584 1.1515 1.1555
 1.1515 1.1507 1.1533 1.1481 1.1524 1.1482 1.1512 1.1492 1.1554 1.1568
 1.1536 1.1562 1.1508 1.1511 1.1538 1.1569 1.1555 1.1507 1.1382 1.1364
 1.1382 1.1358 1.1260 1.1168 1.1208 1.1227 1.1125 1.1056 1.1017 1.1011
 1.1004 1.0998 1.0991 1.0985 1.0978 1.0972 1.0965 1.0959 1.0952 1.0946
 1.0939 1.0933 1.0926 1.0920 1.0913 1.0907 1.0900 1.0894 1.0888 1.0881
 1.0875 1.0868 1.0862 1.0856 1.0849 1.0843 1.0837 1.0830 1.0824 1.0818
 1.0811 1.0805 1.0799 1.0792 1.0786 1.0780 1.0774 1.0767 1.0761 1.0755
 1.0748 1.0742 1.0736 1.0730 1.0724 1.0717 1.0711 1.0705 1.0699 1.0693
 1.0686 1.0680 1.0674 1.0668 1.0662 1.0656 1.0650 1.0643 1.0637 1.0644
 1.0640 1.0678 1.0732 1.0697 1.0646 1.0609 1.0738 1.0784 1.0840 1.0853
 1.0910 1.0952 1.0946 1.1051 1.1091 1.1047 1.1041 1.1230 1.1280 1.1283
 1.1293 1.1376 1.1306 1.1341 1.1246 1.1292 1.1355 1.1509 1.1572 1.1621
 1.1612 1.1760 1.1899 1.1906 1.2036 1.2037 1.2087 1.2150 1.2249 1.2155
 1.2268 1.2335 1.2316 1.2370 1.2422 1.2449 1.2532 1.2472 1.2541 1.2538
 1.2617 1.2557 1.2637 1.2590 1.2528 1.2538 1.2581 1.2558 1.2520 1.2508
 1.2464 1.2403 1.2235 1.2140 1.2118 1.2048 1.2031 1.1865 1.1749 1.1610
 1.1541 1.1464 1.1382 1.1299 1.1262 1.1223 1.1117 1.1090 1.1015 1.1013
 1.1017 1.0896 1.0892 1.0794 1.0716 1.0698 1.0709 1.0662 1.0741 1.0623
 1.0688 1.0679 1.0688 1.0832 1.0968 1.1108 1.1127 1.1131 1.1131 1.1099
 1.1110 1.1140 1.1191 1.1250 1.1200 1.1290 1.1391 1.1455 1.1567 1.1675
 1.1711 1.1758 1.1787 1.1811 1.1809 1.1824 1.1852 1.1872 1.1902 1.1945
 1.2022 1.2026 1.2030 1.2040 1.2052 1.2055 1.2030 1.2177 1.2177 1.2157
 1.2196 1.2244 1.2263 1.2304 1.2345 1.2363 1.2355 1.2274 1.2254 1.2216
 1.2174 1.2186 1.2278 1.2218 1.2217 1.2131 1.2148 1.2143 1.2090 1.2090
 1.2064 1.1979 1.2001 1.1927 1.1801 1.1800 1.1864 1.1816 1.1902 1.1880
 1.1851 1.1780 1.1788 1.1719 1.1779 1.1766 1.1717 1.1746 1.1694 1.1702
 1.1720 1.1702 1.1693 1.1728 1.1635 1.1581 1.1559 1.1557 1.1523 1.1557
 1.1599 1.1614 1.1640 1.1598 1.1654 1.1616 1.1682 1.1708 1.1724 1.1726
 1.1711 1.1681 1.1733 1.1742 1.1738 1.1779 1.1869 1.1905 1.1885 1.1963
 1.1931 1.1934 1.1935 1.1956 1.1930 1.1875 1.1940 1.1961 1.2015 1.2095
 1.2055 1.2101 1.2149 1.2138 1.2086 1.2047 1.2017 1.1941 1.1937 1.1961
 1.1971 1.2038 1.2035 1.2038 1.1946 1.1975 1.1932 1.1896 1.1821 1.1891
 1.1960 1.1902 1.1817 1.1786 1.1755 1.1649 1.1637 1.1616 1.1460 1.1325
 1.1430 1.1378 1.1390 1.1365 1.1355 1.1374 1.1322 1.1395 1.1411 1.1476
 1.1465 1.1465 1.1362 1.1399 1.1430 1.1462 1.1534 1.1542 1.1565 1.1400
 1.1467 1.1425 1.1377 1.1428 1.1388 1.1467 1.1437 1.1321 1.1389 1.1363
 1.1310 1.1287 1.1270 1.1288 1.1286 1.1244 1.1200 1.1173 1.1095 1.1135
 1.1073 1.1081 1.1088 1.1089 1.1127 1.1100 1.1069 1.1035 1.1012 1.0988
 1.0943 1.0870 1.0867 1.0823 1.0805 1.0840 1.0822 1.0795 1.0771 1.0783
 1.0789 1.0755 1.0779 1.0865 1.0899 1.0983 1.0962 1.1026 1.1006 1.1095
 1.1107 1.1136 1.1153 1.1166 1.1180 1.1193 1.1207 1.1251 1.1399 1.1454
 1.1578 1.1534 1.1621 1.1629 1.1726 1.1715 1.1754 1.1677 1.1773 1.1793
 1.1779 1.1815 1.1896 1.1882 1.2029 1.2145 1.2204 1.2179 1.2233 1.2345
 1.2243 1.2211 1.2323 1.2401 1.2635 1.2607 1.2578 1.2549 1.2521 1.2492
 1.2464 1.2436 1.2408 1.2380 1.2353 1.2325 1.2298 1.2270 1.2243 1.2216
 1.2189 1.2162 1.2136 1.2109 1.2083 1.2056 1.2045 1.1930 1.1814 1.1808
 1.1741 1.1773 1.1755 1.1599 1.1609 1.1519 1.1558 1.1415 1.1459 1.1444
 1.1405 1.1329 1.1291 1.1266 1.1249 1.1235 1.1221 1.1208 1.1194 1.1181
 1.1167 1.1154 1.1140 1.1127 1.1114 1.1100 1.1087 1.1074 1.1060 1.1047
 1.1034 1.1021 1.1008 1.0941 1.0958 1.0902 1.0901 1.0843 1.0900 1.0897
 1.0930 1.0958 1.0953 1.0998 1.1047 1.0993 1.0937 1.0899 1.0944 1.0938
 1.0888 1.0822 1.0800 1.0711 1.0681 1.0623 1.0553 1.0601 1.0580 1.0595
 1.0607 1.0513 1.0600 1.0596 1.0650 1.0676 1.0755 1.0767 1.0774 1.0790
 1.0773 1.0740 1.0706 1.0697 1.0726 1.0738 1.0701 1.0705 1.0713 1.0750
 1.0787 1.0824 1.0861 1.0899 1.0936 1.0974 1.1013 1.1052 1.1100 1.1149
 1.1198 1.1239 1.1226 1.1272 1.1230 1.1294 1.1341 1.1381 1.1486 1.1450
 1.1601 1.1574 1.1728 1.1694 1.1753 1.1701 1.1697 1.1719 1.1716 1.1716
 1.1662 1.1638 1.1745 1.1761 1.1694 1.1796 1.1745 1.1882 1.1807 1.1812
 1.1832 1.1857 1.1882 1.1894 1.1876 1.1878 1.1877 1.1865 1.1888 1.1910
 1.1867 1.1930 1.1912 1.1815 1.1902 1.1837 1.1801 1.1787 1.1849 1.1832
 1.1875 1.1945 1.1930 1.1838 1.1960 1.1919 1.1923 1.1926 1.1650 1.1630
 1.1633 1.1637 1.1640 1.1644 1.1648 1.1651 1.1655 1.1658 1.1662 1.1666
 1.1669 1.1673 1.1676 1.1688 1.1774 1.1755 1.1702 1.1664 1.1681 1.1678
 1.1616 1.1608 1.1572 1.1538 1.1579 1.1558 1.1587 1.1577 1.1522 1.1588
 1.1567 1.1666 1.1492 1.1576 1.1554 1.1481 1.1504 1.1587 1.1496 1.1487
 1.1502 1.1460 1.1443 1.1362 1.1428 1.1464 1.1466 1.1451 1.1469 1.1483
 1.1591 1.1566 1.1575 1.1621 1.1560 1.1578 1.1516 1.1526 1.1587 1.1629
 1.1681 1.1639 1.1635 1.1664 1.1696 1.1668 1.1711 1.1765 1.1804 1.1808
 1.1760 1.1813 1.1715 1.1723 1.1739 1.1756 1.1760 1.1719 1.1785 1.1833
 1.1776 1.1790 1.1736 1.1780 1.1805 1.1824 1.1800 1.1849 1.1813 1.1859
 1.1836 1.1848 1.1831 1.1855 1.1878 1.1851 1.1797 1.1899 1.1914 1.1864
 1.1983 1.1999 1.1998 1.2045 1.2111 1.2074 1.2074 1.2073 1.2073 1.2072
 1.2073 1.2099 1.2104 1.2039 1.2068 1.2039 1.2088 1.2096 1.2082 1.2066
 1.2115 1.2093 1.2119 1.2276 1.2208 1.2200 1.2150 1.2211 1.2155 1.2147
 1.2084 1.2233 1.2121 1.2180 1.2203 1.2233 1.2143 1.2149 1.2138 1.2130
 1.2216 1.2216 1.2253 1.2240 1.2178 1.2151 1.2160 1.2163 1.2167 1.2123
 1.2105 1.2163 1.2179 1.2181 1.2183 1.2167 1.2243 1.2273 1.2271 1.2237
 1.2345 1.2330 1.2329 1.2350 1.2319 1.2285 1.2347 1.2260 1.2325 1.2270
 1.2298 1.2349 1.2334 1.2297 1.2271 1.2258 1.2250 1.2187 1.2329 1.2328
 1.2271 1.2262 1.2289 1.2328 1.2403 1.2327 1.2321 1.2326 1.2222 1.2142
 1.2115 1.2105 1.2094 1.2084 1.2073 1.2063 1.2053 1.2044 1.2011 1.1963
 1.1973 1.1969 1.1891 1.1952 1.1923 1.1873 1.1880 1.1899 1.1916 1.1799
 1.1918 1.1791 1.1763 1.1710 1.1719 1.1648 1.1662 1.1661 1.1660 1.1640
 1.1530 1.1538 1.1567 1.1546 1.1459 1.1357 1.1317 1.1199 1.1153 1.1149
 1.1091 1.1068 1.0995 1.0913 1.0972 1.0873 1.0888 1.0910 1.0872 1.0802
 1.0811 1.0789 1.0753 1.0698 1.0644 1.0566 1.0547 1.0503 1.0530 1.0533
 1.0527 1.0492 1.0455 1.0495 1.0542 1.0637 1.0735 1.0673 1.0758 1.0857
 1.0872 1.0920 1.0931 1.0924 1.0966 1.1026 1.1052 1.1212 1.1168 1.1183
 1.1199 1.1215 1.1231 1.1247 1.1263 1.1279 1.1296 1.1312 1.1328 1.1344
 1.1361 1.1377 1.1394 1.1410 1.1427 1.1443 1.1460 1.1477 1.1493 1.1510
 1.1527 1.1544 1.1561 1.1578 1.1595 1.1612 1.1629 1.1646 1.1663 1.1681
 1.1698 1.1715 1.1733 1.1750 1.1766 1.1781 1.1778 1.1810 1.1807 1.1813
 1.1817 1.1818 1.1827 1.1790 1.1772 1.1696 1.1683 1.1728 1.1710 1.1659
 1.1655 1.1653 1.1642 1.1712 1.1716 1.1721 1.1725 1.1721 1.1662 1.1610
 1.1692 1.1722 1.1685 1.1726 1.1757 1.1744 1.1753 1.1696 1.1673 1.1605
 1.1653 1.1568 1.1587 1.1596 1.1504 1.1479 1.1565 1.1584 1.1581 1.1604
 1.1520 1.1592 1.1478 1.1443 1.1490 1.1463 1.1417 1.1440 1.1433 1.1408
 1.1362 1.1355 1.1341 1.1327 1.1348 1.1241 1.1209 1.1168 1.1185 1.1239
 1.1234 1.1205 1.1126 1.1119 1.1215 1.1097 1.1030 1.0964 1.0891 1.0849
 1.0880 1.0807 1.0791 1.0762 1.0804 1.0721 1.0698 1.0725 1.0737 1.0701
 1.0706 1.0735 1.0721 1.0697 1.0705 1.0716 1.0692 1.0646 1.0649 1.0712
 1.0753 1.0775 1.0753 1.0856 1.0858 1.0992 1.1031 1.1054 1.1135 1.1122
 1.1164 1.1312 1.1353 1.1335 1.1364 1.1309 1.1225 1.1309 1.1425 1.1408
 1.1479 1.1483 1.1477 1.1659 1.1703 1.1816 1.1813 1.1828 1.1880 1.1966
 1.1965 1.2017 1.1975 1.2097 1.2174 1.2192 1.2208 1.2177 1.2195 1.2269
 1.2199 1.2199 1.2244 1.2174 1.2257 1.2331 1.2354 1.2382 1.2410 1.2508
 1.2527 1.2481 1.2388 1.2393 1.2440 1.2472 1.2447 1.2383 1.2422 1.2470
 1.2488 1.2469 1.2553 1.2552 1.2610 1.2595 1.2620 1.2638 1.2646 1.2663
 1.2640 1.2644 1.2713 1.2727 1.2748 1.2774 1.2780 1.2787 1.2793 1.2800
 1.2807 1.2813 1.2820 1.2805 1.2874 1.2862 1.2905 1.3130 1.3146 1.3290
 1.3291 1.3236 1.3204 1.3182 1.3158 1.3161 1.3153 1.3316 1.3339 1.3375
 1.3219 1.3228 1.3155 1.3105 1.3136 1.3204 1.3229 1.3225 1.3155 1.3130
 1.3105 1.3133 1.3111 1.3092 1.3094 1.3036 1.2996 1.2977 1.2878 1.2920
 1.2883 1.2847 1.2922 1.2873 1.2836 1.2930 1.2933 1.2868 1.2752 1.2672
 1.2528 1.2446 1.2457 1.2509 1.2441 1.2283 1.2252 1.2152 1.2161 1.2146
 1.2026 1.1973 1.1950 1.1927 1.1904 1.1881 1.1858 1.1835 1.1767 1.1764
 1.1703 1.1655 1.1605 1.1563 1.1574 1.1499 1.1393 1.1488 1.1478 1.1463
 1.1437 1.1405 1.1162 1.0809 1.0478 1.0231 1.0119 0.9974 1.0038 0.9972
 0.9977 1.0054 1.0130 1.0250 1.0548 1.0560 1.0537 1.0648 1.0627 1.0558
 1.0522 1.0527 1.0572 1.0604 1.0530 1.0573 1.0543 1.0640 1.0601 1.0589
 1.0536 1.0462 1.0432 1.0385 1.0433 1.0457 1.0492 1.0448 1.0410 1.0406
 1.0406 1.0677 1.0591 1.0629 1.0626 1.0635 1.0741 1.0598 1.0667 1.0517
 1.0695 1.0720 1.0749 1.0744 1.0944 1.0968 1.0908 1.0839 1.0841 1.0937
 1.0979 1.1037 1.0898 1.0846 1.0861 1.0793 1.0811 1.0808 1.0744 1.0735
 1.0672 1.0610 1.0549 1.0488 1.0428 1.0369 1.0309 1.0233 1.0231 1.0235
 1.0263 1.0231 1.0140 1.0105 1.0146 1.0187 1.0228 1.0234 1.0236 1.0280
 1.0304 1.0347 1.0347 1.0410 1.0465 1.0475 1.0483 1.0492 1.0500 1.0508
 1.0516 1.0524 1.0487 1.0554 1.0510 1.0500 1.0485 1.0697 1.0679 1.0697
 1.0592 1.0697 1.0792 1.0795 1.0797 1.0800 1.0802 1.0805 1.0807 1.0810
 1.0812 1.0815 1.0817 1.0820 1.0822 1.0825 1.0827 1.0830 1.0832 1.0835
 1.0837 1.0840 1.0842 1.0845 1.0847 1.0850 1.0852 1.0855 1.0858 1.0860
 1.0863 1.0865 1.0868 1.0870 1.0873 1.0875 1.0878 1.0880 1.0883 1.0885
 1.0888 1.0891 1.0893 1.0896 1.0898 1.0901 1.0903 1.0906 1.0908 1.0911
 1.0914 1.0916 1.0919 1.0921 1.0924 1.0926 1.0929 1.0932 1.0934 1.0937
 1.0939 1.0942 1.0944 1.0947 1.0950 1.0952 1.0955 1.0957 1.0960 1.0962
 1.0965 1.0968 1.0970 1.0973 1.0975 1.0978 1.0981 1.0983 1.0986 1.0988
 1.0991 1.0993 1.0996 1.0999 1.1001 1.1004 1.1006 1.1009 1.1012 1.1014
 1.1017 1.1020 1.1022 1.1025 1.1027 1.1030 1.1033 1.1035 1.1038 1.1040
 1.1043 1.1046 1.1048 1.1051 1.1054 1.1056 1.1059 1.1061 1.1064 1.1067
 1.1069 1.1072 1.1075 1.1077 1.1080 1.1082 1.1085 1.1088 1.1090 1.1093
 1.1096 1.1098 1.1101 1.1104 1.1106 1.1109 1.1112 1.1114 1.1117 1.1120
 1.1122 1.1125 1.1128 1.1130 1.1133 1.1136 1.1138 1.1141 1.1144 1.1146
 1.1149 1.1152 1.1154 1.1157 1.1160 1.1162 1.1165 1.1168 1.1170 1.1173
 1.1176 1.1178 1.1181 1.1184 1.1186 1.1189 1.1192 1.1194 1.1197 1.1200
 1.1203 1.1205 1.1208 1.1211 1.1213 1.1216 1.1219 1.1323 1.1215 1.1370
 1.1289 1.1419 1.1330 1.1510 1.1371 1.1545 1.1571 1.1665 1.1752 1.1747
 1.1751 1.1754 1.1868 1.1832 1.2007 1.2187 1.2159 1.2230 1.2252 1.2237
 1.2401 1.2478 1.2419 1.2618 1.2446 1.2716 1.2797 1.2678 1.2518 1.2340
 1.2166 1.2245 1.2300 1.2453 1.2501 1.2628 1.2605 1.2579 1.2622 1.2598
 1.2581 1.2565 1.2562 1.2738 1.2548 1.2525 1.2464 1.2476 1.2435 1.2234
 1.2249 1.2369 1.2247 1.2247 1.2279 1.2123 1.2076 1.2231 1.2013 1.2115
 1.1993 1.2039 1.2025 1.1966 1.1966 1.1897 1.1773 1.1934 1.1628 1.1489
 1.1462 1.1480 1.1501 1.1441 1.1382 1.1365 1.1424 1.1278 1.1338 1.1234
 1.1102 1.0926 1.1006 1.0954 1.0920 1.0837 1.0753 1.0740 1.0808 1.0724
 1.0761 1.0639 1.0501 1.0596 1.0652 1.0436 1.0401 1.0469 1.0522 1.0428
 1.0479 1.0564 1.0576 1.0499 1.0485 1.0489 1.0413 1.0412 1.0417 1.0342
 1.0500 1.0412 1.0418 1.0582 1.0467 1.0453 1.0584 1.0658 1.0790 1.0595
 1.0691 1.0752 1.0907 1.0801 1.0888 1.1055 1.1013 1.0945 1.1115 1.1113
 1.1194 1.1334 1.1231 1.1379 1.1458 1.1564 1.1622 1.1680 1.1741 1.1824
 1.1870 1.1945 1.1891 1.1912 1.1806 1.1774 1.1766 1.1782 1.1866 1.1625
 1.1754 1.1792 1.1692 1.1844 1.1768 1.1847 1.2000 1.1970 1.2077 1.1985
 1.2058 1.2002 1.1994 1.1985 1.1977 1.1969 1.1960 1.1952 1.1944 1.1936
 1.1927 1.1919 1.1911 1.1903 1.1895 1.1886 1.1878 1.1870 1.1862 1.1854
 1.1846 1.1837 1.1829 1.1821 1.1813 1.1805 1.1755 1.1668 1.1561 1.1639
 1.1618 1.1634 1.1642 1.1689 1.1686 1.1724 1.1713 1.1768 1.1663 1.1576
 1.1544 1.1513 1.1506 1.1617 1.1643 1.1648 1.1678 1.1652 1.1694 1.1667
 1.1557 1.1649 1.1648 1.1648 1.1643 1.1648 1.1653 1.1657 1.1662 1.1667
 1.1672 1.1676 1.1681 1.1675 1.1641 1.1666 1.1581 1.1464 1.1364 1.1452
 1.1664 1.1644 1.1614 1.1746 1.1763 1.1792 1.1682 1.1791 1.1871 1.1873
 1.1959 1.1910 1.1984 1.1942 1.2029 1.1871 1.1950 1.2033 1.1933 1.2124
 1.2124 1.2067 1.2263 1.2354 1.2032 1.2240 1.2111 1.2138 1.2185 1.2044
 1.2019 1.2206 1.2452 1.2221 1.2199 1.2308 1.2178 1.2150 1.2123 1.2096
 1.2098 1.2173 1.2143 1.2213 1.2040 1.2036 1.1953 1.2040 1.2128 1.2191
 1.1947 1.1760 1.1827 1.1680 1.1702 1.1724 1.1751 1.1757 1.1685 1.1797
 1.1691 1.1771 1.1723 1.1767 1.1676 1.1737 1.1681 1.1626 1.1571 1.1517
 1.1463 1.1290 1.1409 1.1308 1.1326 1.1235 1.1272 1.1433 1.1445 1.1456
 1.1467 1.1479 1.1490 1.1502 1.1513 1.1524 1.1536 1.1547 1.1559 1.1571
 1.1582 1.1594 1.1605 1.1617 1.1629 1.1640 1.1652 1.1664 1.1676 1.1688
 1.1699 1.1732 1.1645 1.1782 1.1693 1.1662 1.1632 1.1644 1.1664 1.1585
 1.1666 1.1761 1.1858 1.1841 1.1781 1.1706 1.1648 1.1523 1.1504 1.1473
 1.1442 1.1411 1.1380 1.1350 1.1319 1.1288 1.1249 1.1247 1.1232 1.1205
 1.1221 1.1236 1.1252 1.1219 1.1185 1.1152 1.0995 1.0966 1.0976 1.0920
 1.0861 1.0868 1.0868 1.0840 1.0826 1.0818 1.0742 1.0679 1.0638 1.0648
 1.0762 1.0945 1.1062 1.1068 1.0981 1.1101 1.1191 1.1113 1.1184 1.1202
 1.1201 1.1200 1.1098 1.1111 1.1148 1.1184 1.1221 1.1258 1.1296 1.1333
 1.1371 1.1392 1.1390 1.1435 1.1467 1.1507 1.1537 1.1561 1.1585 1.1504
 1.1541 1.1709 1.1659 1.1511 1.1529 1.1564 1.1543 1.1691 1.1557 1.1577
 1.1676 1.1621 1.1776 1.1762 1.1812 1.1737 1.1778 1.1868 1.1774 1.1832
 1.1889 1.1957 1.2059 1.1973 1.1887 1.1805 1.1900 1.2012 1.2070 1.2115
 1.2019 1.2013 1.2002 1.2079 1.2200 1.2185 1.2125 1.2084 1.2075 1.2067
 1.2257 1.2276 1.2296 1.2316 1.2335 1.2355 1.2375 1.2395 1.2415 1.2435
 1.2455 1.2477 1.2566 1.2499 1.2405 1.2586 1.2601 1.2638 1.2626 1.2648
 1.2732 1.2792 1.2875 1.2991 1.3110 1.2885 1.2941 1.3203 1.3027 1.3176
 1.3344 1.3514 1.3730 1.3671 1.3608 1.3452 1.3533 1.3536 1.3517 1.3601
 1.3551 1.3575 1.3517 1.3621 1.3668 1.3796 1.3939 1.3982 1.3965 1.4015
 1.4151 1.4017 1.4081 1.4140 1.4168 1.4076 1.4049 1.4142 1.4218 1.4275
 1.4253 1.4040 1.4167 1.4286 1.4300 1.4313 1.4326 1.4340 1.4353 1.4366
 1.4458 1.4538 1.4545 1.4551 1.4590 1.4514 1.4519 1.4620 1.4578 1.4554
 1.4529 1.4504 1.4479 1.4549 1.4613 1.4592 1.4603 1.4521 1.4716 1.4658
 1.4708 1.4793 1.4701 1.4618 1.4658 1.4642 1.4564 1.4645 1.4654 1.4558
 1.4694 1.4715 1.4789 1.4671 1.4460 1.4464 1.4541 1.4739 1.4799 1.4864
 1.5032 1.4825 1.4845 1.4913 1.4912 1.4753 1.4687 1.4395 1.4095 1.3920
 1.3496 1.3361 1.2995 1.2759 1.2678 1.2268 1.2272 1.2135 1.1868 1.1854
 1.1830 1.1567 1.1444 1.1425 1.1411 1.1392 1.1304 1.1128 1.1220 1.1248
 1.1345 1.1448 1.1514 1.1550 1.1732 1.1689 1.1734 1.1780 1.1732 1.1748
 1.1767 1.1734 1.1727 1.1704 1.1686 1.1767 1.1807 1.1872 1.1831 1.1881
 1.2028 1.2066 1.2138 1.2211 1.2259 1.2112 1.2145 1.2366 1.2366 1.2399
 1.2432 1.2427 1.2461 1.2617 1.2665 1.2676 1.2838 1.2885 1.2943 1.2871
 1.3008 1.2871 1.2872 1.2924 1.2976 1.3028 1.3080 1.3133 1.3187 1.3241
 1.3295 1.3350 1.3461 1.3611 1.3626 1.3633 1.3622 1.3603 1.3796 1.3811
 1.3826 1.3840 1.3855 1.3870 1.3885 1.3761 1.3990 1.4014 1.4142 1.4310
 1.4286 1.4269 1.4213 1.4232 1.4194 1.4156 1.4341 1.4538 1.4363 1.4559
 1.4795 1.4863 1.4657 1.4666 1.4534 1.4493 1.4678 1.4730 1.4703 1.4556
 1.4516 1.4355 1.4801 1.4495 1.4455 1.4511 1.4567 1.4501 1.4270 1.4247
 1.4582 1.4402 1.4527 1.4234 1.4253 1.4411 1.4592 1.4338 1.4204 1.4166
 1.4098 1.3916 1.4179 1.4359 1.4272 1.4182 1.4164 1.4246 1.4243 1.4183
 1.4246 1.4412 1.4556 1.4696 1.4687 1.4591 1.4446 1.4555 1.4844 1.4945
 1.5010 1.5011 1.5044 1.5076 1.5050 1.4971 1.5069 1.5309 1.5328 1.5153
 1.5350 1.5345 1.5261 1.5499 1.5736 1.5667 1.5607 1.5655 1.5856 1.5691
 1.5673 1.5759 1.5925 1.5933 1.5876 1.5978 1.6098 1.6101 1.6035 1.6032
 1.5943 1.5855 1.5768 1.5770 1.5739 1.5936 1.5844 1.5579 1.5611 1.5671
 1.5683 1.5649 1.5505 1.5501 1.5539 1.5650 1.5734 1.5655 1.5579 1.5478
 1.5310 1.5539 1.5529 1.5402 1.5394 1.5521 1.5604 1.5562 1.5533 1.5327
 1.5478 1.5664 1.5571 1.5430 1.5534 1.5624 1.5785 1.5790 1.5758 1.5726
 1.5694 1.5662 1.5630 1.5595 1.5576 1.6052 1.6299 1.6214 1.6172 1.6169
 1.6165 1.6161 1.6158 1.6154 1.6150 1.6147 1.6143 1.6139 1.6136 1.6132
 1.6128 1.6125 1.6121 1.6118 1.6114 1.6110 1.6107 1.6103 1.6099 1.6096
 1.6092 1.6089 1.6085 1.6081 1.6078 1.6074 1.5889 1.5910 1.5800 1.5719
 1.5668 1.5709 1.5751 1.5944 1.5991 1.6076 1.5827 1.5851 1.5935 1.6024
 1.6115 1.6292 1.6013 1.5823 1.5875 1.5945 1.5709 1.5872 1.6039 1.5859
 1.5812 1.5708 1.5746 1.5772 1.5798 1.5824 1.5850 1.5877 1.5911 1.5961
 1.6010 1.6040 1.6015 1.6015 1.5977 1.5965 1.6056 1.5981 1.5839 1.5902
 1.5917 1.5569 1.5795 1.5695 1.5682 1.5750 1.5681 1.5714 1.5523 1.5334
 1.5510 1.5591 1.5568 1.5480 1.5393 1.5307 1.5222 1.5138 1.5055 1.4973
 1.4892 1.4812 1.4732 1.4653 1.4576 1.4499 1.4422 1.4347 1.4272 1.4189
 1.4125 1.4070 1.4058 1.4074 1.4214 1.4208 1.4069 1.4035 1.3924 1.3993
 1.4093 1.4123 1.4182 1.4136 1.4352 1.4317 1.4410 1.4571 1.4778 1.4872
 1.4692 1.4948 1.4944 1.5142 1.5243 1.5284 1.5255 1.5295 1.5085 1.5161
 1.5168 1.5159 1.5331 1.5489 1.5543 1.5558 1.5459 1.5429 1.5526 1.5786
 1.5895 1.5729 1.5724 1.5812 1.5904 1.6025 1.6083 1.6142 1.6201 1.6260
 1.6320 1.6381 1.6259 1.6364 1.6395 1.6613 1.6732 1.6588 1.6582 1.6817
 1.6767 1.6670 1.6503 1.6594 1.6756 1.6795 1.6796 1.6583 1.6736 1.6984
 1.7191 1.7113 1.7059 1.7080 1.7333 1.7420 1.7182 1.7543 1.7609 1.7667
 1.7509 1.7567 1.7783 1.7604 1.7408 1.7583 1.7635 1.7679 1.7724 1.7414
 1.7753 1.7965 1.7922 1.7683 1.7870 1.7899 1.7982 1.7951 1.7792 1.7705
 1.7618 1.7936 1.8192 1.8022 1.8106 1.8281 1.7996 1.8335 1.8361 1.8149
 1.8514 1.8401 1.8345 1.8712 1.8765 1.8801 1.8784 1.8761 1.8738 1.8715
 1.8693 1.8670 1.8648 1.8613 1.8698 1.8710 1.8721 1.8733 1.8744 1.8756
 1.8768 1.8780 1.8791 1.8803 1.8815 1.8826 1.8838 1.8850 1.8669 1.8756
 1.8849 1.8647 1.8863 1.8758 1.8610 1.8465 1.8322 1.8180 1.8310 1.8545
 1.8475 1.8406 1.8311 1.8488 1.8485 1.8363 1.8269 1.8224 1.7808 1.7570
 1.7625 1.7299 1.6637 1.6118 1.5672 1.5068 1.4870 1.4351 1.4751 1.4580
 1.4124 1.4007 1.3892 1.4018 1.4074 1.4130 1.3978 1.3871 1.3799 1.3759
 1.3866 1.3795 1.3855 1.3916 1.3978 1.4040 1.4075 1.4128 1.4335 1.4304
 1.4309 1.4420 1.4407 1.4326 1.4348 1.4366 1.4505 1.4638 1.4671 1.4657
 1.4646 1.4625 1.4617 1.4528 1.4528 1.4483 1.4436 1.4403 1.4382 1.4470
 1.4466 1.4667 1.4618 1.4537 1.4577 1.4604 1.4564 1.4471 1.4544 1.4430
 1.4443 1.4475 1.4542 1.4420 1.4388 1.4585 1.4613 1.4487 1.4426 1.4279
 1.4158 1.3902 1.3674 1.3369 1.3460 1.3272 1.3278 1.3332 1.3163 1.3002
 1.3127 1.3094 1.2957 1.3070 1.3128 1.3027 1.3078 1.3226 1.3229 1.3136
 1.2965 1.2987 1.3014 1.3047 1.3112 1.3092 1.3172 1.3183 1.3033 1.3210
 1.3060 1.3050 1.3095 1.3060 1.3126 1.3107 1.3089 1.3014 1.3145 1.3089
 1.3065 1.3143 1.2935 1.2977 1.2810 1.2817 1.2843 1.2745 1.2710 1.2678
 1.2496 1.2634 1.2603 1.2452 1.2660 1.2456 1.2423 1.2688 1.2606 1.2524
 1.2511 1.2300 1.2494 1.2320 1.2348 1.2300 1.2205 1.2273 1.2216 1.2329
 1.2292 1.2185 1.2406 1.2245 1.2255 1.2225 1.2052 1.2341 1.2184 1.2029
 1.2222 1.2080 1.2068 1.1959 1.1849 1.1858 1.1868 1.1761 1.2074 1.1948
 1.1859 1.2049 1.2006 1.1803 1.1779 1.1774 1.1852 1.1932 1.1879 1.1891
 1.1947 1.1802 1.1713 1.1842 1.1738 1.1749 1.1760 1.1771 1.1782 1.1793
 1.1864 1.1652 1.1563 1.1639 1.1640 1.1572 1.1533 1.1529 1.1558 1.1433
 1.1392 1.1412 1.1481 1.1453 1.1461 1.1424 1.1449 1.1527 1.1526 1.1466
 1.1576 1.1582 1.1521 1.1473 1.1473 1.1476 1.1460 1.1483 1.1480 1.1519
 1.1536 1.1503 1.1497 1.1439 1.1425 1.1374 1.1479 1.1498 1.1613 1.1648
 1.1438 1.1371 1.1449 1.1453 1.1485 1.1456 1.1458 1.1389 1.1320 1.1301
 1.1145 1.1092 1.1145 1.0909 1.0843 1.0868 1.0909 1.0930 1.0854 1.0764
 1.0740 1.0750 1.0845 1.0695 1.0586 1.0682 1.0795 1.0717 1.0640 1.0636
 1.0688 1.0675 1.0677 1.0693 1.0670 1.0571 1.0633 1.0758 1.0732 1.0560
 1.0491 1.0608 1.0721 1.0762 1.0758 1.0617 1.0561 1.0505 1.0611 1.0660
 1.0624 1.0646 1.0658 1.0761 1.0724 1.0666 1.0653 1.0796 1.0811 1.0793
 1.0693 1.0681 1.0595 1.0675 1.0732 1.0670 1.0794 1.0881 1.0776 1.0673
 1.0801 1.0766 1.0825 1.0880 1.0915 1.1006 1.0920 1.0841 1.0849 1.0825
 1.0929 1.0999 1.0961 1.0945 1.0990 1.0984 1.0772 1.0787 1.0824 1.0975
 1.1088 1.1076 1.1000 1.0937 1.0926 1.0887 1.0949 1.1045 1.1025 1.1123
 1.1109 1.1012 1.0973 1.0944 1.0886 1.1008 1.1021 1.1009 1.0882 1.0926
 1.0978 1.1076 1.1167 1.1145 1.1036 1.0957 1.1006 1.1089 1.1165 1.1145
 1.1235 1.1207 1.1133 1.1113 1.1010 1.1013 1.0935 1.0937 1.1025 1.1053
 1.1153 1.1099 1.1015 1.0979 1.0895 1.0840 1.0820 1.0884 1.0878 1.0836
 1.0784 1.0791 1.0809 1.0701 1.0634 1.0558 1.0602 1.0625 1.0647 1.0669
 1.0826 1.0683 1.0603 1.0598 1.0586 1.0659 1.0666 1.0670 1.0600 1.0495
 1.0411 1.0435 1.0446 1.0448 1.0556 1.0422 1.0354 1.0311 1.0306 1.0373
 1.0461 1.0298 1.0363 1.0376 1.0226 1.0231 1.0264 1.0302 1.0328 1.0320
 1.0289 1.0246 1.0310 1.0301 1.0309 1.0316 1.0395 1.0446 1.0544 1.0567
 1.0550 1.0448 1.0512 1.0544 1.0575 1.0607 1.0585 1.0731 1.0872 1.0889
 1.0855 1.0815 1.0919 1.0857 1.0937 1.1078 1.1126 1.1070 1.1151 1.1145
 1.1144 1.1239 1.1326 1.1388 1.1363 1.1291 1.1262 1.1343 1.1431 1.1378
 1.1315 1.1326 1.1475 1.1536 1.1507 1.1424 1.1456 1.1437 1.1428 1.1402
 1.1471 1.1475 1.1582 1.1577 1.1660 1.1441 1.1314 1.1232 1.1265 1.1166
 1.1124 1.1131 1.1125 1.1211 1.1210 1.1187 1.1276 1.1210 1.1145 1.1080
 1.1016 1.0953 1.0890 1.0829 1.0768 1.0707 1.0647 1.0588 1.0530 1.0472
 1.0415 1.0364 1.0418 1.0304 1.0320 1.0315 1.0306 1.0258 1.0448 1.0436
 1.0319 1.0610 1.0449 1.0532 1.0676 1.0703 1.0847 1.0890 1.0940 1.1078
 1.1060 1.1155 1.1191 1.1187 1.1282 1.1288 1.1291 1.1343 1.1465 1.1345
 1.1347 1.1422 1.1488 1.1350 1.1278 1.1435 1.1512 1.1390 1.1499 1.1551
 1.1712 1.1544 1.1573 1.1696 1.1672 1.1648 1.1714 1.1794 1.1660 1.1767
 1.1756 1.1770 1.1724 1.1669 1.1698 1.1760 1.1867 1.1725 1.1768 1.1853
 1.1888 1.1801 1.1928 1.1901 1.1926 1.2047 1.1883 1.1971 1.1935 1.1793
 1.1997 1.1940 1.1830 1.1886 1.2015 1.1838 1.1939 1.2081 1.1950 1.1928
 1.2001 1.2091 1.1989 1.1905 1.1866 1.1838 1.1753 1.1756 1.1698 1.1868
 1.1845 1.1744 1.1752 1.1855 1.1698 1.1686 1.1791 1.1793 1.1697 1.1889
 1.1925 1.1622 1.1682 1.1832 1.1652 1.1707 1.1569 1.1593 1.1607 1.1479
 1.1682 1.1467 1.1491 1.1435 1.1388 1.1567 1.1395 1.1449 1.1269 1.1304
 1.1285 1.1265 1.1292 1.1316 1.1249 1.1120 1.1167 1.1244 1.1177 1.1134
 1.1177 1.1229 1.1150 1.1366 1.1102 1.1275 1.1320 1.1260 1.1316 1.1265
 1.1346 1.1438 1.1341 1.1234 1.1177 1.1244 1.1284 1.1306 1.1382 1.1435
 1.1391 1.1357 1.1432 1.1419 1.1336 1.1393 1.1469 1.1441 1.1490 1.1466
 1.1567 1.1606 1.1588 1.1621 1.1623 1.1595 1.1613 1.1745 1.1679 1.1683
 1.1771 1.1736 1.1712 1.1729 1.1759 1.1791 1.1769 1.1846 1.1953 1.1814
 1.1783 1.1758 1.1818 1.1763 1.1790 1.1770 1.1733 1.1734 1.1736 1.1751
 1.1820 1.1737 1.1726 1.1803 1.1698 1.1715 1.1597 1.1472 1.1503 1.1518
 1.1442 1.1367 1.1407 1.1275 1.1138 1.1058 1.1107 1.1158 1.1105 1.0938
 1.1025 1.1035 1.1093 1.1141 1.1154 1.1111 1.1190 1.1164 1.1217 1.1235
 1.1160 1.1183 1.1288 1.1189 1.1002 1.0964 1.1019 1.1094 1.1012 1.0891
 1.0999 1.1015 1.0863 1.0959 1.0935 1.0947 1.1148 1.0961 1.1049 1.1019
 1.0942 1.1004 1.1002 1.0966 1.1054 1.1097 1.1171 1.1400 1.1267 1.1463
 1.1460 1.1593 1.1628 1.1773 1.1744 1.1881 1.2018 1.2046 1.2043 1.2058
 1.1985 1.2209 1.2140 1.2238 1.2261 1.2488 1.2400 1.2345 1.2543 1.2713
 1.2629 1.2745 1.2757 1.2872 1.2917 1.2871 1.2782 1.2752 1.2714 1.2666
 1.2618 1.2690 1.2971 1.2900 1.2878 1.2849 1.2829 1.2921 1.2922 1.2821
 1.2812 1.2853 1.2874 1.2974 1.2866 1.2751 1.2729 1.2904 1.2944 1.2814
 1.2829 1.3031 1.2824 1.2757 1.2780 1.2983 1.2819 1.2810 1.2929 1.2959
 1.2900 1.2952 1.2768 1.2852 1.2892 1.2752 1.2919 1.2700 1.2700 1.2619
 1.2670 1.2663 1.2523 1.2690 1.2470 1.2584 1.2598 1.2509 1.2588 1.2463
 1.2467 1.2325 1.2498 1.2517 1.2362 1.2357 1.2386 1.2288 1.2447 1.2307
 1.2218 1.2342 1.2130 1.2229 1.2270 1.2210 1.2237 1.2300 1.2172 1.2046
 1.2175 1.2127 1.2118 1.1960 1.2128 1.1897 1.1855 1.1863 1.1753 1.1865
 1.1813 1.1825 1.1876 1.1882 1.1821 1.1990 1.1951 1.1941 1.1857 1.1927
 1.1876 1.1863 1.1789 1.1926 1.1731 1.1720 1.1752 1.1817 1.1825 1.1806
 1.1822 1.1709 1.1844 1.1820 1.1996 1.1805 1.1951 1.1929 1.1958 1.1967
 1.1976 1.1986 1.1777 1.1895 1.1894 1.1875 1.1858 1.1928 1.1939 1.1948
 1.2092 1.1999 1.2035 1.1956 1.2079 1.2005 1.2074 1.1954 1.2206 1.2119
 1.2172 1.1965 1.2105 1.2076 1.2143 1.2004 1.2131 1.2115 1.2058 1.2211
 1.2180 1.2127 1.2234 1.2286 1.2240 1.2171 1.2337 1.2163 1.2155 1.2301
 1.2138 1.2244 1.2045 1.2002 1.2103 1.2015 1.2054 1.2125 1.2114 1.2150
 1.2179 1.2137 1.2158 1.2136 1.2217 1.2165 1.2434 1.2369 1.2228 1.2373
 1.2284 1.2204 1.2110 1.2119 1.2056 1.2090 1.2239 1.2153 1.2175 1.2219
 1.2149 1.2289 1.2204 1.2137 1.2011 1.2120 1.1996 1.1965 1.1976 1.1958
 1.1882 1.1878 1.1911 1.1874 1.1819 1.1747 1.1693 1.1715 1.1603 1.1694
 1.1535 1.1483 1.1488 1.1399 1.1502 1.1377 1.1162 1.1272 1.1103 1.1036
 1.1081 1.0955 1.1049 1.0991 1.0928 1.1111 1.1059 1.1107 1.1194 1.1124
 1.1272 1.1166 1.1282 1.1304 1.1313 1.1353 1.1194 1.1313 1.1344 1.1229
 1.1409 1.1320 1.1439 1.1426 1.1314 1.1467 1.1484 1.1426 1.1503 1.1497
 1.1449 1.1662 1.1608 1.1498 1.1605 1.1736 1.1550 1.1543 1.1679 1.1578
 1.1581 1.1723 1.1537 1.1448 1.1657 1.1757 1.1714 1.1826 1.1920 1.1922
 1.1924 1.1926 1.1928 1.1930 1.1932 1.1934 1.1936 1.1938 1.1940 1.1942
 1.1944 1.1946 1.1948 1.1949 1.1951 1.1953 1.1955 1.1957 1.1959 1.1961
 1.1963 1.1965 1.1883 1.1725 1.1829 1.1895 1.1687 1.1819 1.1872 1.1742
 1.1860 1.1984 1.1909 1.2121 1.2009 1.1931 1.1901 1.1887 1.1956 1.2097
 1.2167 1.2190 1.2087 1.2100 1.2128 1.2025 1.1933 1.1832 1.1826 1.1844
 1.1891 1.1943 1.2063 1.2097 1.2067 1.2034 1.1954 1.1940 1.1969 1.1958
 1.1839 1.1854 1.1750 1.1748 1.1805 1.1669 1.1747 1.1843 1.1816 1.1842
 1.1847 1.1852 1.1900 1.1970 1.1964 1.2066 1.2092 1.2071 1.2051 1.2030
 1.2010 1.1999 1.2053 1.2014 1.1985 1.2000 1.1928 1.1883 1.2001 1.1937
 1.1919 1.1968 1.1858 1.1840 1.1815 1.1945 1.1836 1.1732 1.1827 1.1776
 1.1803 1.1734 1.1616 1.1707 1.1577 1.1508 1.1588 1.1534 1.1580 1.1646
 1.1695 1.1667 1.1642 1.1702 1.1748 1.1673 1.1595 1.1570 1.1607 1.1612
 1.1573 1.1510 1.1460 1.1492 1.1552 1.1312 1.1308 1.1332 1.1356 1.1380
 1.1404 1.1429 1.1453 1.1478 1.1503 1.1527 1.1506 1.1479 1.1490 1.1474
 1.1530 1.1400 1.1402 1.1405 1.1408 1.1411 1.1414 1.1417 1.1420 1.1423
 1.1433 1.1472 1.1522 1.1458 1.1394 1.1329 1.1266 1.1213 1.1196 1.1255
 1.1141 1.1267 1.1292 1.1352 1.1413 1.1475 1.1404 1.1300 1.1266 1.1414
 1.1393 1.1589 1.1559 1.1396 1.1446 1.1370 1.1157 1.1220 1.1246 1.1173
 1.1178 1.1190 1.1242 1.1550 1.1529 1.1391 1.1409 1.1395 1.1330 1.1249
 1.1395 1.1343 1.1288 1.1398 1.1276 1.1236 1.1103 1.1154 1.1268 1.1127
 1.1122 1.1238 1.1168 1.1195 1.1163 1.1199 1.1362 1.1354 1.1227 1.1292
 1.1425 1.1452 1.1353 1.1176 1.1364 1.1392 1.1310 1.1156 1.1312 1.1270
 1.1218 1.1110 1.1229 1.1349 1.1295 1.1079 1.0986 1.1000 1.1008 1.1178
 1.1255 1.1231 1.1159 1.1091 1.0952 1.0874 1.0865 1.0985 1.0951 1.0864
 1.0921 1.0949 1.0955 1.0970 1.0876 1.0727 1.0726 1.0689 1.0585 1.0608
 1.0579 1.0605 1.0630 1.0628 1.0581 1.0531 1.0439 1.0434 1.0399 1.0334
 1.0334 1.0305 1.0362 1.0232 1.0324 1.0369 1.0261 1.0241 1.0116 1.0041
 1.0143 1.0241 1.0242 1.0171 1.0196 1.0199 1.0230 1.0141 1.0212 1.0087
 1.0056 1.0016 1.0050 1.0117 1.0313 1.0176 1.0237 1.0190 1.0164 1.0158
 1.0213 1.0319 1.0383 1.0450 1.0439 1.0437 1.0400 1.0420 1.0481 1.0520
 1.0388 1.0437 1.0449 1.0513 1.0492 1.0546 1.0607 1.0617 1.0618 1.0679
 1.0676 1.0760 1.0718 1.0801 1.0869 1.0887 1.0684 1.0811 1.0850 1.0882
 1.1017 1.1126 1.1067 1.0959 1.0928 1.1066 1.1039 1.0944 1.0887 1.0869
 1.0924 1.0948 1.0965 1.0982 1.1111 1.1128 1.1209 1.1264 1.1275 1.1286
 1.1298 1.1309 1.1320 1.1175 1.1216 1.1275 1.1250 1.1235 1.1232 1.1261
 1.1302 1.1388 1.1439 1.1455 1.1525 1.1596 1.1632 1.1593 1.1683 1.1735
 1.1564 1.1608 1.1647 1.1601 1.1621 1.1603 1.1612 1.1641 1.1737 1.1743
 1.1794 1.1872 1.1812 1.1837 1.1868 1.1875 1.1890 1.1878 1.1806 1.1820
 1.1896 1.1954 1.1987 1.2173 1.2244 1.2129 1.2010 1.1976 1.1937 1.1912
 1.1947 1.1834 1.1967 1.2045 1.2016 1.2072 1.2135 1.2190 1.2148 1.2115
 1.2160 1.2202 1.2175 1.2072 1.2116 1.2078 1.2103 1.2300 1.2298 1.2291
 1.2237 1.2311 1.2328 1.2352 1.2274 1.2193 1.2115 1.2054 1.2011 1.2055
 1.2142 1.2206 1.2242 1.2157 1.2207 1.2246 1.2154 1.2190 1.2117 1.2013
 1.1901 1.1889 1.1959 1.1997 1.2061 1.2148 1.2159 1.2150 1.1980 1.2030
 1.1950 1.1892 1.1888 1.1890 1.1849 1.1851 1.1927 1.1854 1.1870 1.1849
 1.1763 1.1715 1.1646 1.1570 1.1674 1.1745 1.1842 1.1551 1.1673 1.1510
 1.1470 1.1517 1.1426 1.1354 1.1452 1.1538 1.1464 1.1451 1.1494 1.1597
 1.1506 1.1418 1.1401 1.1630 1.1640 1.1519 1.1565 1.1659 1.1717 1.1542
 1.1512 1.1638 1.1729 1.1564 1.1588 1.1700 1.1718 1.1578 1.1561 1.1649
 1.1715 1.1458 1.1681 1.1719 1.1798 1.1744 1.1657 1.1508 1.1410 1.1508
 1.1392 1.1398 1.1432 1.1505 1.1678 1.1701 1.1786 1.1687 1.1603 1.1676
 1.1766 1.1856 1.1824 1.1768 1.1738 1.1886 1.1774 1.1695 1.1812 1.1729
 1.1600 1.1786 1.1688 1.1650 1.1710 1.1742 1.1674 1.1686 1.1811 1.1879
 1.1853 1.1750 1.1693 1.1658 1.1622 1.1572 1.1516 1.1544 1.1487 1.1266
 1.1306 1.1435 1.1467 1.1283 1.1162 1.1212 1.1256 1.1350 1.1233 1.1176
 1.1132 1.1165 1.1257 1.1253 1.1343 1.1354 1.1181 1.1101 1.0953 1.0987
 1.0950 1.1091 1.1041 1.0841 1.0809 1.0868 1.1062 1.0734 1.0785 1.0889
 1.0802 1.0698 1.0829 1.0764 1.0631 1.0801 1.0698 1.0769 1.0838 1.0700
 1.0732 1.0716 1.0701 1.0686 1.0671 1.0656 1.0619 1.0561 1.0564 1.0579
 1.0491 1.0450 1.0408 1.0371 1.0471 1.0417 1.0434 1.0435 1.0435 1.0458
 1.0485 1.0496 1.0506 1.0502 1.0641 1.0657 1.0647 1.0718 1.0718 1.0668
 1.0629 1.0756 1.0455 1.0529 1.0425 1.0505 1.0611 1.0583 1.0524 1.0491
 1.0624 1.0693 1.0753 1.0752 1.0658 1.0676 1.0665 1.0712 1.0858 1.0823
 1.0885 1.1004 1.0909 1.0858 1.0737 1.0703 1.0746 1.0768 1.0867 1.0967
 1.0988 1.1030 1.1121 1.1036 1.1207 1.1200 1.1151 1.1029 1.0995 1.0886
 1.0939 1.0944 1.0983 1.0990 1.0990 1.1017 1.1085 1.0969 1.0944 1.0888
 1.0825 1.0849 1.0795 1.0904 1.0912 1.1071 1.1117 1.0989 1.0841 1.0880
 1.0769 1.0736 1.0716 1.0543 1.0371 1.0365 1.0341 1.0360 1.0392 1.0223
 1.0198 1.0164 1.0214 1.0297 1.0485 1.0400 1.0251 1.0239 1.0379 1.0507
 1.0363 1.0505 1.0663 1.0577 1.0487 1.0723 1.0750 1.0729 1.0875 1.0931
 1.0939 1.1187 1.1211 1.1149 1.1230 1.1298 1.1178 1.1220 1.1329 1.1361
 1.1245 1.1405 1.1459 1.1378 1.1493 1.1552 1.1559 1.1575 1.1699 1.1697
 1.1895 1.1778 1.1694 1.1677 1.1640 1.1830 1.1878 1.1747 1.1618 1.1667
 1.1729 1.1791 1.1719 1.1633 1.1579 1.1799 1.1907 1.1846 1.1765 1.1672
 1.1647 1.1831 1.1773 1.1807 1.1966 1.1981 1.1755 1.1585 1.1646 1.1689
 1.1721 1.1824 1.1889 1.1483 1.1566 1.1692 1.1866 1.1724 1.1932 1.1849
 1.1623 1.1741 1.1824 1.1808 1.1477 1.1563 1.1635 1.1523 1.1544 1.1647
 1.1417 1.1509 1.1523 1.1383 1.1399 1.1511 1.1308 1.1324 1.1394 1.1473
 1.1282 1.1229 1.1248 1.1245 1.1269 1.1156 1.0976 1.1037 1.1004 1.0946
 1.0887 1.1040 1.1067 1.0923 1.0788 1.0998 1.1062 1.0945 1.0806 1.0658
 1.0618 1.0621 1.0619 1.0614 1.0641 1.0709 1.0619 1.0509 1.0690 1.0690
 1.0802 1.0678 1.0542 1.0504 1.0587 1.0544 1.0389 1.0408 1.0437 1.0382
 1.0297 1.0215 1.0226 1.0336 1.0307 1.0278 1.0249 1.0220 1.0192 1.0163
 1.0135 1.0107 1.0079 1.0051 1.0023 0.9996 0.9782 0.9760 0.9850 0.9780
 0.9773 0.9685 0.9722 0.9577 0.9631 0.9622 0.9629 0.9751 0.9592 0.9678
 0.9695 0.9544 0.9779 0.9709 0.9763 0.9643 0.9700 0.9783 0.9727 0.9756
 0.9905 0.9772 0.9714 0.9882 0.9972 0.9969 0.9867 0.9828 0.9902 0.9971
 1.0010 1.0050 1.0090 1.0131 1.0172 1.0213 1.0255 1.0297 1.0339 1.0381
 1.0424 1.0468 1.0511 1.0555 1.0600 1.0645 1.0690 1.0735 1.0781 1.0828
 1.0874 1.0921 1.0969 1.1017 1.1065 1.1114 1.1163 1.1213 1.1263 1.1314
 1.1365 1.1416 1.1388 1.1255 1.1307 1.1470 1.1403 1.1449 1.1638 1.1613
 1.1592 1.1673 1.1343 1.1500 1.1687 1.1605 1.1588 1.1535 1.1688 1.1583
 1.1428 1.1531 1.1603 1.1527 1.1391 1.1514 1.1526 1.1303 1.1300 1.1347
 1.1383 1.1466 1.1652 1.1538 1.1429 1.1364 1.1474 1.1531 1.1325 1.1317
 1.1225 1.1188 1.1254 1.1220 1.1313 1.1376 1.1363 1.1355 1.1359 1.1341
 1.1323 1.1190 1.1192 1.1092 1.1062 1.0965 1.0904 1.1018 1.0750 1.0826
 1.0755 1.0789 1.0845 1.0917 1.0969 1.0965 1.0960 1.0956 1.0952 1.0938
 1.0791 1.0765 1.0953 1.0745 1.0750 1.0750 1.0753 1.0673 1.0834 1.0788
 1.0764 1.0741 1.0665 1.0539 1.0611 1.0458 1.0427 1.0469 1.0443 1.0417
 1.0392 1.0342 1.0367 1.0413 1.0289 1.0196 1.0209 1.0030 1.0042 0.9907
 1.0002 1.0040 1.0033 1.0056 0.9982 1.0146 1.0061 1.0037 1.0041 1.0080
 0.9989 1.0168 1.0036 1.0025 1.0054 1.0075 1.0040 1.0084 1.0187 1.0064
 1.0234 1.0404 1.0341 1.0309 1.0431 1.0406 1.0588 1.0756 1.0654 1.0686
 1.0677 1.0929 1.0927 1.0959 1.0947 1.0953 1.1039 1.1053 1.1018 1.1156
 1.1234 1.1250 1.1367 1.1412 1.1419 1.1471 1.1491 1.1457 1.1468 1.1587
 1.1652 1.1793 1.1836 1.1795 1.1738 1.1703 1.1717 1.1738 1.1686 1.1763
 1.1788 1.1854 1.1954 1.2019 1.2113 1.2042 1.2009 1.1982 1.1904 1.1879
 1.1850 1.1846 1.1809 1.1688 1.1718 1.1812 1.1740 1.1746 1.1798 1.1997
 1.1969 1.2067 1.2007 1.1952 1.1802 1.1732 1.1663 1.1683 1.1641 1.1732
 1.1753 1.1751 1.1792 1.1782 1.1733 1.1765 1.1728 1.1813 1.1819 1.1700
 1.1723 1.1777 1.1682 1.1689 1.1797 1.1765 1.1732 1.1657 1.1618 1.1557
 1.1484 1.1392 1.1263 1.1159 1.1188 1.1287 1.1389 1.1388 1.1410 1.1498
 1.1554 1.1485 1.1430 1.1423 1.1355 1.1351 1.1360 1.1299 1.1190 1.1165
 1.1180 1.1118 1.1134 1.1284 1.1263 1.1152 1.1118 1.1122 1.1160 1.1161
 1.1182 1.1198 1.1244 1.1295 1.1161 1.1199 1.1101 1.1061 1.1102 1.1006
 1.0916 1.0885 1.0851 1.0783 1.0700 1.0715 1.0772 1.0773 1.0723 1.0885
 1.0821 1.0824 1.0760 1.0519 1.0547 1.0447 1.0398 1.0350 1.0222 1.0204
 1.0190 1.0209 1.0290 1.0343 1.0281 1.0210 1.0281 1.0286 1.0146 1.0112
 1.0189 1.0094 1.0161 1.0116 1.0116 1.0169 1.0152 1.0139 1.0112 1.0267
 1.0157 1.0288 1.0340 1.0373 1.0593 1.0469 1.0493 1.0557 1.0622 1.0688
 1.0655 1.0824 1.0928 1.0811 1.0724 1.0787 1.0911 1.0953 1.0891 1.0929
 1.0972 1.0972 1.1083 1.1228 1.1262 1.1226 1.1256 1.1307 1.1376 1.1467
 1.1396 1.1408 1.1351 1.1489 1.1589 1.1631 1.1589 1.1582 1.1614 1.1649
 1.1684 1.1719 1.1742 1.1655 1.1683 1.1836 1.1847 1.1886 1.1867 1.1915
 1.1913 1.1925 1.2047 1.2037 1.2140 1.2245 1.2269 1.2348 1.2361 1.2486
 1.2510 1.2367 1.2545 1.2501 1.2486 1.2517 1.2510 1.2503 1.2440 1.2453
 1.2493 1.2460 1.2370 1.2358 1.2376 1.2405 1.2352 1.2243 1.2177 1.2204
 1.2147 1.2273 1.2320 1.2343 1.2244 1.2308 1.2307 1.2322 1.2347 1.2411
 1.2526 1.2490 1.2565 1.2418 1.2376 1.2353 1.2392 1.2397 1.2451 1.2347
 1.2346 1.2348 1.2347 1.2345 1.2342 1.2320 1.2329 1.2296 1.2268 1.2140
 1.1964 1.1822 1.1781 1.1680 1.1848 1.2020 1.1986 1.1835 1.1761 1.1869
 1.1995 1.1827 1.1844 1.1871 1.1912 1.1949 1.1983 1.2017 1.2052 1.1808
 1.1686 1.1788 1.1865 1.1914 1.1955 1.2012 1.1937 1.1847 1.1993 1.2084
 1.1999 1.1853 1.1920 1.1865 1.1880 1.1778 1.1799 1.1717 1.1658 1.1614
 1.1671 1.1729 1.1613 1.1569 1.1760 1.1680 1.1841 1.1760 1.1880 1.1709
 1.1814 1.1745 1.1670 1.1681 1.1742 1.1805 1.1623 1.1662 1.1592 1.1561
 1.1510 1.1523 1.1444 1.1386 1.1387 1.1144 1.1279 1.1262 1.1356 1.1341
 1.1359 1.1411 1.1355 1.1329 1.1336 1.1254 1.1299 1.1355 1.1345 1.1334
 1.1350 1.1369 1.1282 1.1257 1.1301 1.1346 1.1391 1.1436 1.1481 1.1527
 1.1471 1.1450 1.1474 1.1484 1.1397 1.1352 1.1410 1.1594 1.1609 1.1624
 1.1639 1.1630 1.1567 1.1547 1.1572 1.1702 1.1665 1.1676 1.1692 1.1685
