  36 478 479 483 484 485 488 489 490 492
 493 497 498 499 501 502 504 505 520 539
 541 542 546 547 549 550 552 553 555 556
 558 559 563 636 637 639 641
  NB. DE CL.3*EN TOT                                    
    416      8     40    497   3352  13404  30658  45419  49860  43645
  32691  20902  12153   6272   3057   1465    685    365    156     91
     32     22     12      4      2      2      0      0      0      0
      0      0      0      0      0      0      0      0      0      0
      0      0      0      0      0      0      0      0      0      0
      0      0      0      0      0      0      0      0      0      0
      0      0      0      0      0      0      0      0      0      0
      0      0      0      0      0      0      0      0      0      0
      0      0      0      0      0      0      0      0      0      0
      0      0      0      0      0      0      0      0      0      0
      0      0      0      0      0      0      7    103    788   3229
   6952  10654  12677  12471  11080   9109   7177   5382   4133   3236
   2499   1972   1574   1284   1017    840    683    638    471    443
    369    307    272    216    174    156    151    110    116     99
     77     72     56     66     36     34     30     29     18     25
     15     13      9     14      9     11     11      7      6      6
      3      4      0      3      1      3      1      1      0      0
      0      0      0      0      0      0      0      1      0      0
      0      0      0      0      0      0      0      0      0      0
      0      0      0      0      0      0      0      0      0      0
      0      0      0      0      0      0      0      0      0      0
      0      7     75    291    636   1063   1393   1512   1536   1499
   1363   1216   1163    939    871    754    679    616    561    469
    421    369    349    335    289    252    250    213    193    186
    163    188    114    125    108     85    100     84     60     71
     64     45     43     28     40     31     35     31     19     27
     22     20     13     14      6      8      4      9      5      2
      3      2      4      3      0      1      0      4      0      4
      2      0      0      1      2      0      0      0      2      0
      0      0      0      0      0      0      0      0      0      0
      0      0      0      0      0      0      0      0      0      0
      0      0      0      0      0      0      2     15     29     50
     96    113    146    163    173    183    182    178    179    173
    153    143    148    147    145    119    122    111    103    103
     88     90     90     69     86     78     78     64     55     58
     63     67     55     38     40     41     40     39     35     34
     26     32     22     15     13     18     13     11      9      8
     12      8     12     10     10      6      2      4      4      5
      2      3      1      4      1      2      1      1      0      2
      0      0      1      0      0      0      1      0      0      2
      0      0      0      0      0      0      0      0      0      0
      0      0      0      0      0      0      0      0      0      0
      0      0      0      2      6      9     10     16     20     14
     30     20     23     36     33     29     38     34     27     27
     31     27     17     27     29     38     25     28     22     28
     27     32     18     20     21     25     30     20     22     28
     17     23     21     12      9     13     19     20     12      7
     10     12      7      8      4      3      5      3      7      7
      5      7      2      5      2      4      1      0      2      2
      1      2      2      0      0      0      3      0      2      4
      0      0      0      0      0      0      0      0      0      0
      0      0      0      0      0      0      0      0      0      0
      0      0      0      0      0      0      0      0      1      0
      0      0      3      2      3      3      3      2      2      8
      6      6      9      5      7      5     10      6      4      7
      7      9     17      5      8      5      6      7     12      7
      6      7      3     11      4      4     10      1      7      7
      3      5     10      7      7      4      4      4      1      1
      1      0      4      1      3      1      2      2      0      1
      2      1      1      0      0      0      1      0      0     14
      0      0      0      0      0      0      0      0      0      0
      0      0      0      0      0      0      0      0      0      0
      0      0      0      0      0      0      0      0      0      0
      0      0      0      0      0      1      0      0      1      1
      0      0      0      3      0      1      0      0      1      0
      0      0      1      2      2      2      0      2      1      2
      2      1      4      2      1      1      1      2      3      2
      0      0      4      1      0      1      1      0      2      1
      1      2      3      2      1      2      0      1      1      2
      0      0      0      1      0      0      0      1      0      6
      0      0      0      0      0      0      0      0      0      0
      0      0      0      0      0      0      0      0      0      0
      0      0      0      0      0      0      0      0      0      0
      0      0      0      0      0      0      0      0      0      0
      0      0      0      0      0      0      0      0      0      0
      0      1      1      0      0      1      0      1      0      1
      2      0      0      1      0      0      0      0      0      0
      0      1      0      0      0      0      1      1      0      0
      1      0      0      0      2      0      0      0      1      0
      0      0      0      1      0      0      0      0      0      4
      0      0      0      0      0      0      0      0      0      0
      0      0      0      0      0      0      0      0      0      0
      0      0      0      0      0      0      0      0      0      0
      0      0      0      0      0      0      0      0      0      0
      0      0      0      0      0      0      0      0      0      0
      0      0      0      0      0      0      0      0      1      0
      0      0      0      0      0      0      0      0      0      0
      0      0      0      0      0      1      0      0      0      0
      0      0      0      0      0      0      0      0      0      0
      0      0      1      0      0      1      0      0      0      2
      0      0      0      0      0      0      0      0      0      0
      0      0      0      0      0      0      0      0      0      0
      0      0      0      0      0      0      0      0      0      0
      0      0      0      0      0      0      0      0      0      0
      0      0      0      0      0      0      0      0      0      0
      0      0      0      0      0      0      0      0      0      0
      0      0      0      0      0      0      0      0      0      0
      0      0      0      0      0      0      0      0      0      0
      0      0      0      0      0      0      0      0      0      0
      0      0      0      0      0      0      0      0      0      0
     22      0      2      1     10     50    200    539    826   1155
   1190   1144    877    651    445    273    187     92     40     28
     16      4      3      2      1      0      0      0      0      1
      0      0      0      0      0      0      0      0      0      0
      0      0      0      0      0      0      0      0      0      0
      0      0      0      0      0      0      0      0      0      0
      0      0      0      0      0      0      0      0      0      0
      0      0      0      0      0      0      0      0      0      0
      0      0      0      0      0      0      0      0      0      0
      0      0      0      0      0      0      0      0      0      0
      0      0      0      0      0      0      1      2     13     48
    234    556   1002   1552   1959   2218   2337   2207   2097   1919
   1683   1395   1238   1018    823    691    562    464    389    291
    259    202    152    141    123     87     76     76     46     26
     34     28     24     26     10     11     15     15     12      7
      4      6      1      5      3      5      8      3      1      0
      1      1      2      1      0      0      1      0      0      0
      0      0      0      0      0      0      0      0      0      0
      0      0      0      0      0      0      0      0      0      0
      0      0      0      0      0      0      0      0      0      0
      0      0      0      0      0      0      0      0      0      0
      0      0      3     39    132    285    512    801   1287   1538
   1894   2075   2350   2276   2410   2439   2265   2111   1995   1809
   1604   1425   1334   1205   1049    927    766    667    625    541
    449    390    326    291    256    225    170    140    143    137
     91     77     61     84     64     41     45     31     38     25
     22     24     24      9      9     11      6      8      3      6
      1      6      7      2      2      4      0      2      0      2
      0      0      0      1      0      0      1      0      2      0
      0      0      1      1      0      0      0      0      0      0
      0      0      0      0      0      0      0      0      0      0
      0      0      0      0      0      0      2      8     27     67
    155    253    372    562    738    956   1047   1299   1460   1533
   1595   1592   1570   1553   1615   1484   1528   1367   1273   1223
   1023    989    967    885    782    703    608    558    496    459
    409    358    326    298    271    212    186    204    148    141
     95     85     83     68     67     44     57     42     43     28
     35     33     24     26     24      9     13     11     10      8
     11     10      7      7      6      3      5      3      3      3
      1      4      2      4      0      1      0      0      2      7
      0      0      0      0      0      0      0      0      0      0
      0      0      0      0      0      0      0      0      0      0
      0      1      1      7     30     44     64    110    154    240
    250    340    388    480    546    584    652    681    749    725
    741    733    699    689    704    615    630    593    588    526
    477    473    413    428    349    339    313    268    248    215
    207    184    160    172    148    128    120    102     99     77
     66     66     62     51     65     41     35     46     32     43
     26     17     17     19     10     17      9     15     12     12
     11      6      3      5      5      7     13      3      1     35
      0      0      0      0      0      0      0      0      0      0
      0      0      0      0      0      0      0      0      0      0
      0      0      0      0      0      0      0      0      2      7
      1     10     15     22     32     45     74     86    113    143
    136    117    160    170    198    217    205    220    209    196
    227    214    242    193    227    217    194    187    155    153
    170    155    129    135    115     97     97     60     87     68
     79     72     65     54     57     51     46     43     33     31
     30     18     21     20     20     19     20     15     10     14
     11     14     10      6      5      8      4      6      3     45
      0      0      0      0      0      0      0      0      0      0
      0      0      0      0      0      0      0      0      0      0
      0      0      0      0      0      0      0      0      0      0
      0      0      0      0      0      0      1      1      3      2
      4     11      6     17     11     21     17     24     27     20
     30     31     34     39     40     39     40     35     43     31
     35     51     37     33     31     40     37     36     35     35
     27     27     28     32     25     17     28     16     18     15
     14     14     12      8     11     13     10      6      6      6
      9      1      5      8      7     10      7      7      4     38
      0      0      0      0      0      0      0      0      0      0
      0      0      0      0      0      0      0      0      0      0
      0      0      0      0      0      0      0      0      0      0
      0      0      0      0      0      0      0      0      0      0
      0      0      0      1      0      1      1      1      2      0
      4      4      1      1      4      5      4      8      4      2
      5      4      3      7      9      9     11      7      5      3
      4      3      9      2      3      4      3      4     10      6
      7      2      4      1      4      2      4      3      1      2
      5      0      4      0      3      1      1      1      2     33
      0      0      0      0      0      0      0      0      0      0
      0      0      0      0      0      0      0      0      0      0
      0      0      0      0      0      0      0      0      0      0
      0      0      0      0      0      0      0      0      0      0
      0      0      0      0      0      0      0      0      0      0
      0      0      0      0      0      1      0      0      0      0
      1      1      1      0      0      0      1      0      2      2
      0      2      3      1      1      0      0      0      0      1
      0      0      1      0      1      2      0      0      1      1
      0      0      1      0      0      0      0      0      0      4
      0      0      0      0      0      0      0      0      0      0
      0      0      0      0      0      0      0      0      0      0
      0      0      0      0      0      0      0      0      0      0
      0      0      0      0      0      0      0      0      0      0
      0      0      0      0      0      0      0      0      0      0
      0      0      0      0      0      0      0      0      0      0
      0      0      0      0      0      0      0      0      0      0
      0      0      0      1      0      0      0      0      0      0
      0      0      0      0      0      0      0      0      0      0
      0      0      0      0      0      0      0      0      0      0
   2697      6     13    210   2672  13900  33283  47993  50056  40524
  26911  15777   7998   4061   1914    913    521    307    154     84
     55     35     16     13      3      6      1      2      0      1
      0      0      0      0      0      0      0      0      0      0
      0      0      0      0      0      0      0      0      0      0
      0      0      0      0      0      0      0      0      0      0
      0      0      0      0      0      0      0      0      0      0
      0      0      0      0      0      0      0      0      0      0
      0      0      0      0      0      0      0      0      0      0
      0      0      0      0      0      0      0      0      0      0
      0      0      0      0      0      5     36    609   2653   7052
  11551  14211  14367  12687  10316   7946   6093   4464   3501   2740
   2017   1578   1264   1118    868    718    597    469    412    342
    315    242    217    166    148    143    127    100     98     77
     59     52     48     36     36     34     25     33     19     15
     12     18      7     11      5      7      5      9      9      1
      7      3      5      2      2      2      1      3      0      0
      1      0      3      0      1      0      0      0      0      0
      0      0      0      0      0      0      0      0      0      0
      1      0      0      0      0      0      0      0      0      0
      0      0      0      0      0      0      0      0      0      0
     14    114    499    905   1409   1739   1895   1944   1713   1626
   1533   1324   1118   1052    918    784    707    585    540    468
    421    373    343    297    272    240    224    201    169    155
    152    147    127    100    100     77     72     73     63     54
     53     52     41     41     34     34     28     22     33     23
     25     14     11     12      7     14      9      6      7      8
      9     10      7      2      1      3      1      8      2      1
      3      3      2      1      0      0      1      1      1      1
      1      0      0      0      0      1      0      0      0      0
      0      0      0      0      0      0      0      0      0      0
      0      0      0      0      3     12     40     74    107    136
    194    184    225    212    211    246    258    238    231    205
    209    198    191    160    185    128    120    126    118    130
    114    101     94     98    101     75     81     78     59     72
     48     71     50     39     51     54     42     40     42     42
     29     34     28     17     24     19     20     22     19     10
      9     10     14     11      6      3      9      5      3      5
      2      4      8      3      3      4      2      4      3      1
      1      1      2      1      0      1      1      0      2      0
      0      0      0      0      0      0      0      0      0      0
      0      0      0      0      0      0      0      0      0      1
      2      7     11     12     16     21     18     26     46     34
     32     27     52     38     46     43     37     53     47     55
     48     25     47     45     42     52     44     35     36     42
     30     35     41     29     38     30     33     22     28     33
     24     33     24     23     21     18     18     16     19     16
      7     11     10     12     14      4      6      6      4      9
      4      4      8      4      2      1      4      2      1      1
      3      5      0      1      0      2      2      0      0     11
      0      0      0      0      0      0      0      0      0      0
      0      0      0      0      0      0      0      0      0      0
      0      0      0      0      0      0      0      1      1      0
      4      6      8      8      4      8      8      7     10      7
     13     13     12      9     15     10     11     13     14     14
      5     14     13     13     14     24     14     11     18      8
     12     13     17      7     12      7     16      8     11     11
     14     10     10      4      6      3      4      6      6      1
      6      7      3      1      6      4      0      4      5      2
      2      1      2      4      2      0      2      0      1     13
      0      0      0      0      0      0      0      0      0      0
      0      0      0      0      0      0      0      0      0      0
      0      0      0      0      0      0      0      0      0      0
      0      0      0      0      0      0      0      2      0      0
      1      2      4      3      2      0      2      3      3      7
      0      4      6      4      3      4      2      6      2      2
      5      5      4      5      5      6      3      5      6      2
      1      3      2      0      5      6      4      3      3      3
      2      3      0      1      1      1      1      1      3      1
      0      1      2      0      0      0      3      3      1     13
      0      0      0      0      0      0      0      0      0      0
      0      0      0      0      0      0      0      0      0      0
      0      0      0      0      0      0      0      0      0      0
      0      0      0      0      0      0      0      0      0      0
      0      0      0      0      0      0      0      0      0      0
      0      0      0      0      0      0      1      0      0      0
      0      1      0      0      0      0      1      2      1      0
      1      2      1      0      1      1      1      0      1      0
      0      0      1      0      2      0      0      2      2      0
      0      0      0      0      0      1      0      0      0     12
      0      0      0      0      0      0      0      0      0      0
      0      0      0      0      0      0      0      0      0      0
      0      0      0      0      0      0      0      0      0      0
      0      0      0      0      0      0      0      0      0      0
      0      0      0      0      0      0      0      0      0      0
      0      0      0      0      0      0      0      0      0      0
      0      0      0      0      0      0      0      0      0      0
      0      0      1      0      0      0      0      0      0      0
      1      0      0      0      0      0      0      1      0      0
      0      0      0      0      0      0      1      0      0      7
      0      0      0      0      0      0      0      0      0      0
      0      0      0      0      0      0      0      0      0      0
      0      0      0      0      0      0      0      0      0      0
      0      0      0      0      0      0      0      0      0      0
      0      0      0      0      0      0      0      0      0      0
      0      0      0      0      0      0      0      0      0      0
      0      0      0      0      0      0      0      0      0      0
      0      0      0      0      0      0      0      0      0      0
      0      0      0      0      0      0      0      0      0      0
      0      0      0      0      0      0      0      0      0      2
     17      1      0      1     15     96    295    706   1206   1416
   1527   1260    917    609    372    235    138     92     56     36
     22     14     13     10      5      4      2      5      0      2
      0      0      0      0      0      1      0      0      0      0
      0      0      0      0      0      0      0      0      0      0
      0      0      0      0      0      0      0      0      0      0
      0      0      0      0      0      0      0      0      0      0
      0      0      0      0      0      0      0      0      0      0
      0      0      0      0      0      0      0      0      0      0
      0      0      0      0      0      0      0      0      0      0
      0      0      0      0      0      0      1      8     58    239
    558   1091   1646   2133   2539   2641   2545   2327   2090   1702
   1534   1197   1002    834    628    563    434    359    289    248
    216    164    160    112     94     71     85     45     45     27
     32     26     20     18     14      6      9     11     10      7
      5      4      5      5      5      4      0      1      1      0
      1      1      0      0      2      1      0      0      1      0
      0      0      0      0      0      0      0      0      0      0
      0      0      0      0      0      0      0      0      0      0
      0      0      0      0      0      0      0      0      0      0
      0      0      0      0      0      0      0      0      0      0
      4     16     53    203    418    691   1165   1541   1958   2324
   2393   2631   2647   2540   2500   2302   2043   1879   1637   1516
   1296   1142   1060    832    791    647    596    449    432    376
    327    275    239    211    172    164    132    106     91     89
     69     65     60     41     39     39     38     24     30     17
     17     16     12      8     12      8      6      4      5      5
      5      2      5      5      3      2      3      1      1      1
      1      3      0      2      0      1      0      1      1      0
      0      0      0      0      0      0      0      0      1      0
      0      0      0      0      0      0      0      0      0      0
      0      0      0      0      0     10     20     76    144    256
    439    630    825   1092   1257   1353   1436   1658   1640   1685
   1709   1541   1580   1349   1326   1254   1194   1063    955    886
    821    735    638    576    526    489    394    363    348    302
    299    218    164    197    172    124    130     93     85     89
     72     69     54     53     47     34     36     31     35     20
     14     21     18     12     14     12     16      7      9      8
      8      5      7      3      3      5      7      1      5      2
      6      0      2      1      3      1      2      1      0      8
      0      0      0      0      0      0      0      0      0      0
      0      0      0      0      0      0      0      0      0      3
     10      9     33     55     88    132    183    246    373    413
    439    548    574    616    677    646    670    730    636    627
    609    619    561    605    530    509    484    414    391    386
    323    298    255    257    241    205    190    160    155    120
    140    106    112     93     93     72     72     69     61     58
     44     57     45     45     33     33     22     23     18     19
     19     15     16      9     15     11     10      6      9      4
      3      3      5      2      2      7      6      2      3     30
      0      0      0      0      0      0      0      0      0      0
      0      0      0      0      0      0      0      0      0      0
      0      0      0      0      0      2      2      6      9     18
     22     36     52     72     96    108    116    126    119    179
    141    188    191    183    192    206    197    166    188    203
    178    161    177    149    167    134    137    112    113    113
    104     88     91     77     71     75     70     68     63     61
     44     47     33     38     39     31     33     26     33     17
     23     12     18     19     19     17      9      8     10     11
      7     14      8      7      7      5      6      9      7     37
      0      0      0      0      0      0      0      0      0      0
      0      0      0      0      0      0      0      0      0      0
      0      0      0      0      0      0      0      0      0      0
      0      1      2      2      3      4      3      3     11      8
     19     20     28     25     33     27     27     37     35     35
     40     35     33     53     39     48     37     36     39     29
     37     29     23     33     33     40     30     23     22     23
     19     16     14     13     15     13     12     15     12     11
      7      9     11      8     19      6      5      6      3      8
      8      3      7      2      8      2      8      6      2     48
      0      0      0      0      0      0      0      0      0      0
      0      0      0      0      0      0      0      0      0      0
      0      0      0      0      0      0      0      0      0      0
      0      0      0      0      0      0      0      1      0      0
      0      0      4      0      1      3      2      0      0      4
      4      1      1      8      5      6      3      6      4      8
      5      7      8      5      5      6      5      6      7      4
      3      5      8      7      2      5      3      6      4      3
      1      5      4      2      2      5      4      2      3      4
      0      2      2      2      3      3      2      1      4     22
      0      0      0      0      0      0      0      0      0      0
      0      0      0      0      0      0      0      0      0      0
      0      0      0      0      0      0      0      0      0      0
      0      0      0      0      0      0      0      0      0      0
      0      0      0      0      0      0      0      0      0      0
      1      2      0      1      0      0      0      2      1      0
      0      0      1      0      0      1      1      0      0      1
      1      0      1      0      1      1      1      0      1      1
      1      0      0      0      1      0      1      1      0      1
      0      1      3      0      0      1      0      0      0      8
      0      0      0      0      0      0      0      0      0      0
      0      0      0      0      0      0      0      0      0      0
      0      0      0      0      0      0      0      0      0      0
      0      0      0      0      0      0      0      0      0      0
      0      0      0      0      0      0      0      0      0      0
      0      0      0      0      0      0      0      0      0      0
      0      0      0      0      0      0      0      0      0      0
      0      0      0      0      0      0      0      1      0      0
      0      0      1      0      0      0      0      0      0      0
      0      0      0      0      0      0      0      0      0      0
   2443     41     46    162   1368   8867  27073  44333  47963  38582
  24255  12938   6088   2783   1364    732    366    227    117     68
     34     15      9      4      4      2      0      0      2      0
      0      0      0      0      0      0      0      0      0      0
      0      0      0      0      0      0      0      0      0      0
      0      0      0      0      0      0      0      0      0      0
      0      0      0      0      0      0      0      0      0      0
      0      0      0      0      0      0      0      0      0      0
      0      0      0      0      0      0      0      0      0      0
      0      0      0      0      0      0      0      0      0      0
      0      0      0      0      2      9    113    998   4400  10234
  15744  17975  16896  13870  10364   7531   5520   4280   3082   2416
   1856   1461   1159    955    767    674    539    457    339    317
    271    233    210    172    162    137    117     97     91     76
     81     65     47     36     41     32     26     27     32     30
     15     16      7      8     10      6      7      6     12      1
      6      4      6      7      1      4      2      2      0      3
      1      2      1      1      1      0      1      1      1      0
      1      0      0      0      0      0      0      0      0      0
      0      0      0      0      0      0      0      0      0      1
      0      0      0      0      0      0      0      0      3     17
    183    679   1486   2346   2890   3073   2911   2664   2408   2131
   1828   1543   1277   1144    949    845    729    632    582    476
    430    423    312    309    270    255    233    192    198    161
    141    139    123    131     92    102     78     84     78     70
     54     52     50     62     27     30     28     32     24     34
     21     28     20     14     14     10     16     13     16      8
      7      2      9      4      7      7      2      3      5      1
      5      3      4      3      3      3      1      1      1      1
      0      0      0      0      1      2      0      0      0      0
      0      0      0      0      0      0      0      0      0      0
      0      0      4     14     48    139    216    285    349    419
    420    397    440    423    380    408    348    327    328    268
    251    276    218    211    192    178    170    181    138    135
    136    140    121    128    109     92     97     81     84     70
     64     61     65     60     40     33     53     43     44     39
     27     31     34     29     30     21     20     18     29     13
     11      8     15     12     15     13     11      7     11      9
      6      7      5      5      7      5      5      3      5      1
      2      4      3      3      2      1      1      1      3      6
      0      0      0      0      0      0      0      0      0      0
      0      0      0      0      0      1      0      5     11      9
     27     40     59     47     75     80     80     73     97    109
    101     87     98     75     96     69     92     75     92     78
     53     58     65     61     38     48     48     64     41     62
     41     52     55     36     40     37     41     49     26     27
     35     28     26     31     28     22     22     26     17     24
     22     17     21     17     13     15     11     10     16     11
     10     10      5      5      9      7      7      2     14      1
      8      8      3      6      4      2      3      5      2     28
      0      0      0      0      0      0      0      0      0      0
      0      0      0      0      0      0      0      0      0      0
      0      3      2      4      4      5      5     15     11     10
     23     18     28     25     25     39     26     22     25     33
     20     33     39     26     28     28     19     28     23     17
     25     18     14     14     24     26     15     24     19     22
     14     26     11      9     16     19     16     16     18      9
     19     15     24     14      9     13     11     14      8      5
     10      9     10      6      5      2      5      6     11      7
      4      4      3      3      2      2      2      2      3     43
      0      0      0      0      0      0      0      0      0      0
      0      0      0      0      0      0      0      0      0      0
      0      0      0      0      0      0      0      1      0      1
      0      2      2      2      4      4      6     10      8      7
      5      7     10      7      6      1      6      4      5      8
     10     10      7      8      9      7      8      8      5      6
      9      2      7      5      7     11      8      7      4      6
      8      5      9      8      2      6      2      6      6      1
      3      9      3      7      9      3      6      7      5      7
      9      3      2      6      3      2      3      4      1     26
      0      0      0      0      0      0      0      0      0      0
      0      0      0      0      0      0      0      0      0      0
      0      0      0      0      0      0      0      0      0      0
      0      0      0      0      0      0      0      0      0      1
      0      3      3      2      2      1      2      1      1      1
      3      4      3      2      1      3      5      1      1      1
      4      0      2      2      2      3      3      1      1      3
      1      3      1      1      4      1      3      1      5      2
      5      3      0      0      3      3      1      1      2      4
      0      0      0      0      2      0      2      2      1     20
      0      0      0      0      0      0      0      0      0      0
      0      0      0      0      0      0      0      0      0      0
      0      0      0      0      0      0      0      0      0      0
      0      0      0      0      0      0      0      0      0      0
      0      0      0      0      0      0      0      0      0      0
      1      1      0      1      0      0      3      1      0      1
      1      1      1      1      0      0      1      2      0      1
      2      1      1      1      1      0      0      0      0      0
      2      1      0      1      0      0      1      0      3      2
      0      3      0      1      1      0      0      0      0     10
      0      0      0      0      0      0      0      0      0      0
      0      0      0      0      0      0      0      0      0      0
      0      0      0      0      0      0      0      0      0      0
      0      0      0      0      0      0      0      0      0      0
      0      0      0      0      0      0      0      0      0      0
      0      0      0      0      0      0      1      0      0      0
      0      0      0      0      1      0      0      0      0      0
      0      0      0      0      0      0      0      0      1      0
      1      0      0      0      0      0      0      0      0      1
      0      0      0      0      0      0      0      0      0      9
     21      1      4      4      7     42    191    563   1085   1388
   1266   1065    700    368    224    108     47     29     15     23
      5      6      4      0      0      1      0      0      0      0
      0      0      0      0      0      0      0      0      0      0
      0      0      0      0      0      0      0      0      0      0
      0      0      0      0      0      0      0      0      0      0
      0      0      0      0      0      0      0      0      0      0
      0      0      0      0      0      0      0      0      0      0
      0      0      0      0      0      0      0      0      0      0
      0      0      0      0      0      0      0      0      0      0
      0      1      0      0      0      0      0      9     79    300
    651   1179   1657   2068   2246   2224   2131   1915   1631   1310
   1083    845    702    585    459    412    327    233    202    167
    147    112     91     73     72     53     55     46     41     36
     27     18     18     14      7      5      5      9      4      5
      4      4      2      5      3      2      2      3      2      1
      1      2      0      1      0      0      0      0      0      0
      1      0      1      0      0      0      0      0      0      0
      0      0      0      0      0      0      0      0      0      0
      0      0      0      0      0      0      0      0      0      0
      0      0      0      0      0      0      0      0      0      1
      8     40    141    343    586    933   1359   1774   1988   2229
   2369   2397   2352   2287   2048   1915   1766   1446   1342   1212
   1110    943    744    718    621    545    467    417    351    293
    245    230    214    187    163    140    103    100    109     73
     58     65     57     52     41     23     21     28     20     15
     18      5     11      8      4      5      8      8      8      5
      3      2      8      5      3      1      1      2      0      1
      1      2      0      0      1      0      0      0      0      1
      0      0      2      1      0      1      1      0      0      2
      0      0      0      0      0      0      0      0      0      0
      0      0      0      5     15     29     99    193    322    509
    619    886   1073   1302   1465   1533   1604   1682   1677   1660
   1646   1531   1432   1459   1261   1171   1075   1010    930    786
    759    635    655    552    517    464    405    373    305    304
    254    216    234    190    165    140    128    111    118    100
     78     69     58     60     47     50     38     34     36     24
     23     22     23     20      9     13     13     10      7      8
     11     10     10      7      5      7      2      3      4      5
      2      2      2      3      1      1      1      1      3     11
      0      0      0      0      0      0      0      0      0      0
      0      0      0      0      0      0      0      5      4     17
     29     55    104    151    247    281    343    420    528    588
    648    686    786    790    780    829    830    832    814    753
    731    704    610    586    587    512    459    494    401    408
    357    332    342    275    288    254    227    185    175    165
    128    117    134    114     97    101     81     79     71     73
     46     58     37     45     45     32     27     29     19     21
     21     23     18     25     22     17     16     17     14     13
      6     15     12      2      8      3      8      1      7     60
      0      0      0      0      0      0      0      0      0      0
      0      0      0      0      0      0      0      0      0      0
      0      0      0      4      6     13     23     26     51     72
     92     94    123    118    168    205    202    244    245    240
    281    259    255    271    316    261    284    253    257    254
    257    239    223    206    195    189    180    164    148    127
    137    136    115     95    110     85     97    104     85     73
     54     85     58     59     41     53     47     50     41     31
     28     32     30     23     18     15     18     22     22     17
     11     10     15      9     10      9      9     15      5    106
      0      0      0      0      0      0      0      0      0      0
      0      0      0      0      0      0      0      0      0      0
      0      0      0      0      0      0      0      2      1      2
      2      3      9     12     15     15     14     20     29     42
     56     46     49     68     66     66     71     64     84     66
     74     95     68     68     63     51     62     56     68     56
     56     64     57     55     48     47     58     41     41     37
     49     26     27     31     36     36     33     33     13     27
     21     13     11     26     19     13     15     12     16      7
     20     14      9     15      9      7     10      5     10    124
      0      0      0      0      0      0      0      0      0      0
      0      0      0      0      0      0      0      0      0      0
      0      0      0      0      0      0      0      0      0      0
      0      0      0      0      1      1      1      1      2      1
      3      0      7      5      6      5      5      7     12      9
     12     11     12     10      9     15      6     10     20      7
     20     12     10     18     15     11     15     11     10     15
      9     12      4      6     14     11      6      7     16      7
      7      5      8      8      8      9     10      7      6     10
      7      5      3      7      5      3      4      4      5     77
      0      0      0      0      0      0      0      0      0      0
      0      0      0      0      0      0      0      0      0      0
      0      0      0      0      0      0      0      0      0      0
      0      0      0      0      0      0      0      0      0      0
      0      0      0      1      0      1      1      0      1      0
      0      1      2      2      1      5      1      3      1      0
      1      2      3      3      1      4      6      3      4      6
      0      1      4      2      1      2      1      4      4      2
      2      4      4      3      4      2      0      1      1      2
      1      1      1      3      2      1      3      1      3     21
      0      0      0      0      0      0      0      0      0      0
      0      0      0      0      0      0      0      0      0      0
      0      0      0      0      0      0      0      0      0      0
      0      0      0      0      0      0      0      0      0      0
      0      0      0      0      0      0      0      0      0      0
      0      0      0      0      1      0      1      0      0      0
      0      0      0      0      1      1      0      0      0      0
      0      1      1      1      0      2      0      1      1      0
      1      1      1      0      0      0      1      0      0      1
      0      0      0      0      0      0      1      2      0      6
