  28 477 482 486 491 495 500 503 519 529
 530 531 532 533 534 535 536 537 540 543
 545 548 551 554 557 608 622 635 640
  NB. DE CL.2*EN. TOT                                   
   3234     26     33    192   1104   5510  15785  24523  25365  18751
  10605   4770   1741    567    185     63     21      4      3      0
      0      0      1      0      0      0      0      0      0      0
      0      0      0      0      0      0      0      0      0      0
      0      0      0      0      0      0      0      0      0      0
      0      0      0      0      0      0      0      0      0      0
      0      0      0      0      0      0      0      0      0      0
      0      0      0      0      0      0      0      0      0      0
      0      0      0      0      0      0      0      0      0      0
      0      0      0      0      0      0      0      0      0      0
      0      0      1      1      2     77    481   2386   6814  12039
  14971  14385  11459   8239   5742   3984   2818   2098   1481   1214
    937    713    601    498    410    366    290    291    226    206
    192    157    134    140    140    107     99     65     69     51
     57     62     35     45     42     36     38     25     22     26
     22     16     11     13     15     15     10      9      5     10
      5     12      5      5      4      8      2      5      1      0
      2      3      3      2      2      2      1      1      2      0
      2      2      2      0      1      0      0      0      0      0
      0      0      0      0      0      0      0      0      0      0
      0      0      0      0      0      0      0      1     18    190
    809   1831   2780   3290   3314   2987   2445   2023   1665   1291
   1075    866    668    566    464    414    335    249    293    244
    197    193    158    153    143    131    108    155    114     97
     88     87     76     82     65     69     49     38     55     48
     47     49     39     33     45     33     34     27     24     20
     26     19     19     23      9     14     15     19     13     14
      8      6     10      3      8      6      7      5      5      1
      7      2      6      0      2      2      2      4      2      0
      1      0      1      2      1      0      0      0      1      6
      0      0      0      0      0      0      0      0      0      0
      0     13     46    131    254    348    433    480    430    469
    415    379    364    277    227    231    167    173    162    135
    127    110     99     97     91     68     60     63     72     63
     60     52     39     37     63     41     46     41     41     47
     44     30     26     31     34     31     40     31     29     22
     20     23     13     19     22     15     20     22     18     13
     11     13      8      7     10     12     14     12     10      7
      5      7      6     10      7      4      6      2      2      5
      5      5      2      3      2      1      3      1      2     13
      0      0      0      0      0      0      0      0      0      0
      0      0      0      0      1      3     10     24     48     51
     72     67     87     91    101     90     86     88     69     60
     61     59     56     47     40     42     37     30     25     33
     30     23     21     22     26     21     25     25     21     21
     18     14     24     22     20     24     21     17     15     13
     14     16     16     18     21     13     18     14     12     10
     13      8     12     11      9      1      6      7      8      6
      7      6     11      7      8      2      5      8      6      5
      6      4      3      4      2      1      1      1      0     24
      0      0      0      0      0      0      0      0      0      0
      0      0      0      0      0      0      0      0      2      7
      8      7      9     18     18     15     28     30     22     24
     20     22     22     22     13     22     15     16     21     24
     18     14     18     20     11     13     15     11      6     13
     11      3     11      7     12     11     14     11     13      8
     11      5     10      9      9      9      9      8     10      9
      5      9      6     11      6      9      7      6      7      4
      9      5      9      2      5      4      6     12      1      3
      4      6      3      2      2      2      1      4      3     32
      0      0      0      0      0      0      0      0      0      0
      0      0      0      0      0      0      0      0      0      0
      0      0      1      5      3      3      3      3      7      9
      6     10      7      4     10     12      7      8      7      7
      9      7      6      7      8      7      2      5      5      5
      4      3      5      7      8      2      7      7      4      4
      2      2      4      7      8      3      3      4      3      4
      7      3      5      6      0      5      2      6      4      4
      7      9      3      6      5      5      6      5      1      6
      1      4      2      5      3      1      3      4      3     32
      0      0      0      0      0      0      0      0      0      0
      0      0      0      0      0      0      0      0      0      0
      0      0      0      0      0      0      0      3      0      2
      1      2      1      1      2      2      4      3      1      1
      2      2      3      1      5      1      1      2      4      1
      1      1      4      5      1      4      1      2      2      0
      3      0      2      1      2      2      1      0      1      1
      0      4      3      2      2      2      2      5      0      5
      2      1      3      2      1      2      1      2      3      0
      0      2      2      2      2      4      0      1      2     27
      0      0      0      0      0      0      0      0      0      0
      0      0      0      0      0      0      0      0      0      0
      0      0      0      0      0      0      0      0      0      0
      0      1      0      0      1      0      0      1      1      2
      1      0      0      1      0      1      2      2      0      1
      2      0      1      1      0      2      2      0      0      2
      1      1      1      0      0      0      1      0      1      0
      1      1      0      1      0      0      0      1      0      0
      1      0      0      0      0      1      0      0      0      1
      1      0      0      0      0      0      2      0      1      9
      0      0      0      0      0      0      0      0      0      0
      0      0      0      0      0      0      0      0      0      0
      0      0      0      0      0      0      0      0      0      0
      0      0      0      0      0      0      0      0      0      0
      0      0      0      0      0      1      0      0      1      1
      0      0      0      0      0      0      0      1      0      0
      0      0      0      0      0      0      0      0      1      0
      0      0      0      1      0      0      1      2      0      0
      0      0      0      0      1      0      0      0      0      0
      0      0      0      0      0      0      0      1      0      3
     23      1      2      4     11     60    148    335    577    652
    583    428    205     87     26     15      6      1      0      0
      0      0      0      0      0      0      0      0      0      0
      0      0      0      0      0      0      0      0      0      0
      0      0      0      0      0      0      0      0      0      0
      0      0      0      0      0      0      0      0      0      0
      0      0      0      0      0      0      0      0      0      0
      0      0      0      0      0      0      0      0      0      0
      0      0      0      0      0      0      0      0      0      0
      0      0      0      0      0      0      0      0      0      0
      0      0      0      0      2      3      5     32    126    318
    578    923   1071   1071   1107   1061    996    930    816    730
    600    513    459    387    300    252    227    214    162    138
    124    101     94     57     66     62     47     59     41     34
     35     26     22     13     17     17     12      7     12      4
     12      4      9      4      4      5      7      2      4      2
      4      2      3      1      0      0      1      0      2      4
      0      0      0      1      0      0      2      1      1      0
      0      0      0      0      0      0      0      0      1      1
      0      0      0      0      0      0      0      0      0      0
      0      0      0      0      0      0      0      0      2      3
     30     99    249    417    599    811    984   1201   1298   1333
   1436   1489   1363   1314   1270   1126   1098   1029    924    814
    721    686    571    504    448    383    335    326    288    226
    210    184    136    130    132     98    115     87     74     58
     59     61     41     43     26     36     26     21     12     16
     15     20     18     10     13      5     10      9      7      5
      7      5     10      3      2      5      2      3      2      0
      2      2      2      1      0      2      1      0      0      0
      1      0      0      0      0      1      0      0      1      0
      0      0      0      0      0      0      0      0      0      0
      0      2      2     14     51    108    182    291    383    530
    675    815    906   1024   1124   1165   1150   1189   1138   1158
   1089   1030    949    909    837    750    729    652    603    562
    464    442    382    310    299    242    237    218    199    180
    179    141    126    122    114     96     65     79     62     54
     64     60     42     35     33     29     24     28     21     23
     26     20     19     16     20      8      9     16     10      8
      9      2      7      7      2      2      2      5      6      2
      0      2      0      4      1      3      1      1      1     10
      0      0      0      0      0      0      0      0      0      0
      0      0      0      0      0      2      2     14     33     54
     91    136    191    275    331    369    423    522    550    622
    616    615    617    656    625    642    588    500    535    508
    495    438    386    324    338    293    302    259    209    229
    188    194    182    162    119    105    109    105     93     74
     88     75     52     50     54     55     50     31     43     31
     35     29     37     25     22     23     20     25     16     19
     15     14     11      9      9      6      6      3      8      8
      5      1      8      4      7      6      4      1      3     28
      0      0      0      0      0      0      0      0      0      0
      0      0      0      0      0      0      0      0      1      2
     10      7     13     27     39     43     72     74     90    130
    139    158    186    185    216    213    228    218    235    209
    207    231    194    197    197    173    174    158    137    144
    138    117    108     97     96     84     73     74     77     64
     50     53     53     51     36     28     41     34     44     21
     23     20     21     23     23     23     16     17     12     12
      6     16     11      7      8      9     10     12     13     11
      4     10      2      5      8      6      7      3      5     49
      0      0      0      0      0      0      0      0      0      0
      0      0      0      0      0      0      0      0      0      0
      0      0      0      1      0      0      4      8      7     10
      9     13     22     37     41     35     58     44     53     60
     55     55     49     56     56     50     51     53     51     56
     52     53     42     49     41     33     31     30     33     24
     25     25     28     24     18     12     22     18     24     18
     17     10      7     13     23     15     12     17      9      8
      9      8      8      7     10      5      5      4      8      5
      4      7     10      8      5      5      4      2      4     52
      0      0      0      0      0      0      0      0      0      0
      0      0      0      0      0      0      0      0      0      0
      0      0      0      0      0      1      0      3      0      2
      0      1      0      5      6      6      5      6     11      6
     15     11     12     13     13      9     12      8     10     18
      8     11      5     12     10      8     12     13     11     12
      5     10      8      7      5      5      8      7      6      8
      6      2      5     10      5      2      6      2      6      3
      4      3      5      1      4      5      5      3      2      4
      2      2      0      3      2      0      4      5      2     39
      0      0      0      0      0      0      0      0      0      0
      0      0      0      0      0      0      0      0      0      0
      0      0      0      0      0      0      0      0      0      0
      0      0      0      2      0      1      0      2      2      3
      1      2      4      0      2      3      0      2      2      0
      0      2      2      2      2      3      2      2      4      2
      1      1      1      7      4      2      1      0      1      0
      0      0      1      2      0      0      1      1      2      2
      3      1      0      1      0      0      2      0      5      1
      0      0      3      0      0      1      1      1      1     24
      0      0      0      0      0      0      0      0      0      0
      0      0      0      0      0      0      0      0      0      0
      0      0      0      0      0      0      0      0      0      0
      0      0      0      0      0      0      1      0      0      0
      0      0      2      0      0      0      0      1      1      1
      0      1      2      0      0      0      0      0      1      1
      0      0      0      0      1      1      0      0      0      0
      2      0      0      0      1      0      0      1      2      0
      0      0      1      2      0      1      1      0      0      0
      1      0      0      0      0      0      0      0      0     12
  11701     17     17     39    438   4131  15195  25961  24594  16504
   8676   3834   1754    921    569    431    299    227    171    158
    124     94     99     78     59     58     57     47     29     27
     33     19     23     21     16     11     16     14     20     16
     10     18     12      5      3     14     10      5     15      5
      4      7      3      8      6      5      6      3      2      6
      3      1      1      3      8      8      2      4      1      6
      5      2      3      2      4      4      1      0      5      2
      2      0      4      2      3      3      3      1      1      3
      2      2      0      4      0      1      0      1      1     16
      1      1      0      1      6     86    855   4047   9841  14101
  14693  12636   9529   6519   4605   3181   2374   1764   1323   1033
    806    696    521    409    361    299    314    216    201    163
    159    146    137    118     99     77     79     69     64     51
     55     50     46     37     41     33     29     25     20     18
     26     21     24     13     12     15     15      4      7      8
      6      8      8      8      4      5      7      3      4      4
      7      3      1      0      1      3      2      1      1      4
      2      0      0      2      2      1      0      0      0      1
      1      0      0      1      1      1      1      0      0      7
      0      0      0      0      2      6     34    119    257    619
   1545   2319   2917   2874   2765   2252   1932   1600   1329   1073
    834    692    541    438    392    352    317    241    234    205
    179    167    138    134    137    128    102     99     88     77
     66     73     70     67     58     57     41     37     52     42
     48     45     30     25     28     27     16     20     15     18
     15     21     14     16     17     16     13      6     12      9
      9      7      6      8      6      5      8      6      3      1
      2      5      2      5      2      1      4      6      1      0
      2      1      0      2      2      1      0      0      1     10
      0      0      0      0      0      1      9     24     39     51
     51     79    109    223    283    318    401    423    409    397
    363    325    288    262    203    228    169    145    145    127
    123    120     96    101     86     72     68     72     65     55
     71     55     37     41     38     40     46     36     26     33
     28     35     30     35     31     31     25     24     23     13
     31     11     20     21     13     17     20     14      6     14
     11     14     10      6      5     12      6      7      9      7
      4      7      4      6      3      5      1      4      5      3
      2      2      2      3      3      4      1      2      2     20
      0      0      0      0      0      0      1     11     10      9
      9     12      8     10      7     11     24     30     41     52
     66     72     92     78     79     84     87     72     72     79
     54     71     56     35     46     41     45     30     36     32
     36     30     32     35     40     30     30     26     24     21
     23     24     19     28     22     17     24     23     19     19
     26     14     13     18     17     12     15     18     18     13
     20      8      5     11      6     11     12     13      6     10
      9      9      3      9      5      7      7      6      4      3
      4      4      2      1      4      3      3      5      1     33
      0      0      0      0      0      0      1      7      7      5
      7      6      1      1      3      1      2      1      5      2
      8     15     18     16     24     24     18     19     24     26
     20     27     31     31     18     28     21     19     19     19
     17     16     19     12     19     18     13     14     13     11
     19     15     12      6      7      7     10     11     14     18
     10      7      8      6      4     11     11      5      6      4
     11      8      7      4      4      4      6      4     14      6
     12      7      5      5      6      9      3      5      7      2
      7      2      6      3      3      1      4      7      4     56
      0      0      0      0      0      0      2      1      0      1
      2      2      0      1      2      3      2      1      0      0
      0      0      0      1      4      5      3      6      7      4
      5      3     11     12     12      8     11      8     10      8
      6      5     12     10      7      7      6      5      6      7
      9     10      8      6      4      8      2      6      3      7
      7      6     10      3      5      5      5      9      7      4
      4      3      6      2      5      8      3      8      3      3
      4      5      4      2      2      4      3      3      4      5
      3      3      4      2      3      2      1      2      4     52
      0      0      0      0      0      0      0      0      0      1
      0      0      0      0      1      0      0      1      0      0
      0      0      0      0      0      2      4      0      1      1
      2      3      2      2      0      4      1      4      2      3
      2      3      4      3      7      2      2      2      5      6
      4      1      4      3      6      2      2      4      4      2
      1      2      1      2      1      1      2      3      4      2
      3      1      3      2      3      1      2      1      2      4
      1      1      2      0      1      3      1      4      2      1
      2      1      2      2      1      1      1      1      1     36
      0      0      0      0      0      0      0      0      0      1
      0      0      0      0      0      0      0      0      0      0
      0      0      0      0      0      0      0      0      0      0
      0      0      0      1      2      0      2      2      0      0
      1      1      0      1      1      1      0      1      0      0
      2      0      0      2      2      0      1      3      0      2
      1      1      1      2      3      0      0      0      2      1
      1      0      0      1      0      0      2      0      0      1
      0      1      0      2      1      1      0      0      0      1
      1      0      1      0      0      0      0      0      1     18
      0      0      0      0      0      0      0      0      0      0
      1      0      0      0      0      0      0      0      0      0
      0      0      0      0      0      0      0      0      0      0
      0      0      0      0      0      0      0      0      0      0
      0      1      2      0      0      0      0      0      1      0
      0      0      0      3      1      1      0      0      1      2
      1      0      0      1      0      1      0      0      0      0
      0      0      1      0      0      0      0      0      0      1
      0      1      0      0      0      1      0      0      1      0
      0      1      1      1      0      0      1      0      0     12
    144      0      1      2      5     54    215    546    815    831
    680    427    220     94     76     47     43     45     37     49
     32     46     59     26     48     42     37     42     27     33
     36     36     22     15     16     19     21     17     13     13
     12     12      4     11      7     11      3     10      2      6
      4      6      3      4      4      5      1      1      2      3
      2      2      2      0      3      1      1      1      2      1
      0      2      0      2      1      1      2      0      1      0
      2      0      1      0      1      0      0      1      0      0
      1      1      1      0      0      1      0      1      0      3
      0      0      0      0      1      0     10     74    243    603
    944   1200   1475   1404   1345   1293   1196   1010    890    724
    598    503    433    359    307    284    246    212    186    155
    158    120    104     84     83     88     74     54     61     35
     44     24     29     27     25     26     20     14     21     16
     13      8     14     12     11     13      3      7      3      4
      4      3      3      5      3      3      5      2      1      1
      1      1      1      1      2      0      0      2      0      2
      0      1      2      0      1      0      2      1      0      2
      0      0      2      0      2      1      0      1      0      9
      0      0      0      0      1      0      4      8     14     34
    113    210    458    708   1051   1261   1393   1557   1639   1656
   1586   1554   1448   1334   1201   1089    936    848    761    652
    535    528    438    397    333    328    250    216    199    181
    151    132    118    113    110     88     88     82     63     55
     53     42     41     26     28     33     21     20     23     18
     17     17     17     17     12      3      9      7      8      9
      5      8      7      5      3      2      4      7      2      2
      7      2      0      0      1      1      0      1      1      0
      2      2      0      0      2      4      0      0      0     11
      0      0      0      0      0      0      0      5     12     16
     31     27     48     74    116    242    350    535    701    858
    923   1031   1176   1209   1253   1220   1148   1133   1037   1004
    883    812    705    666    541    519    459    416    384    288
    263    255    220    199    164    158    136    111    116    107
     85     91     79     84     88     63     41     53     38     49
     33     33     29     29     32     21     14     30     16     18
     14     21     14     11     15      9     13     12      6      8
      6      8      6      2      4      5      5      3      0      6
      5      2      0      2      2      1      2      1      1     18
      0      0      0      0      0      0      0      3      7      5
     16     15     12     13     14     22     33     59     95    120
    171    245    339    392    459    507    565    610    569    580
    554    533    516    490    510    428    398    369    334    268
    260    228    221    199    204    179    166    153    132    119
    105    100     82     90     66     77     66     65     45     51
     36     45     47     35     27     28     29     39     19     14
     16     13     19     17     13     12     14     15      8     14
      9     12      7     12      7      3      7     11      5      6
      5      9      1      3      5      1      1      1      6     31
      0      0      0      0      0      0      0      0      2      1
      4      8      8      6      3     12      7     10      7     11
     17     32     34     41     71     79    111    131    119    150
    177    176    174    182    193    201    175    159    157    138
    133    126    126    111    120    111     88     65     92     81
     71     59     52     55     52     49     41     40     46     37
     19     23     30     21     28     27     25     22     22     15
     23     22     19     10     10     15      8      9     10      8
     10      6      5      4      7      7      5     16      6     12
      3      5      3      8      8      5     11      5      2     65
      0      0      0      0      0      0      0      0      1      2
      0      0      2      1      3      2      1      5      1      1
      0      7      6      4      4     13      9     13     18     36
     35     33     34     43     38     39     44     53     39     32
     44     48     45     38     44     27     45     45     33     37
     15     32     32     20     38     16     21     21     19     21
     15     14     15     10     11     13     15      5     12     12
      8     11      6      3      5      5      9      5      8      8
      7     10      2      4     12      7      1      3      3      5
      5      4      7      6      2      4      2      4      5     55
      0      0      0      0      0      0      1      0      0      0
      0      0      0      1      1      0      0      0      0      1
      0      0      0      2      2      1      1      0      3      2
      1      4      5      9      4      6      8      4      8     14
     12     13     14      8      9      6     13     10     18      9
     10      6     12     16      6     14      7      7      9      7
      6      5      8      4      4      9      3      4      9      5
      2      5      3      1      6      4      6      2      4      3
      4      1      3      4      2      1      2      6      3      2
      3      0      2      3      5      0      3      1      1     32
      0      0      0      0      0      0      0      0      0      0
      0      0      0      0      0      0      0      0      1      0
      0      0      0      0      0      0      0      0      0      0
      0      1      0      0      2      1      0      0      3      2
      2      1      1      1      3      2      0      2      0      1
      2      4      1      3      1      3      1      2      2      3
      1      2      1      0      3      2      1      2      1      1
      0      2      1      0      0      0      1      1      0      1
      3      0      2      0      0      0      0      1      1      0
      0      1      2      1      2      0      0      0      1     22
      0      0      0      0      0      0      0      0      0      0
      0      0      0      0      0      0      1      0      0      0
      0      0      0      0      0      0      0      0      0      0
      0      0      0      0      0      0      0      0      0      0
      0      0      1      0      2      0      0      2      2      1
      2      0      0      0      1      2      0      1      0      0
      1      0      0      0      1      0      1      1      0      1
      0      0      0      0      0      0      1      0      0      0
      0      0      0      2      1      0      0      0      0      1
      0      0      2      0      0      1      0      1      1      9
  10229    125    350    147    650   4426  16580  28588  28166  18823
   9969   4500   2086   1112    840    542    469    342    252    236
    165    136    117    107     98     90     77     60     60     52
     57     45     48     33     33     25     30     22     36     27
     27     18     25     26     22     20     17     15      7     17
     11     14     13     11     14     11      8      9      7     15
      5     14      7     10      4      3      3      7      8      5
      0      4      2      7      3      2      5      2      6      4
      6      1      3      4      1      5      3      2      4      4
      1      3      2      2      1      1      0      1      3     36
      0      0      0      1      7     69    564   2746   7567  11875
  13287  11877   8709   6060   4200   2955   2170   1589   1153    904
    705    568    477    398    295    256    248    232    199    158
    126    119    102     99     76     74     69     64     58     56
     44     29     29     20     29     37     22     27     22     19
      9     14     13      9      4      5     10      8      7      3
      4      4      2      3      5      4      2      1      3      2
      1      4      1      1      1      1      2      0      0      1
      1      0      0      0      0      0      0      1      1      0
      0      0      0      0      0      0      0      0      0      0
      0      0      0      0      1      3      0     17     95    387
   1094   1912   2570   2749   2456   2181   1864   1602   1252    990
    784    649    529    413    403    331    280    230    195    178
    179    150    147    124    121     99     94     83     84     86
     72     71     84     64     53     60     32     36     32     45
     47     29     34     32     30     17     24     10     18     22
     18     15     11      9     10     17     11      9     11      3
      5      6      4      4      4      1      7      4      5      6
      3      2      1      2      6      0      3      2      0      0
      0      0      2      0      1      0      1      1      0      3
      0      0      0      0      0      0      0      0      1     10
     12     41    105    165    290    329    391    399    477    415
    414    344    316    277    266    227    194    160    131    129
    112     90     70    101     79     80     73     55     74     70
     41     45     58     45     40     28     35     28     44     30
     30     24     33     20     35     27     29     19      7     23
     19     22     17     14     17     10     16     15     11     10
     16      9     12     15      8      9      8      7      5      8
      8      4      5      5      9     11      9      4      3      4
      2      2      1      2      3      4      2      1      3     18
      0      0      0      0      0      0      0      0      0      1
      0      1      6     10      7     17     39     43     56     88
    104    132    129    141    135    134    117     88     75     79
     79     66     65     62     58     62     42     39     41     29
     38     28     26     26     36     27     39     30     30     24
     27     27     29     17     13     17     16     20     14     21
     15     15     13     13     15     16     12     12     10     10
     16     15      9     12     14     14     10      8     13     15
     11      4      6      6      9      6      3      5      3      1
      7      5      5      3      3      5      3      5      1     28
      0      0      0      0      0      0      0      0      0      0
      0      0      2      0      1      0      2      1      3      9
     18     25     20     22     40     49     31     48     39     44
     53     37     36     44     28     28     25     25     26     25
     25     23     20     15     20     21      7     14     16     12
     16     14      9     15     17     17     12      9     12      9
     12      9      6      1     12     11      7     11     13      7
     10      8     10      7      6      9      7      4      5      4
      7      7      5      8      5      5      9      6      7      4
      4      3      4      4      6      1      2      2      6     57
      0      0      0      0      0      0      0      0      0      0
      0      0      0      0      0      0      0      0      0      0
      2      3      3      5      7     10     11     10     16     17
     13     10     16     16     17     13     15     15     13     18
     12      9     17     10      8      9     12     10      5      9
     11      4     12      8      5      8      7      9     10     13
      6      8      3      8      4      3      6      5      6      6
     10      8      7      4      6      9     12      3      4      5
     11      3      6      5      7      8      7      7      3      2
      2      4      2      4      7      2      1      4      3     56
      0      0      0      0      0      0      0      0      0      0
      0      0      0      0      0      0      0      0      0      0
      0      0      0      0      0      1      0      0      3      5
      4      6      3      2      6      5      9      4      8      4
      9      6      7      7      6      9      8      5      5      6
      3      4      5      3      8      2      1      8      5      4
      5      5      0      3      3      2      4      2      7      1
      2      6      6      3      5      3      4      4      4      2
      2      4      1      6      5      1      6      1      2      3
      1      2      4      1      3      1      4      3      2     51
      0      0      0      0      0      0      0      0      0      0
      0      0      0      0      0      0      0      0      0      0
      0      0      0      0      0      0      0      0      0      0
      1      0      2      2      4      1      2      3      1      4
      0      2      1      0      2      2      3      2      3      5
      2      1      1      2      2      2      3      0      2      2
      1      1      3      1      2      0      2      1      1      0
      0      2      2      2      1      1      4      0      4      1
      1      0      1      3      0      1      2      1      0      1
      3      2      1      3      0      3      1      0      1     37
      0      0      0      0      0      0      0      0      0      0
      0      0      0      0      0      0      0      0      0      0
      0      0      0      0      0      0      0      0      0      0
      0      0      1      0      0      0      0      0      1      1
      0      2      1      2      0      0      0      1      0      0
      0      1      0      1      0      1      0      0      3      0
      0      0      1      1      1      2      1      0      0      1
      0      0      1      0      0      1      0      0      0      0
      1      3      1      1      1      0      0      1      1      0
      1      0      0      0      1      0      0      0      0     25
    127      6     19     14     11     48    237    638   1038   1124
    889    622    390    292    258    258    308    283    280    287
    289    319    287    260    274    273    244    243    243    233
    196    178    163    164    163    139    135    121     92    101
     92     96     67     65     62     48     43     45     50     37
     31     38     31     27     27     20     27     17     17     15
     15     12     15     14     10     12     13      5     10      6
      8      8      8      9     13      9      9      5      5      0
      3      3      2      5      2      1      0      3      2      3
      4      4      2      0      3      5      0      1      0     27
      1      0      1      0      2      4     16     50    210    556
    955   1299   1502   1456   1442   1298   1137    981    841    692
    542    440    373    282    228    197    150    153     99    107
     72     88     62     47     44     50     32     26     32     18
     27     10     12      9     14      7      4      4      4      6
      4      2      6      6      1      2      1      2      2      0
      3      2      2      2      0      1      0      0      0      0
      0      0      0      0      1      0      0      0      0      0
      0      0      0      0      0      0      0      0      0      0
      0      0      0      0      0      0      0      0      0      0
      0      0      0      0      0      0      0      2      4     21
     68    210    366    710    953   1136   1340   1469   1537   1545
   1530   1438   1343   1176    995    889    830    740    636    520
    455    427    350    285    252    222    200    156    147    125
    105     88     84     85     64     63     58     43     36     41
     38     29     14     28     20     16     14     10     14     12
     11      6     11      8      4      6      4     10      4      3
      3      2      2      4      1      4      2      1      2      2
      2      1      2      0      2      0      0      1      1      0
      0      0      0      0      1      0      1      0      0      1
      0      0      0      0      0      0      0      0      0      0
      2      3     13     48    108    191    301    394    611    756
    873    983   1117   1109   1144   1110   1059    985    896    919
    716    711    625    596    506    482    435    374    316    288
    268    216    211    156    154    133    127    125    113     98
     91     71     53     54     60     43     44     39     33     24
     27     28     22     23     20     12     20     14     13     13
     14     10      5      9     11      7      4      7      9      8
      3      5      6      9      1      1      7      1      4      3
      1      1      0      1      2      3      1      0      0      6
      0      0      0      0      0      0      0      0      0      0
      0      0      0      3      4      9     18     46     94    113
    173    248    288    327    369    469    510    533    539    586
    548    536    466    457    433    436    359    342    347    288
    261    232    240    195    197    130    124    121    137    103
     92     77     95     74     61     65     58     60     62     42
     38     38     18     37     29     29     21     27     24     23
     20     22     25     15     19     14     15     12     11      9
     10      5      6      6      6      9      8      1      9      7
      6      3      9      2      5      3      5      2      4     34
      0      0      0      0      0      0      0      0      0      0
      0      0      0      0      0      0      1      2      5      7
     11     19     36     54     61     74    108    120    148    172
    178    179    195    195    190    194    187    173    179    155
    166    138    128    128    112     97     93     68     80     81
     87     85     62     47     47     53     51     41     29     35
     43     41     27     27     31     21     23     23     23     25
     18     13     19     16     28     21     10     14     12      9
     12      7      9      8      8      4      8      6      7      3
      7     11      8      6      6      5      6      4      2     55
      0      0      0      0      0      0      0      0      0      0
      0      0      0      0      0      0      0      0      0      1
      0      0      3      4      5     16     10     28     28     22
     33     46     37     49     49     48     55     63     59     49
     49     60     46     56     57     62     57     31     52     41
     28     31     24     31     27     33     25     26     18     16
     21     16     19     19     16     13     22     14     15     12
     18      6     14     10     11     13      9     10      6      9
      7      6      9      6     10      3      4     10      4      5
      5      7      8      8      6      5      4      4      4     77
      0      0      0      0      0      0      0      0      0      0
      0      0      0      0      0      0      0      0      0      0
      0      0      0      2      1      0      1      1      3      1
      3      8      8      4      7     11     13     13      7     25
     10     18     15     11     20     10     13     26     17     11
     15     20     12     11     11     15     20      9      8     16
      8     11      3     11      8     10      9      9      7      4
      7      1     11      8      4      3      5      3      4      4
      3      2      5      6      7      2      6      3      4      4
      2      2      3      1      3      2      6      0      3     67
      0      0      0      0      0      0      0      0      0      0
      0      0      0      0      0      0      0      0      0      0
      0      0      0      0      0      0      0      0      0      1
      1      0      1      1      1      1      4      4      2      2
      3      8      2      3      9      6      9      6      2      3
      4      6      5      3      4      0      5      3      5      4
      1      5      2      2      1      3      2      3      2      1
      2      3      4      1      4      1      2      2      4      2
      2      2      2      3      6      1      1      0      1      0
      0      2      1      2      0      1      2      0      1     36
      0      0      0      0      0      0      0      0      0      0
      0      0      0      0      0      0      0      0      0      0
      0      0      0      0      0      0      0      0      0      0
      0      0      0      0      1      0      0      0      1      1
      1      1      0      0      1      2      1      3      1      3
      1      1      1      1      1      1      0      5      2      1
      0      1      1      2      2      4      1      0      3      0
      4      1      1      1      2      2      0      3      1      1
      0      0      1      0      0      0      1      1      1      2
      1      2      1      0      0      0      1      0      4     25
