   id                   =                3199
   layer                =                   3
   hits                 =                   1
   multiplicity         =                   9
   segment              =                   9
   nx                   =                 150
   xmi                  =            0.000000
   xma                  =           30.000000
   mean value           =            6.597987
   number of entries    =                1113
   number of underflows =            0.000000
   number of overflows  =            0.000000
        0.
        0.
        0.
        0.
        0.
        0.
        1.
        1.
        2.
        4.
        5.
        7.
        9.
       11.
       13.
       16.
       18.
       21.
       24.
       26.
       29.
       31.
       34.
       36.
       37.
       39.
       40.
       40.
       40.
       40.
       39.
       38.
       37.
       36.
       34.
       32.
       30.
       28.
       27.
       25.
       23.
       21.
       19.
       18.
       16.
       15.
       13.
       12.
       11.
       10.
        9.
        8.
        8.
        7.
        6.
        6.
        5.
        5.
        4.
        4.
        4.
        3.
        3.
        3.
        3.
        2.
        2.
        2.
        2.
        2.
        2.
        2.
        1.
        1.
        1.
        1.
        1.
        1.
        1.
        1.
        1.
        1.
        1.
        1.
        1.
        0.
        0.
        0.
        0.
        0.
        0.
        0.
        0.
        0.
        0.
        0.
        0.
        0.
        0.
        0.
        0.
        0.
        0.
        0.
        0.
        0.
        0.
        0.
        0.
        0.
        0.
        0.
        0.
        0.
        0.
        0.
        0.
        0.
        0.
        0.
        0.
        0.
        0.
        0.
        0.
        0.
        0.
        0.
        0.
        0.
        0.
        0.
        0.
        0.
        0.
        0.
        0.
        0.
        0.
        0.
        0.
        0.
        0.
        0.
        0.
        0.
        0.
        0.
        0.
        0.
   id                   =                3299
   layer                =                   3
   hits                 =                   2
   multiplicity         =                   9
   segment              =                   9
   nx                   =                 150
   xmi                  =            0.000000
   xma                  =           30.000000
   mean value           =            6.898526
   number of entries    =                1782
   number of underflows =            0.000000
   number of overflows  =            0.000000
        0.
        0.
        0.
        1.
        1.
        2.
        3.
        4.
        6.
        8.
       10.
       13.
       16.
       20.
       23.
       26.
       30.
       33.
       36.
       39.
       42.
       44.
       46.
       48.
       50.
       51.
       52.
       53.
       53.
       53.
       53.
       53.
       52.
       51.
       50.
       49.
       48.
       46.
       44.
       42.
       40.
       38.
       36.
       34.
       32.
       30.
       28.
       26.
       24.
       22.
       20.
       18.
       17.
       15.
       14.
       13.
       11.
       10.
        9.
        8.
        7.
        7.
        6.
        5.
        5.
        4.
        4.
        4.
        3.
        3.
        3.
        2.
        2.
        2.
        2.
        2.
        2.
        2.
        1.
        1.
        1.
        1.
        1.
        1.
        1.
        1.
        1.
        1.
        1.
        1.
        1.
        1.
        1.
        1.
        1.
        1.
        1.
        1.
        1.
        0.
        0.
        0.
        0.
        0.
        0.
        0.
        0.
        0.
        0.
        0.
        0.
        0.
        0.
        0.
        0.
        0.
        0.
        0.
        0.
        0.
        0.
        0.
        0.
        0.
        0.
        0.
        0.
        0.
        0.
        0.
        0.
        0.
        0.
        0.
        0.
        0.
        0.
        0.
        0.
        0.
        0.
        0.
        0.
        0.
        0.
        0.
        0.
        0.
        0.
        0.
   id                   =                3399
   layer                =                   3
   hits                 =                   3
   multiplicity         =                   9
   segment              =                   9
   nx                   =                 150
   xmi                  =            0.000000
   xma                  =           30.000000
   mean value           =            7.288571
   number of entries    =                1551
   number of underflows =            0.000000
   number of overflows  =            0.000000
        0.
        0.
        1.
        1.
        1.
        2.
        3.
        5.
        7.
        9.
       11.
       13.
       16.
       18.
       21.
       23.
       25.
       27.
       29.
       31.
       33.
       35.
       36.
       38.
       39.
       40.
       40.
       41.
       41.
       41.
       41.
       41.
       40.
       40.
       39.
       38.
       37.
       35.
       34.
       33.
       32.
       30.
       29.
       27.
       26.
       25.
       24.
       22.
       21.
       20.
       19.
       18.
       17.
       16.
       15.
       14.
       13.
       12.
       11.
       11.
       10.
        9.
        9.
        8.
        8.
        7.
        7.
        6.
        6.
        5.
        5.
        5.
        4.
        4.
        4.
        4.
        3.
        3.
        3.
        3.
        2.
        2.
        2.
        2.
        2.
        2.
        2.
        2.
        1.
        1.
        1.
        1.
        1.
        1.
        1.
        1.
        1.
        1.
        1.
        1.
        1.
        1.
        1.
        0.
        0.
        0.
        0.
        0.
        0.
        0.
        0.
        0.
        0.
        0.
        0.
        0.
        0.
        0.
        0.
        0.
        0.
        0.
        0.
        0.
        0.
        0.
        0.
        0.
        0.
        0.
        0.
        0.
        0.
        0.
        0.
        0.
        0.
        0.
        0.
        0.
        0.
        0.
        0.
        0.
        0.
        0.
        0.
        0.
        0.
        0.
   id                   =                3499
   layer                =                   3
   hits                 =                   4
   multiplicity         =                   9
   segment              =                   9
   nx                   =                 150
   xmi                  =            0.000000
   xma                  =           30.000000
   mean value           =            7.397429
   number of entries    =                 711
   number of underflows =            0.000000
   number of overflows  =            0.000000
        0.
        0.
        1.
        1.
        2.
        2.
        3.
        4.
        5.
        6.
        6.
        7.
        8.
        9.
       10.
       11.
       12.
       13.
       14.
       14.
       15.
       15.
       16.
       16.
       16.
       17.
       17.
       17.
       17.
       17.
       17.
       17.
       17.
       16.
       16.
       16.
       16.
       15.
       15.
       15.
       14.
       14.
       13.
       13.
       12.
       12.
       11.
       11.
       10.
       10.
        9.
        9.
        8.
        8.
        7.
        7.
        7.
        6.
        6.
        5.
        5.
        5.
        4.
        4.
        4.
        4.
        3.
        3.
        3.
        3.
        3.
        2.
        2.
        2.
        2.
        2.
        1.
        1.
        1.
        1.
        1.
        1.
        1.
        1.
        1.
        1.
        1.
        1.
        1.
        1.
        1.
        1.
        1.
        0.
        0.
        0.
        0.
        0.
        0.
        0.
        0.
        0.
        0.
        0.
        0.
        0.
        0.
        0.
        0.
        0.
        0.
        0.
        0.
        0.
        0.
        0.
        0.
        0.
        0.
        0.
        0.
        0.
        0.
        0.
        0.
        0.
        0.
        0.
        0.
        0.
        0.
        0.
        0.
        0.
        0.
        0.
        0.
        0.
        0.
        0.
        0.
        0.
        0.
        0.
        0.
        0.
        0.
        0.
        0.
        0.
