   id                   =                3199
   layer                =                   3
   hits                 =                   1
   multiplicity         =                   9
   segment              =                   9
   nx                   =                 150
   xmi                  =            0.000000
   xma                  =           30.000000
   mean value           =            5.730602
   number of entries    =                2137
   number of underflows =            0.000000
   number of overflows  =            0.000000
        0.
        0.
        1.
        1.
        2.
        3.
        4.
        6.
        9.
       12.
       16.
       21.
       27.
       33.
       39.
       45.
       52.
       58.
       64.
       70.
       75.
       80.
       84.
       87.
       89.
       90.
       89.
       87.
       84.
       80.
       76.
       71.
       66.
       61.
       57.
       52.
       48.
       43.
       39.
       35.
       32.
       28.
       25.
       22.
       19.
       16.
       14.
       12.
       11.
        9.
        8.
        7.
        7.
        6.
        6.
        5.
        5.
        4.
        4.
        4.
        4.
        3.
        3.
        3.
        2.
        2.
        2.
        2.
        2.
        1.
        1.
        1.
        1.
        1.
        1.
        1.
        1.
        1.
        1.
        1.
        1.
        0.
        0.
        0.
        0.
        0.
        0.
        0.
        0.
        0.
        0.
        0.
        0.
        0.
        0.
        0.
        0.
        0.
        0.
        0.
        0.
        0.
        0.
        0.
        0.
        0.
        0.
        0.
        0.
        0.
        0.
        0.
        0.
        0.
        0.
        0.
        0.
        0.
        0.
        0.
        0.
        0.
        0.
        0.
        0.
        0.
        0.
        0.
        0.
        0.
        0.
        0.
        0.
        0.
        0.
        0.
        0.
        0.
        0.
        0.
        0.
        0.
        0.
        0.
        0.
        0.
        0.
        0.
        0.
        0.
   id                   =                3299
   layer                =                   3
   hits                 =                   2
   multiplicity         =                   9
   segment              =                   9
   nx                   =                 150
   xmi                  =            0.000000
   xma                  =           30.000000
   mean value           =            6.067674
   number of entries    =                2902
   number of underflows =            0.000000
   number of overflows  =            0.000000
        0.
        0.
        1.
        1.
        3.
        5.
        8.
       12.
       17.
       22.
       27.
       33.
       39.
       45.
       52.
       58.
       65.
       72.
       78.
       84.
       90.
       96.
      101.
      105.
      107.
      109.
      109.
      107.
      105.
      101.
       96.
       91.
       86.
       80.
       74.
       69.
       63.
       58.
       53.
       49.
       45.
       41.
       37.
       34.
       31.
       28.
       25.
       23.
       21.
       19.
       17.
       16.
       14.
       13.
       12.
       11.
       10.
        9.
        8.
        8.
        7.
        6.
        6.
        6.
        5.
        5.
        5.
        4.
        4.
        4.
        4.
        3.
        3.
        3.
        3.
        3.
        3.
        2.
        2.
        2.
        2.
        2.
        2.
        2.
        2.
        1.
        1.
        1.
        1.
        1.
        1.
        1.
        1.
        1.
        1.
        1.
        1.
        1.
        1.
        1.
        1.
        1.
        0.
        0.
        0.
        0.
        0.
        0.
        0.
        0.
        0.
        0.
        0.
        0.
        0.
        0.
        0.
        0.
        0.
        0.
        0.
        0.
        0.
        0.
        0.
        0.
        0.
        0.
        0.
        0.
        0.
        0.
        0.
        0.
        0.
        0.
        0.
        0.
        0.
        0.
        0.
        0.
        0.
        0.
        0.
        0.
        0.
        0.
        0.
        0.
   id                   =                3399
   layer                =                   3
   hits                 =                   3
   multiplicity         =                   9
   segment              =                   9
   nx                   =                 150
   xmi                  =            0.000000
   xma                  =           30.000000
   mean value           =            6.201227
   number of entries    =                2120
   number of underflows =            0.000000
   number of overflows  =            0.000000
        1.
        1.
        2.
        2.
        4.
        6.
        9.
       13.
       18.
       23.
       27.
       32.
       36.
       40.
       44.
       48.
       52.
       55.
       58.
       61.
       63.
       65.
       66.
       66.
       66.
       65.
       64.
       63.
       61.
       59.
       57.
       55.
       53.
       51.
       48.
       46.
       43.
       41.
       39.
       37.
       34.
       32.
       30.
       28.
       26.
       24.
       22.
       21.
       19.
       18.
       16.
       15.
       14.
       13.
       12.
       11.
       10.
        9.
        8.
        8.
        7.
        7.
        6.
        6.
        6.
        5.
        5.
        5.
        4.
        4.
        4.
        4.
        3.
        3.
        3.
        3.
        2.
        2.
        2.
        2.
        2.
        2.
        2.
        1.
        1.
        1.
        1.
        1.
        1.
        1.
        1.
        1.
        1.
        1.
        1.
        1.
        1.
        1.
        1.
        1.
        0.
        0.
        0.
        0.
        0.
        0.
        0.
        0.
        0.
        0.
        0.
        0.
        0.
        0.
        0.
        0.
        0.
        0.
        0.
        0.
        0.
        0.
        0.
        0.
        0.
        0.
        0.
        0.
        0.
        0.
        0.
        0.
        0.
        0.
        0.
        0.
        0.
        0.
        0.
        0.
        0.
        0.
        0.
        0.
        0.
        0.
        0.
        0.
        0.
        0.
   id                   =                3499
   layer                =                   3
   hits                 =                   4
   multiplicity         =                   9
   segment              =                   9
   nx                   =                 150
   xmi                  =            0.000000
   xma                  =           30.000000
   mean value           =            5.904465
   number of entries    =                 672
   number of underflows =            0.000000
   number of overflows  =            0.000000
        1.
        2.
        2.
        3.
        3.
        4.
        5.
        6.
        7.
        8.
        9.
       11.
       12.
       14.
       15.
       16.
       17.
       19.
       19.
       20.
       21.
       21.
       21.
       21.
       21.
       21.
       20.
       20.
       19.
       18.
       18.
       17.
       16.
       15.
       14.
       13.
       13.
       12.
       11.
       10.
       10.
        9.
        8.
        8.
        7.
        7.
        6.
        6.
        5.
        5.
        4.
        4.
        4.
        4.
        3.
        3.
        3.
        3.
        3.
        2.
        2.
        2.
        2.
        2.
        2.
        2.
        2.
        1.
        1.
        1.
        1.
        1.
        1.
        1.
        1.
        1.
        1.
        1.
        1.
        1.
        1.
        0.
        0.
        0.
        0.
        0.
        0.
        0.
        0.
        0.
        0.
        0.
        0.
        0.
        0.
        0.
        0.
        0.
        0.
        0.
        0.
        0.
        0.
        0.
        0.
        0.
        0.
        0.
        0.
        0.
        0.
        0.
        0.
        0.
        0.
        0.
        0.
        0.
        0.
        0.
        0.
        0.
        0.
        0.
        0.
        0.
        0.
        0.
        0.
        0.
        0.
        0.
        0.
        0.
        0.
        0.
        0.
        0.
        0.
        0.
        0.
        0.
        0.
        0.
        0.
        0.
        0.
        0.
        0.
        0.
