  histo         200
 E1 PI 1cell                                                                     
           100  0.0000000E+00   15.00000            6127
  0.0000000E+00   61.00000       235.0000       470.0000       599.0000    
   673.0000       619.0000       518.0000       426.0000       337.0000    
   257.0000       222.0000       187.0000       145.0000       137.0000    
   131.0000       115.0000       104.0000       81.00000       72.00000    
   73.00000       50.00000       47.00000       52.00000       41.00000    
   37.00000       34.00000       27.00000       38.00000       21.00000    
   20.00000       21.00000       26.00000       20.00000       19.00000    
   20.00000       20.00000       6.000000       22.00000       8.000000    
   9.000000       7.000000       12.00000       8.000000       3.000000    
   5.000000       3.000000       4.000000       7.000000       2.000000    
   7.000000       5.000000       3.000000       4.000000       2.000000    
   2.000000       3.000000      0.0000000E+00   3.000000       3.000000    
   2.000000       4.000000       3.000000       1.000000       2.000000    
  0.0000000E+00  0.0000000E+00   1.000000       4.000000       1.000000    
   3.000000       1.000000      0.0000000E+00   1.000000      0.0000000E+00
   1.000000      0.0000000E+00  0.0000000E+00   2.000000       3.000000    
   2.000000       2.000000       1.000000      0.0000000E+00   1.000000    
   2.000000      0.0000000E+00   1.000000      0.0000000E+00   1.000000    
  0.0000000E+00  0.0000000E+00  0.0000000E+00   1.000000      0.0000000E+00
  0.0000000E+00  0.0000000E+00  0.0000000E+00  0.0000000E+00   4.000000    
  histo         300
 E2 PI 1cell                                                                     
           100  0.0000000E+00   15.00000            6181
  0.0000000E+00   27.00000       123.0000       294.0000       514.0000    
   676.0000       643.0000       580.0000       478.0000       400.0000    
   310.0000       257.0000       186.0000       157.0000       164.0000    
   128.0000       124.0000       120.0000       89.00000       82.00000    
   94.00000       64.00000       62.00000       54.00000       49.00000    
   41.00000       36.00000       34.00000       36.00000       20.00000    
   29.00000       26.00000       19.00000       16.00000       12.00000    
   25.00000       13.00000       13.00000       15.00000       20.00000    
   12.00000       8.000000       5.000000       6.000000       10.00000    
   7.000000       8.000000       10.00000       7.000000       4.000000    
   3.000000       8.000000       5.000000       3.000000       5.000000    
  0.0000000E+00   4.000000       6.000000       2.000000       1.000000    
   3.000000       2.000000       5.000000      0.0000000E+00   3.000000    
  0.0000000E+00  0.0000000E+00   1.000000       1.000000      0.0000000E+00
   2.000000      0.0000000E+00  0.0000000E+00  0.0000000E+00   2.000000    
  0.0000000E+00   1.000000       2.000000       1.000000       1.000000    
   3.000000      0.0000000E+00  0.0000000E+00   1.000000      0.0000000E+00
  0.0000000E+00   1.000000      0.0000000E+00   1.000000       1.000000    
  0.0000000E+00   1.000000      0.0000000E+00  0.0000000E+00  0.0000000E+00
  0.0000000E+00  0.0000000E+00  0.0000000E+00  0.0000000E+00   5.000000    
  histo         400
 E3 PI 1cell                                                                     
           100  0.0000000E+00   15.00000            8111
  0.0000000E+00   46.00000       237.0000       523.0000       827.0000    
   873.0000       764.0000       644.0000       505.0000       428.0000    
   383.0000       307.0000       257.0000       189.0000       198.0000    
   185.0000       160.0000       145.0000       120.0000       82.00000    
   81.00000       93.00000       76.00000       74.00000       61.00000    
   58.00000       59.00000       49.00000       43.00000       44.00000    
   43.00000       43.00000       28.00000       33.00000       31.00000    
   26.00000       14.00000       18.00000       25.00000       23.00000    
   23.00000       23.00000       22.00000       16.00000       15.00000    
   12.00000       11.00000       16.00000       13.00000       9.000000    
   8.000000       8.000000       9.000000       8.000000       14.00000    
   7.000000       5.000000       2.000000       4.000000       4.000000    
   3.000000       2.000000       1.000000       6.000000       3.000000    
   6.000000       4.000000       4.000000       1.000000       3.000000    
   1.000000       4.000000       3.000000       3.000000       5.000000    
   4.000000       2.000000       1.000000       1.000000       2.000000    
   2.000000      0.0000000E+00   2.000000      0.0000000E+00   1.000000    
   1.000000       1.000000      0.0000000E+00   3.000000      0.0000000E+00
   1.000000      0.0000000E+00  0.0000000E+00   1.000000       1.000000    
   1.000000       1.000000      0.0000000E+00  0.0000000E+00   13.00000    
  histo         205
 E1 PI 2cell                                                                     
           100  0.0000000E+00   15.00000            3346
  0.0000000E+00   65.00000       153.0000       207.0000       211.0000    
   198.0000       207.0000       186.0000       154.0000       164.0000    
   165.0000       151.0000       133.0000       113.0000       87.00000    
   62.00000       79.00000       71.00000       66.00000       55.00000    
   65.00000       59.00000       49.00000       49.00000       31.00000    
   39.00000       37.00000       30.00000       19.00000       24.00000    
   25.00000       23.00000       15.00000       23.00000       35.00000    
   13.00000       19.00000       14.00000       7.000000       14.00000    
   17.00000       10.00000       11.00000       15.00000       12.00000    
   6.000000       9.000000       8.000000       10.00000       7.000000    
   4.000000       6.000000       3.000000      0.0000000E+00   8.000000    
   4.000000       3.000000       7.000000       3.000000       2.000000    
   5.000000       2.000000       4.000000       2.000000       4.000000    
   2.000000       4.000000       3.000000       4.000000       3.000000    
   2.000000       2.000000       1.000000       2.000000       3.000000    
   2.000000       1.000000       3.000000       1.000000      0.0000000E+00
   3.000000       1.000000       1.000000       3.000000       1.000000    
  0.0000000E+00  0.0000000E+00  0.0000000E+00   1.000000       1.000000    
  0.0000000E+00   1.000000       1.000000       1.000000       1.000000    
  0.0000000E+00  0.0000000E+00  0.0000000E+00  0.0000000E+00   19.00000    
  histo         305
 E2 PI 2cell                                                                     
           100  0.0000000E+00   15.00000            3286
  0.0000000E+00   66.00000       131.0000       151.0000       191.0000    
   199.0000       179.0000       205.0000       165.0000       152.0000    
   144.0000       120.0000       109.0000       112.0000       92.00000    
   85.00000       72.00000       73.00000       79.00000       61.00000    
   62.00000       55.00000       62.00000       50.00000       48.00000    
   33.00000       44.00000       31.00000       44.00000       31.00000    
   22.00000       24.00000       17.00000       18.00000       23.00000    
   19.00000       19.00000       22.00000       18.00000       10.00000    
   14.00000       14.00000       9.000000       13.00000       7.000000    
   13.00000       10.00000       6.000000       12.00000       8.000000    
   9.000000       3.000000       12.00000       4.000000       5.000000    
   7.000000      0.0000000E+00   5.000000       8.000000       5.000000    
   2.000000       4.000000       4.000000       3.000000       6.000000    
   3.000000       3.000000      0.0000000E+00   6.000000       1.000000    
   4.000000       1.000000       2.000000       5.000000       3.000000    
   3.000000       4.000000       1.000000       2.000000       1.000000    
   2.000000       2.000000      0.0000000E+00  0.0000000E+00   2.000000    
   1.000000       2.000000       2.000000      0.0000000E+00  0.0000000E+00
   1.000000       1.000000      0.0000000E+00  0.0000000E+00   1.000000    
   1.000000      0.0000000E+00   1.000000      0.0000000E+00   10.00000    
  histo         405
 E3 PI 2cell                                                                     
           100  0.0000000E+00   15.00000            1402
  0.0000000E+00   15.00000       42.00000       72.00000       105.0000    
   102.0000       91.00000       71.00000       69.00000       54.00000    
   74.00000       37.00000       61.00000       34.00000       50.00000    
   33.00000       30.00000       24.00000       23.00000       28.00000    
   22.00000       22.00000       25.00000       23.00000       17.00000    
   17.00000       27.00000       11.00000       12.00000       17.00000    
   13.00000       18.00000       16.00000       11.00000       8.000000    
   7.000000       4.000000       5.000000       9.000000       3.000000    
   7.000000       3.000000       4.000000       7.000000       6.000000    
   3.000000       5.000000       2.000000       4.000000       2.000000    
  0.0000000E+00   3.000000       5.000000       4.000000       5.000000    
   2.000000      0.0000000E+00   2.000000       1.000000       2.000000    
   3.000000      0.0000000E+00   1.000000       2.000000      0.0000000E+00
  0.0000000E+00   2.000000       2.000000      0.0000000E+00   1.000000    
  0.0000000E+00   1.000000      0.0000000E+00   3.000000      0.0000000E+00
  0.0000000E+00  0.0000000E+00  0.0000000E+00   1.000000       1.000000    
   1.000000      0.0000000E+00   2.000000      0.0000000E+00  0.0000000E+00
  0.0000000E+00  0.0000000E+00  0.0000000E+00   2.000000       1.000000    
  0.0000000E+00  0.0000000E+00  0.0000000E+00  0.0000000E+00  0.0000000E+00
  0.0000000E+00  0.0000000E+00   1.000000      0.0000000E+00   9.000000    
  histo         100
 dE/dx PI                                                                        
           100  0.0000000E+00   4.000000            9530
   61.00000       3.000000       17.00000       26.00000       20.00000    
   33.00000       34.00000       26.00000       38.00000       60.00000    
   165.0000       291.0000       486.0000       712.0000       881.0000    
   880.0000       903.0000       733.0000       655.0000       512.0000    
   408.0000       306.0000       307.0000       215.0000       201.0000    
   151.0000       125.0000       122.0000       87.00000       79.00000    
   69.00000       54.00000       48.00000       45.00000       30.00000    
   30.00000       30.00000       32.00000       31.00000       25.00000    
   34.00000       25.00000       29.00000       15.00000       21.00000    
   23.00000       11.00000       21.00000       8.000000       12.00000    
   8.000000       10.00000       15.00000       9.000000       7.000000    
   13.00000       9.000000       12.00000       6.000000       7.000000    
   6.000000       4.000000       3.000000       10.00000       6.000000    
   6.000000       11.00000       8.000000       4.000000       7.000000    
   5.000000       6.000000       4.000000       9.000000       4.000000    
   2.000000       4.000000       3.000000       5.000000       4.000000    
   3.000000      0.0000000E+00   5.000000       9.000000       4.000000    
   4.000000       6.000000       6.000000       5.000000       5.000000    
   2.000000       3.000000       3.000000       2.000000      0.0000000E+00
   6.000000       2.000000       2.000000       2.000000       3.000000    
  histo         120
 E1 EL 1cell                                                                     
           100  0.0000000E+00   15.00000            4611
  0.0000000E+00   2.000000       13.00000       15.00000       44.00000    
   55.00000       63.00000       85.00000       98.00000       109.0000    
   129.0000       153.0000       130.0000       133.0000       156.0000    
   170.0000       163.0000       158.0000       151.0000       128.0000    
   161.0000       146.0000       158.0000       143.0000       148.0000    
   140.0000       135.0000       128.0000       110.0000       114.0000    
   107.0000       92.00000       86.00000       69.00000       74.00000    
   71.00000       54.00000       56.00000       48.00000       47.00000    
   38.00000       37.00000       33.00000       35.00000       43.00000    
   24.00000       23.00000       16.00000       25.00000       16.00000    
   21.00000       23.00000       22.00000       17.00000       11.00000    
   23.00000       13.00000       13.00000       11.00000       10.00000    
   8.000000       7.000000       8.000000       8.000000       6.000000    
   5.000000       8.000000       4.000000       4.000000       6.000000    
   1.000000       1.000000       4.000000       1.000000       2.000000    
  0.0000000E+00   2.000000       5.000000      0.0000000E+00   3.000000    
   2.000000       3.000000       1.000000      0.0000000E+00   2.000000    
   1.000000       1.000000      0.0000000E+00   2.000000       2.000000    
  0.0000000E+00  0.0000000E+00   1.000000      0.0000000E+00   3.000000    
  0.0000000E+00  0.0000000E+00  0.0000000E+00  0.0000000E+00   14.00000    
  histo         130
 E2 EL 1cell                                                                     
           100  0.0000000E+00   15.00000            4598
  0.0000000E+00   3.000000       9.000000       11.00000       20.00000    
   39.00000       55.00000       56.00000       71.00000       74.00000    
   99.00000       96.00000       115.0000       144.0000       129.0000    
   164.0000       168.0000       156.0000       186.0000       152.0000    
   173.0000       141.0000       154.0000       141.0000       132.0000    
   136.0000       138.0000       117.0000       123.0000       124.0000    
   125.0000       94.00000       104.0000       99.00000       93.00000    
   51.00000       79.00000       58.00000       55.00000       54.00000    
   43.00000       44.00000       40.00000       45.00000       47.00000    
   29.00000       36.00000       37.00000       20.00000       21.00000    
   25.00000       20.00000       13.00000       18.00000       16.00000    
   16.00000       15.00000       14.00000       14.00000       8.000000    
   13.00000       7.000000       9.000000       12.00000       12.00000    
   7.000000       5.000000       6.000000       3.000000       4.000000    
   6.000000       4.000000       3.000000       4.000000       1.000000    
   4.000000       2.000000       4.000000       1.000000      0.0000000E+00
   6.000000       2.000000      0.0000000E+00   1.000000       2.000000    
   2.000000       1.000000      0.0000000E+00  0.0000000E+00  0.0000000E+00
   2.000000       2.000000       2.000000      0.0000000E+00  0.0000000E+00
  0.0000000E+00  0.0000000E+00   1.000000       1.000000       10.00000    
  histo         140
 E3 EL 1cell                                                                     
           100  0.0000000E+00   15.00000            6825
  0.0000000E+00  0.0000000E+00   7.000000       27.00000       32.00000    
   71.00000       78.00000       83.00000       100.0000       118.0000    
   142.0000       150.0000       174.0000       190.0000       198.0000    
   204.0000       209.0000       217.0000       194.0000       227.0000    
   211.0000       220.0000       208.0000       199.0000       221.0000    
   198.0000       166.0000       159.0000       169.0000       169.0000    
   127.0000       132.0000       115.0000       117.0000       113.0000    
   116.0000       88.00000       92.00000       108.0000       93.00000    
   69.00000       73.00000       65.00000       63.00000       63.00000    
   62.00000       52.00000       54.00000       49.00000       54.00000    
   47.00000       48.00000       37.00000       38.00000       34.00000    
   37.00000       28.00000       25.00000       25.00000       23.00000    
   22.00000       25.00000       22.00000       21.00000       16.00000    
   18.00000       14.00000       21.00000       15.00000       13.00000    
   8.000000       20.00000       10.00000       12.00000       11.00000    
   6.000000       10.00000       8.000000       5.000000       13.00000    
   8.000000       7.000000       7.000000       6.000000       6.000000    
   1.000000       6.000000       7.000000       7.000000       4.000000    
   4.000000       3.000000       2.000000       1.000000       3.000000    
   3.000000       2.000000       4.000000       1.000000       65.00000    
  histo         125
 E1 EL 2cell                                                                     
           100  0.0000000E+00   15.00000            4058
  0.0000000E+00   25.00000       75.00000       69.00000       66.00000    
   66.00000       66.00000       76.00000       95.00000       86.00000    
   79.00000       89.00000       76.00000       107.0000       132.0000    
   119.0000       115.0000       109.0000       106.0000       102.0000    
   104.0000       121.0000       87.00000       121.0000       97.00000    
   101.0000       88.00000       84.00000       80.00000       67.00000    
   63.00000       81.00000       75.00000       71.00000       76.00000    
   55.00000       63.00000       57.00000       42.00000       56.00000    
   45.00000       34.00000       51.00000       35.00000       23.00000    
   42.00000       33.00000       29.00000       27.00000       19.00000    
   29.00000       26.00000       18.00000       18.00000       21.00000    
   26.00000       16.00000       12.00000       21.00000       20.00000    
   9.000000       13.00000       9.000000       9.000000       11.00000    
   16.00000       6.000000       8.000000       8.000000       9.000000    
   10.00000       10.00000       10.00000       6.000000       7.000000    
   8.000000      0.0000000E+00   9.000000       5.000000       4.000000    
   4.000000       11.00000       4.000000       1.000000       4.000000    
   5.000000       5.000000       2.000000       5.000000       3.000000    
   3.000000       3.000000       2.000000       1.000000       3.000000    
  0.0000000E+00   1.000000       3.000000       1.000000       38.00000    
  histo         135
 E2 EL 2cell                                                                     
           100  0.0000000E+00   15.00000            4061
  0.0000000E+00   31.00000       41.00000       44.00000       39.00000    
   52.00000       57.00000       52.00000       72.00000       64.00000    
   86.00000       77.00000       77.00000       75.00000       76.00000    
   101.0000       82.00000       91.00000       112.0000       106.0000    
   112.0000       115.0000       117.0000       131.0000       118.0000    
   109.0000       80.00000       93.00000       95.00000       77.00000    
   77.00000       80.00000       82.00000       89.00000       80.00000    
   63.00000       68.00000       74.00000       59.00000       63.00000    
   45.00000       44.00000       40.00000       51.00000       45.00000    
   38.00000       34.00000       32.00000       27.00000       41.00000    
   38.00000       29.00000       27.00000       20.00000       30.00000    
   24.00000       20.00000       17.00000       21.00000       12.00000    
   12.00000       26.00000       11.00000       16.00000       15.00000    
   18.00000       9.000000       14.00000       7.000000       9.000000    
   9.000000       9.000000       10.00000       10.00000       6.000000    
   8.000000       7.000000       7.000000       6.000000       2.000000    
   6.000000       7.000000       10.00000       4.000000       3.000000    
   3.000000       5.000000       7.000000       1.000000       2.000000    
   3.000000       4.000000       1.000000       3.000000       1.000000    
   1.000000       2.000000       3.000000       1.000000       31.00000    
  histo         145
 E3 EL 2cell                                                                     
           100  0.0000000E+00   15.00000            1847
  0.0000000E+00   2.000000       17.00000       18.00000       18.00000    
   30.00000       24.00000       21.00000       28.00000       38.00000    
   32.00000       41.00000       53.00000       45.00000       52.00000    
   54.00000       55.00000       48.00000       51.00000       45.00000    
   41.00000       48.00000       54.00000       52.00000       47.00000    
   40.00000       51.00000       41.00000       39.00000       46.00000    
   33.00000       28.00000       29.00000       36.00000       28.00000    
   36.00000       29.00000       22.00000       24.00000       24.00000    
   23.00000       14.00000       23.00000       27.00000       22.00000    
   18.00000       13.00000       12.00000       9.000000       17.00000    
   12.00000       10.00000       9.000000       10.00000       13.00000    
   8.000000       8.000000       11.00000       3.000000       7.000000    
   6.000000       4.000000       6.000000       8.000000       6.000000    
   8.000000       6.000000       9.000000       3.000000       4.000000    
   4.000000       6.000000       2.000000       2.000000       3.000000    
   5.000000       9.000000       6.000000       1.000000       2.000000    
   1.000000       3.000000       5.000000       2.000000       3.000000    
  0.0000000E+00   2.000000       1.000000       2.000000       1.000000    
   4.000000       2.000000       1.000000       1.000000       3.000000    
   2.000000       2.000000       1.000000      0.0000000E+00   22.00000    
  histo         110
 dE/dx EL                                                                        
           100  0.0000000E+00   4.000000            8672
   39.00000      0.0000000E+00  0.0000000E+00  0.0000000E+00  0.0000000E+00
   1.000000      0.0000000E+00  0.0000000E+00  0.0000000E+00   1.000000    
   6.000000       7.000000       16.00000       48.00000       79.00000    
   116.0000       201.0000       347.0000       489.0000       571.0000    
   639.0000       687.0000       706.0000       618.0000       619.0000    
   487.0000       436.0000       346.0000       263.0000       208.0000    
   178.0000       119.0000       93.00000       83.00000       62.00000    
   49.00000       42.00000       30.00000       26.00000       24.00000    
   26.00000       29.00000       16.00000       19.00000       29.00000    
   13.00000       21.00000       24.00000       18.00000       14.00000    
   23.00000       16.00000       17.00000       29.00000       17.00000    
   16.00000       21.00000       15.00000       10.00000       19.00000    
   13.00000       22.00000       18.00000       13.00000       12.00000    
   15.00000       14.00000       13.00000       10.00000       14.00000    
   15.00000       13.00000       4.000000       14.00000       10.00000    
   13.00000       14.00000       15.00000       19.00000       12.00000    
   22.00000       15.00000       16.00000       20.00000       18.00000    
   11.00000       15.00000       12.00000       16.00000       13.00000    
   10.00000       9.000000       12.00000       12.00000       5.000000    
   9.000000       17.00000       9.000000       4.000000       8.000000    
  histo           3 
 integrated L e (1,1,1)                                                          
           400  -10.00000       10.00000             400
  0.0000000E+00  4.1254127E-04  4.1254127E-04  4.1254127E-04  4.1254127E-04
  4.1254127E-04  4.1254127E-04  4.1254127E-04  4.1254127E-04  4.1254127E-04
  4.1254127E-04  8.2508253E-04  8.2508253E-04  8.2508253E-04  8.2508253E-04
  8.2508253E-04  8.2508253E-04  8.2508253E-04  8.2508253E-04  8.2508253E-04
  8.2508253E-04  8.2508253E-04  1.2376239E-03  1.2376239E-03  1.2376239E-03
  1.2376239E-03  1.2376239E-03  1.2376239E-03  1.2376239E-03  1.2376239E-03
  1.2376239E-03  1.2376239E-03  1.2376239E-03  1.2376239E-03  1.2376239E-03
  1.2376239E-03  1.6501652E-03  1.6501652E-03  1.6501652E-03  1.6501652E-03
  2.0627065E-03  2.0627065E-03  2.4752477E-03  2.4752477E-03  2.4752477E-03
  2.4752477E-03  2.4752477E-03  2.4752477E-03  2.4752477E-03  2.4752477E-03
  2.4752477E-03  2.8877889E-03  3.3003301E-03  3.7128713E-03  4.1254126E-03
  4.9504950E-03  4.9504950E-03  5.3630364E-03  5.3630364E-03  5.3630364E-03
  5.3630364E-03  5.3630364E-03  5.3630364E-03  5.3630364E-03  5.3630364E-03
  5.3630364E-03  5.3630364E-03  5.3630364E-03  5.3630364E-03  5.3630364E-03
  5.3630364E-03  5.7755779E-03  5.7755779E-03  5.7755779E-03  5.7755779E-03
  5.7755779E-03  5.7755779E-03  5.7755779E-03  5.7755779E-03  5.7755779E-03
  5.7755779E-03  5.7755779E-03  6.1881193E-03  6.6006607E-03  6.6006607E-03
  6.6006607E-03  6.6006607E-03  6.6006607E-03  6.6006607E-03  6.6006607E-03
  6.6006607E-03  6.6006607E-03  6.6006607E-03  6.6006607E-03  6.6006607E-03
  6.6006607E-03  7.0132022E-03  7.0132022E-03  7.4257436E-03  7.8382846E-03
  7.8382846E-03  8.2508260E-03  8.6633675E-03  8.6633675E-03  8.6633675E-03
  9.0759089E-03  9.0759089E-03  9.9009918E-03  9.9009918E-03  9.9009918E-03
  9.9009918E-03  9.9009918E-03  9.9009918E-03  9.9009918E-03  1.0313533E-02
  1.0726075E-02  1.0726075E-02  1.1138616E-02  1.1551158E-02  1.1551158E-02
  1.1551158E-02  1.1551158E-02  1.1551158E-02  1.1551158E-02  1.1551158E-02
  1.2376240E-02  1.2376240E-02  1.3613864E-02  1.3613864E-02  1.4026405E-02
  1.4026405E-02  1.4026405E-02  1.4026405E-02  1.4851488E-02  1.6089112E-02
  1.6501652E-02  1.6914193E-02  1.6914193E-02  1.7326733E-02  1.7739274E-02
  1.8976897E-02  1.9801980E-02  1.9801980E-02  2.0214520E-02  2.0627061E-02
  2.1039601E-02  2.1039601E-02  2.1864684E-02  2.2689767E-02  2.4339933E-02
  2.5165016E-02  2.5165016E-02  2.5165016E-02  2.5165016E-02  2.5165016E-02
  2.5577556E-02  2.5577556E-02  2.6815180E-02  2.7227720E-02  2.7640261E-02
  2.8877884E-02  2.9290425E-02  2.9702965E-02  3.0940589E-02  3.1353131E-02
  3.1353131E-02  3.1353131E-02  3.1765673E-02  3.3003297E-02  3.3003297E-02
  3.3415839E-02  3.3828381E-02  3.5066005E-02  3.6303628E-02  4.0016498E-02
  4.0841579E-02  4.1254122E-02  4.2491745E-02  4.3316826E-02  4.5379534E-02
  4.7029700E-02  4.8267324E-02  4.9092405E-02  5.0742570E-02  5.1980194E-02
  5.2392736E-02  5.4867983E-02  5.6105606E-02  5.7343230E-02  5.8580853E-02
  6.0643561E-02  6.2706269E-02  6.3531354E-02  6.4356439E-02  6.6419147E-02
  6.9719478E-02  7.0544563E-02  7.3844895E-02  7.6320142E-02  7.9620473E-02
  8.2508259E-02  8.4983505E-02  8.6633667E-02  8.9521453E-02  9.1584161E-02
  9.5709577E-02  9.9422447E-02  0.1014852      0.1060231      0.1097360    
  0.1134489      0.1175743      0.1204621      0.1237624      0.1274753    
  0.1299505      0.1324258      0.1361386      0.1402640      0.1431518    
  0.1468647      0.1497525      0.1514027      0.1551155      0.1584159    
  0.1617162      0.1658416      0.1695545      0.1745050      0.1794555    
  0.1856436      0.1910066      0.1980198      0.2025578      0.2079208    
  0.2145215      0.2227723      0.2281353      0.2322608      0.2367987    
  0.2417492      0.2466997      0.2528878      0.2594885      0.2660891    
  0.2702145      0.2784654      0.2842409      0.2891914      0.2962046    
  0.3007426      0.3085808      0.3151815      0.3205445      0.3275577    
  0.3308581      0.3386964      0.3469472      0.3551980      0.3638614    
  0.3741749      0.3820132      0.3906766      0.3989274      0.4092409    
  0.4174918      0.4249175      0.4352311      0.4447195      0.4550331    
  0.4645215      0.4744225      0.4834984      0.4921618      0.5008252    
  0.5107262      0.5214522      0.5284654      0.5375413      0.5478548    
  0.5569307      0.5664192      0.5763202      0.5866337      0.6006601    
  0.6101485      0.6179869      0.6283004      0.6386139      0.6468647    
  0.6551155      0.6629539      0.6740925      0.6897690      0.6992575    
  0.7120463      0.7235974      0.7339109      0.7438119      0.7524753    
  0.7594885      0.7714522      0.7825908      0.7924918      0.7978548    
  0.8052806      0.8151816      0.8230199      0.8312707      0.8432344    
  0.8535479      0.8609737      0.8683994      0.8754126      0.8832509    
  0.8915017      0.8981024      0.9047031      0.9104787      0.9195545    
  0.9273928      0.9339935      0.9393566      0.9438945      0.9496701    
  0.9533830      0.9570959      0.9620464      0.9649342      0.9686471    
  0.9711223      0.9740101      0.9760728      0.9785480      0.9810233    
  0.9818484      0.9843237      0.9851488      0.9855613      0.9880366    
  0.9884491      0.9900993      0.9900993      0.9917494      0.9917494    
  0.9925745      0.9942247      0.9946372      0.9958748      0.9958748    
  0.9958748      0.9958748      0.9962873      0.9971125      0.9971125    
  0.9971125      0.9975250      0.9975250      0.9975250      0.9975250    
  0.9975250      0.9979375      0.9979375      0.9979375      0.9979375    
  0.9983500      0.9983500      0.9991751      0.9991751      0.9991751    
  0.9991751      0.9991751      0.9991751      0.9991751      0.9991751    
  0.9991751      0.9995877      0.9995877      0.9995877      0.9995877    
  0.9995877      0.9995877      0.9995877      0.9995877      0.9995877    
  0.9995877      0.9995877      0.9995877      0.9995877      0.9995877    
  0.9995877      0.9995877      0.9995877      0.9995877      0.9995877    
  0.9995877      0.9995877      0.9995877      0.9995877      0.9995877    
  histo           4 
 integrated L e (2,1,1)                                                          
           400  -10.00000       10.00000             400
  0.0000000E+00  0.0000000E+00  0.0000000E+00  0.0000000E+00  0.0000000E+00
  0.0000000E+00  0.0000000E+00  0.0000000E+00  0.0000000E+00  0.0000000E+00
  0.0000000E+00  0.0000000E+00  3.0978935E-04  3.0978935E-04  3.0978935E-04
  3.0978935E-04  3.0978935E-04  3.0978935E-04  3.0978935E-04  3.0978935E-04
  3.0978935E-04  3.0978935E-04  3.0978935E-04  3.0978935E-04  3.0978935E-04
  3.0978935E-04  3.0978935E-04  3.0978935E-04  3.0978935E-04  3.0978935E-04
  3.0978935E-04  6.1957870E-04  6.1957870E-04  6.1957870E-04  6.1957870E-04
  6.1957870E-04  6.1957870E-04  6.1957870E-04  6.1957870E-04  6.1957870E-04
  6.1957870E-04  6.1957870E-04  9.2936808E-04  9.2936808E-04  9.2936808E-04
  9.2936808E-04  9.2936808E-04  1.2391574E-03  1.2391574E-03  1.2391574E-03
  1.2391574E-03  1.2391574E-03  1.2391574E-03  1.2391574E-03  1.2391574E-03
  1.2391574E-03  1.2391574E-03  1.2391574E-03  1.2391574E-03  1.2391574E-03
  1.2391574E-03  1.2391574E-03  1.5489467E-03  1.5489467E-03  1.5489467E-03
  1.5489467E-03  1.5489467E-03  1.5489467E-03  1.5489467E-03  1.5489467E-03
  1.5489467E-03  1.5489467E-03  1.8587360E-03  1.8587360E-03  1.8587360E-03
  1.8587360E-03  1.8587360E-03  1.8587360E-03  1.8587360E-03  1.8587360E-03
  1.8587360E-03  1.8587360E-03  1.8587360E-03  1.8587360E-03  1.8587360E-03
  1.8587360E-03  1.8587360E-03  1.8587360E-03  2.1685255E-03  2.1685255E-03
  2.4783148E-03  2.4783148E-03  2.7881041E-03  2.7881041E-03  3.4076828E-03
  3.4076828E-03  3.7174721E-03  3.7174721E-03  3.7174721E-03  3.7174721E-03
  3.7174721E-03  3.7174721E-03  3.7174721E-03  4.0272614E-03  4.3370510E-03
  4.3370510E-03  4.3370510E-03  4.6468405E-03  4.9566301E-03  5.2664196E-03
  5.2664196E-03  5.2664196E-03  5.2664196E-03  5.2664196E-03  5.2664196E-03
  5.8859983E-03  6.5055769E-03  6.5055769E-03  6.5055769E-03  6.5055769E-03
  7.4349451E-03  7.7447346E-03  8.3643133E-03  8.3643133E-03  8.3643133E-03
  8.6741028E-03  8.9838924E-03  9.2936819E-03  9.9132610E-03  1.0223051E-02
  1.0532840E-02  1.0842630E-02  1.1152419E-02  1.2081787E-02  1.2081787E-02
  1.3011155E-02  1.3320944E-02  1.3940523E-02  1.4250313E-02  1.5179681E-02
  1.5799260E-02  1.6109049E-02  1.7348208E-02  1.7657997E-02  1.7967787E-02
  1.8277576E-02  1.8587366E-02  1.8587366E-02  1.9516734E-02  2.0446103E-02
  2.0446103E-02  2.0446103E-02  2.1065682E-02  2.1995051E-02  2.2614630E-02
  2.3853788E-02  2.5092946E-02  2.5402736E-02  2.6332105E-02  2.7261473E-02
  2.7881052E-02  2.8810421E-02  2.9120211E-02  3.0978946E-02  3.1908315E-02
  3.2527894E-02  3.3457261E-02  3.3767048E-02  3.5315994E-02  3.5935573E-02
  3.7484519E-02  3.8413886E-02  3.9962832E-02  4.1511778E-02  4.3680303E-02
  4.4609670E-02  4.5848828E-02  4.5848828E-02  4.6778195E-02  4.7707561E-02
  4.8636928E-02  4.9876086E-02  5.2973978E-02  5.4832716E-02  5.6071874E-02
  5.8550190E-02  6.1648082E-02  6.5055765E-02  6.6604711E-02  6.9702603E-02
  7.2490707E-02  7.5278811E-02  7.6517969E-02  8.0235444E-02  8.2403973E-02
  8.3952919E-02  8.6431235E-02  8.9529127E-02  9.2317231E-02  9.5415123E-02
  9.9132597E-02  0.1016109      0.1034696      0.1056382      0.1074969    
  0.1105948      0.1140025      0.1167906      0.1201983      0.1242255    
  0.1288724      0.1316605      0.1353779      0.1394052      0.1428129    
  0.1468402      0.1521066      0.1567534      0.1638786      0.1679058    
  0.1737918      0.1765799      0.1809170      0.1864932      0.1905205    
  0.1939282      0.2001239      0.2044610      0.2118959      0.2165428    
  0.2208798      0.2276952      0.2351301      0.2425651      0.2469022    
  0.2527882      0.2592937      0.2679678      0.2726147      0.2791203    
  0.2890335      0.2977076      0.3057622      0.3119580      0.3181537    
  0.3243495      0.3289964      0.3345726      0.3423173      0.3513012    
  0.3615243      0.3711277      0.3776333      0.3847585      0.3928130    
  0.4014871      0.4086123      0.4141885      0.4247213      0.4380423    
  0.4473360      0.4578688      0.4687114      0.4773855      0.4860596    
  0.4996904      0.5068155      0.5154896      0.5260224      0.5343868    
  0.5436804      0.5570014      0.5666048      0.5786866      0.5904586    
  0.6047089      0.6183397      0.6310410      0.6428130      0.6524165    
  0.6638787      0.6802975      0.6895912      0.6995044      0.7072492    
  0.7177820      0.7276953      0.7376086      0.7503099      0.7611526    
  0.7716854      0.7791204      0.7884141      0.7980175      0.8079308    
  0.8187734      0.8277573      0.8358118      0.8438663      0.8519208    
  0.8565676      0.8655515      0.8732963      0.8794920      0.8841389    
  0.8912640      0.8974598      0.9048948      0.9114003      0.9185255    
  0.9225527      0.9290583      0.9337051      0.9386617      0.9429988    
  0.9495043      0.9541512      0.9587980      0.9631351      0.9662330    
  0.9693308      0.9727385      0.9745972      0.9767658      0.9789343    
  0.9801735      0.9814126      0.9832714      0.9842007      0.9866790    
  0.9879182      0.9888476      0.9907063      0.9928748      0.9934944    
  0.9944237      0.9944237      0.9956629      0.9959727      0.9965923    
  0.9965923      0.9969020      0.9972118      0.9972118      0.9975216    
  0.9978313      0.9978313      0.9981411      0.9984509      0.9984509    
  0.9987606      0.9987606      0.9990704      0.9990704      0.9990704    
  0.9990704      0.9990704      0.9990704      0.9993802      0.9993802    
  0.9993802      0.9993802      0.9993802      0.9996899      0.9996899    
  0.9996899      0.9996899      0.9996899      0.9996899      0.9996899    
  0.9996899      0.9996899      0.9996899      0.9999997      0.9999997    
  0.9999997      0.9999997      0.9999997      0.9999997      0.9999997    
  0.9999997      0.9999997      0.9999997      0.9999997      0.9999997    
  0.9999997      0.9999997      0.9999997      0.9999997      0.9999997    
  0.9999997      0.9999997      0.9999997      0.9999997      0.9999997    
  0.9999997      0.9999997      0.9999997      0.9999997      0.9999997    
  histo           5 
 integrated L e (2,2,1)                                                          
           400  -10.00000       10.00000             400
  0.0000000E+00  0.0000000E+00  0.0000000E+00  0.0000000E+00  0.0000000E+00
  0.0000000E+00  0.0000000E+00  0.0000000E+00  0.0000000E+00  0.0000000E+00
  0.0000000E+00  0.0000000E+00  0.0000000E+00  0.0000000E+00  0.0000000E+00
  0.0000000E+00  0.0000000E+00  0.0000000E+00  0.0000000E+00  0.0000000E+00
  0.0000000E+00  0.0000000E+00  0.0000000E+00  0.0000000E+00  0.0000000E+00
  0.0000000E+00  0.0000000E+00  0.0000000E+00  0.0000000E+00  0.0000000E+00
  0.0000000E+00  0.0000000E+00  0.0000000E+00  0.0000000E+00  0.0000000E+00
  0.0000000E+00  0.0000000E+00  0.0000000E+00  0.0000000E+00  0.0000000E+00
  4.3554007E-04  4.3554007E-04  4.3554007E-04  4.3554007E-04  4.3554007E-04
  4.3554007E-04  4.3554007E-04  4.3554007E-04  4.3554007E-04  4.3554007E-04
  4.3554007E-04  4.3554007E-04  4.3554007E-04  4.3554007E-04  4.3554007E-04
  4.3554007E-04  4.3554007E-04  4.3554007E-04  4.3554007E-04  8.7108015E-04
  8.7108015E-04  1.3066202E-03  1.3066202E-03  1.3066202E-03  1.3066202E-03
  1.3066202E-03  1.3066202E-03  1.7421603E-03  1.7421603E-03  1.7421603E-03
  1.7421603E-03  1.7421603E-03  1.7421603E-03  1.7421603E-03  1.7421603E-03
  1.7421603E-03  1.7421603E-03  1.7421603E-03  1.7421603E-03  1.7421603E-03
  1.7421603E-03  1.7421603E-03  2.1777004E-03  2.1777004E-03  2.6132404E-03
  2.6132404E-03  3.0487804E-03  3.0487804E-03  3.0487804E-03  3.0487804E-03
  3.0487804E-03  3.0487804E-03  3.0487804E-03  3.0487804E-03  3.0487804E-03
  3.0487804E-03  3.0487804E-03  3.0487804E-03  3.9198603E-03  3.9198603E-03
  3.9198603E-03  3.9198603E-03  3.9198603E-03  3.9198603E-03  3.9198603E-03
  3.9198603E-03  3.9198603E-03  3.9198603E-03  4.3554003E-03  4.3554003E-03
  4.7909403E-03  5.2264803E-03  5.2264803E-03  5.2264803E-03  5.2264803E-03
  5.2264803E-03  5.2264803E-03  5.2264803E-03  5.2264803E-03  5.2264803E-03
  5.2264803E-03  6.0975603E-03  6.5331003E-03  6.5331003E-03  6.5331003E-03
  6.9686403E-03  7.4041802E-03  8.2752602E-03  8.2752602E-03  8.7108007E-03
  9.1463411E-03  9.1463411E-03  1.0017421E-02  1.0888501E-02  1.0888501E-02
  1.0888501E-02  1.1759581E-02  1.2195121E-02  1.2630662E-02  1.3937282E-02
  1.4372823E-02  1.5243903E-02  1.5243903E-02  1.6114984E-02  1.6550524E-02
  1.7421605E-02  1.7421605E-02  1.7857146E-02  1.7857146E-02  1.9599305E-02
  2.1777006E-02  2.3954706E-02  2.4390247E-02  2.5696866E-02  2.6132407E-02
  2.6132407E-02  2.8310107E-02  3.0487807E-02  3.0923348E-02  3.1358887E-02
  3.2665506E-02  3.4407668E-02  3.5278749E-02  3.6585368E-02  3.7891988E-02
  3.9198607E-02  4.0505227E-02  4.1811846E-02  4.1811846E-02  4.3118466E-02
  4.4860628E-02  4.6167247E-02  4.9651567E-02  5.2264806E-02  5.4442506E-02
  5.6620207E-02  5.7055745E-02  5.9668984E-02  6.1846685E-02  6.3153304E-02
  6.5331005E-02  6.9250867E-02  7.0557490E-02  7.2735190E-02  7.5783968E-02
  7.9703830E-02  8.0139369E-02  8.4494770E-02  8.8414632E-02  9.2334494E-02
  9.5818818E-02  9.9738680E-02  0.1045296      0.1062718      0.1093206    
  0.1119338      0.1149826      0.1223868      0.1258711      0.1289199    
  0.1319686      0.1376307      0.1398084      0.1463415      0.1498258    
  0.1537456      0.1589721      0.1624564      0.1668118      0.1716028    
  0.1763937      0.1824913      0.1881533      0.1946864      0.1986063    
  0.2012195      0.2060105      0.2108014      0.2164634      0.2243032    
  0.2290941      0.2343206      0.2452091      0.2500000      0.2547910    
  0.2621951      0.2678572      0.2748258      0.2826655      0.2874565    
  0.2944251      0.3009582      0.3096690      0.3196864      0.3310105    
  0.3362370      0.3506098      0.3588851      0.3680314      0.3793555    
  0.3871952      0.3950349      0.4020035      0.4115854      0.4229095    
  0.4333624      0.4425088      0.4507840      0.4590593      0.4677701    
  0.4817074      0.4925959      0.5021778      0.5117596      0.5226482    
  0.5296168      0.5396342      0.5513937      0.5614111      0.5696864    
  0.5766550      0.5888501      0.6001742      0.6110627      0.6189024    
  0.6263067      0.6380662      0.6472126      0.6554878      0.6663764    
  0.6794426      0.6912022      0.6999130      0.7099304      0.7177701    
  0.7317074      0.7447736      0.7574043      0.7656795      0.7787458    
  0.7900698      0.8018294      0.8096691      0.8205577      0.8279619    
  0.8362371      0.8432057      0.8484322      0.8558365      0.8684671    
  0.8771779      0.8854532      0.8911152      0.8959062      0.9037459    
  0.9094079      0.9159410      0.9229096      0.9263939      0.9303138    
  0.9351047      0.9429445      0.9464288      0.9529619      0.9551396    
  0.9564462      0.9573172      0.9612371      0.9634148      0.9668991    
  0.9677702      0.9690768      0.9703833      0.9712544      0.9734321    
  0.9756098      0.9786586      0.9804008      0.9830140      0.9838851    
  0.9838851      0.9851917      0.9869339      0.9882405      0.9895471    
  0.9904181      0.9917247      0.9917247      0.9921603      0.9930313    
  0.9934669      0.9943379      0.9947734      0.9960800      0.9965156    
  0.9965156      0.9969511      0.9973866      0.9982577      0.9986932    
  0.9991288      0.9991288      0.9991288      0.9991288      0.9991288    
  0.9995643      0.9995643      0.9995643      0.9995643      0.9995643    
  0.9995643      0.9995643      0.9995643      0.9995643      0.9995643    
  0.9995643      0.9995643      0.9995643      0.9995643      0.9995643    
  0.9995643      0.9999998      0.9999998      0.9999998      0.9999998    
  0.9999998      0.9999998      0.9999998      0.9999998      0.9999998    
  0.9999998      0.9999998      0.9999998      0.9999998      0.9999998    
  0.9999998      0.9999998      0.9999998      0.9999998      0.9999998    
  0.9999998      0.9999998      0.9999998      0.9999998      0.9999998    
  0.9999998      0.9999998      0.9999998      0.9999998      0.9999998    
  0.9999998      0.9999998      0.9999998      0.9999998      0.9999998    
  0.9999998      0.9999998      0.9999998      0.9999998      0.9999998    
  histo           6 
 integrated L e (2,2,2)                                                          
           400  -10.00000       10.00000             400
  0.0000000E+00  0.0000000E+00  0.0000000E+00  0.0000000E+00  0.0000000E+00
  0.0000000E+00  0.0000000E+00  0.0000000E+00  0.0000000E+00  0.0000000E+00
  0.0000000E+00  0.0000000E+00  0.0000000E+00  0.0000000E+00  0.0000000E+00
  0.0000000E+00  0.0000000E+00  0.0000000E+00  0.0000000E+00  0.0000000E+00
  0.0000000E+00  0.0000000E+00  0.0000000E+00  0.0000000E+00  0.0000000E+00
  0.0000000E+00  0.0000000E+00  0.0000000E+00  0.0000000E+00  0.0000000E+00
  0.0000000E+00  0.0000000E+00  0.0000000E+00  0.0000000E+00  0.0000000E+00
  0.0000000E+00  0.0000000E+00  0.0000000E+00  0.0000000E+00  0.0000000E+00
  0.0000000E+00  0.0000000E+00  0.0000000E+00  0.0000000E+00  0.0000000E+00
  0.0000000E+00  0.0000000E+00  0.0000000E+00  0.0000000E+00  0.0000000E+00
  0.0000000E+00  0.0000000E+00  0.0000000E+00  0.0000000E+00  0.0000000E+00
  0.0000000E+00  0.0000000E+00  0.0000000E+00  0.0000000E+00  0.0000000E+00
  0.0000000E+00  0.0000000E+00  0.0000000E+00  0.0000000E+00  0.0000000E+00
  0.0000000E+00  0.0000000E+00  0.0000000E+00  0.0000000E+00  0.0000000E+00
  0.0000000E+00  0.0000000E+00  0.0000000E+00  0.0000000E+00  0.0000000E+00
  0.0000000E+00  0.0000000E+00  0.0000000E+00  0.0000000E+00  0.0000000E+00
  0.0000000E+00  0.0000000E+00  0.0000000E+00  0.0000000E+00  0.0000000E+00
  0.0000000E+00  0.0000000E+00  0.0000000E+00  0.0000000E+00  0.0000000E+00
  1.4084507E-03  1.4084507E-03  1.4084507E-03  1.4084507E-03  1.4084507E-03
  1.4084507E-03  1.4084507E-03  1.4084507E-03  1.4084507E-03  1.4084507E-03
  1.4084507E-03  1.4084507E-03  1.4084507E-03  1.4084507E-03  2.8169013E-03
  2.8169013E-03  2.8169013E-03  4.2253518E-03  4.2253518E-03  5.6338026E-03
  7.0422534E-03  7.0422534E-03  7.0422534E-03  7.0422534E-03  7.0422534E-03
  7.0422534E-03  7.0422534E-03  7.0422534E-03  8.4507037E-03  8.4507037E-03
  8.4507037E-03  8.4507037E-03  8.4507037E-03  8.4507037E-03  8.4507037E-03
  8.4507037E-03  8.4507037E-03  8.4507037E-03  8.4507037E-03  9.8591540E-03
  9.8591540E-03  1.1267604E-02  1.1267604E-02  1.1267604E-02  1.1267604E-02
  1.1267604E-02  1.1267604E-02  1.1267604E-02  1.1267604E-02  1.2676055E-02
  1.2676055E-02  1.2676055E-02  1.2676055E-02  1.2676055E-02  1.4084505E-02
  1.5492955E-02  1.5492955E-02  1.5492955E-02  1.5492955E-02  1.5492955E-02
  1.6901406E-02  1.8309856E-02  2.1126756E-02  2.3943657E-02  2.8169010E-02
  3.0985910E-02  3.0985910E-02  3.2394361E-02  3.2394361E-02  3.3802811E-02
  3.3802811E-02  3.6619712E-02  3.9436612E-02  4.2253513E-02  4.3661963E-02
  4.3661963E-02  4.5070414E-02  4.5070414E-02  4.5070414E-02  4.6478864E-02
  4.7887314E-02  5.4929569E-02  5.9154920E-02  6.0563371E-02  6.4788722E-02
  6.7605622E-02  6.7605622E-02  7.1830973E-02  7.3239423E-02  7.3239423E-02
  7.7464774E-02  8.1690125E-02  8.8732377E-02  9.5774628E-02  9.9999979E-02
  0.1056338      0.1197183      0.1239436      0.1253521      0.1323944    
  0.1366197      0.1380282      0.1422535      0.1436620      0.1492958    
  0.1535212      0.1591550      0.1661972      0.1704226      0.1774648    
  0.1816902      0.1901409      0.1943662      0.2014085      0.2084508    
  0.2112677      0.2140846      0.2183099      0.2239437      0.2281691    
  0.2380282      0.2492958      0.2549297      0.2633804      0.2676057    
  0.2746480      0.2830987      0.2901410      0.2971832      0.3028170    
  0.3126762      0.3140846      0.3225353      0.3338029      0.3450705    
  0.3563381      0.3605635      0.3704226      0.3873240      0.3957748    
  0.4014086      0.4140846      0.4295776      0.4380283      0.4464790    
  0.4577466      0.4704227      0.4873241      0.4943663      0.5042255    
  0.5098593      0.5211269      0.5352114      0.5492960      0.5591551    
  0.5760565      0.5873241      0.5985917      0.6112678      0.6211269    
  0.6338030      0.6380284      0.6436622      0.6577467      0.6732397    
  0.6830989      0.6971834      0.7070425      0.7197186      0.7267608    
  0.7380284      0.7492960      0.7563382      0.7591552      0.7676058    
  0.7746481      0.7873241      0.7971833      0.8042255      0.8140846    
  0.8239438      0.8338029      0.8394368      0.8422537      0.8464791    
  0.8549297      0.8605636      0.8690143      0.8760565      0.8830987    
  0.8859156      0.8873241      0.8929579      0.8971833      0.9014087    
  0.9056340      0.9126763      0.9197185      0.9239439      0.9281693    
  0.9309862      0.9366200      0.9366200      0.9478876      0.9492961    
  0.9549299      0.9563383      0.9591553      0.9661975      0.9704229    
  0.9718313      0.9774652      0.9774652      0.9788736      0.9802821    
  0.9802821      0.9830990      0.9845074      0.9845074      0.9859159    
  0.9901413      0.9943666      0.9943666      0.9943666      0.9943666    
  0.9943666      0.9943666      0.9957751      0.9971836      0.9971836    
  0.9971836       1.000000       1.000000       1.000000       1.000000    
   1.000000       1.000000       1.000000       1.000000       1.000000    
   1.000000       1.000000       1.000000       1.000000       1.000000    
   1.000000       1.000000       1.000000       1.000000       1.000000    
   1.000000       1.000000       1.000000       1.000000       1.000000    
   1.000000       1.000000       1.000000       1.000000       1.000000    
   1.000000       1.000000       1.000000       1.000000       1.000000    
   1.000000       1.000000       1.000000       1.000000       1.000000    
   1.000000       1.000000       1.000000       1.000000       1.000000    
   1.000000       1.000000       1.000000       1.000000       1.000000    
   1.000000       1.000000       1.000000       1.000000       1.000000    
   1.000000       1.000000       1.000000       1.000000       1.000000    
   1.000000       1.000000       1.000000       1.000000       1.000000    
   1.000000       1.000000       1.000000       1.000000       1.000000    
   1.000000       1.000000       1.000000       1.000000       1.000000    
   1.000000       1.000000       1.000000       1.000000       1.000000    
  histo          13 
 integrated L2 e (1,1,1)                                                         
           400  -10.00000       10.00000             400
  0.0000000E+00  0.0000000E+00  0.0000000E+00  0.0000000E+00  0.0000000E+00
  0.0000000E+00  0.0000000E+00  0.0000000E+00  0.0000000E+00  0.0000000E+00
  0.0000000E+00  0.0000000E+00  0.0000000E+00  0.0000000E+00  0.0000000E+00
  0.0000000E+00  0.0000000E+00  0.0000000E+00  0.0000000E+00  0.0000000E+00
  0.0000000E+00  0.0000000E+00  0.0000000E+00  0.0000000E+00  0.0000000E+00
  0.0000000E+00  0.0000000E+00  0.0000000E+00  0.0000000E+00  0.0000000E+00
  0.0000000E+00  0.0000000E+00  0.0000000E+00  0.0000000E+00  0.0000000E+00
  0.0000000E+00  0.0000000E+00  0.0000000E+00  0.0000000E+00  8.2508253E-04
  1.2376239E-03  1.2376239E-03  1.2376239E-03  1.2376239E-03  1.6501652E-03
  1.6501652E-03  1.6501652E-03  1.6501652E-03  1.6501652E-03  1.6501652E-03
  1.6501652E-03  1.6501652E-03  1.6501652E-03  1.6501652E-03  1.6501652E-03
  2.0627065E-03  2.0627065E-03  2.4752477E-03  2.4752477E-03  2.8877889E-03
  3.3003301E-03  3.3003301E-03  3.3003301E-03  3.3003301E-03  3.3003301E-03
  3.3003301E-03  3.3003301E-03  3.7128713E-03  4.5379540E-03  4.5379540E-03
  4.5379540E-03  4.5379540E-03  4.5379540E-03  4.5379540E-03  4.5379540E-03
  4.5379540E-03  4.5379540E-03  4.5379540E-03  4.9504954E-03  5.3630369E-03
  5.7755783E-03  6.1881198E-03  6.1881198E-03  6.1881198E-03  6.1881198E-03
  6.1881198E-03  6.1881198E-03  6.1881198E-03  6.6006612E-03  6.6006612E-03
  6.6006612E-03  7.0132026E-03  7.0132026E-03  7.0132026E-03  7.0132026E-03
  7.8382855E-03  7.8382855E-03  7.8382855E-03  8.2508270E-03  8.6633684E-03
  8.6633684E-03  8.6633684E-03  9.0759099E-03  9.0759099E-03  9.0759099E-03
  9.4884513E-03  1.0726075E-02  1.1138616E-02  1.1138616E-02  1.1551158E-02
  1.1963699E-02  1.2788782E-02  1.2788782E-02  1.2788782E-02  1.2788782E-02
  1.2788782E-02  1.2788782E-02  1.2788782E-02  1.2788782E-02  1.2788782E-02
  1.2788782E-02  1.3201323E-02  1.3201323E-02  1.4438947E-02  1.4851488E-02
  1.5676571E-02  1.5676571E-02  1.5676571E-02  1.5676571E-02  1.6089112E-02
  1.6501652E-02  1.6501652E-02  1.6501652E-02  1.6501652E-02  1.6501652E-02
  1.6501652E-02  1.6501652E-02  1.7326735E-02  1.7739275E-02  1.7739275E-02
  1.8151816E-02  1.8976899E-02  2.0214522E-02  2.0627063E-02  2.0627063E-02
  2.1039603E-02  2.1039603E-02  2.1039603E-02  2.1039603E-02  2.2277227E-02
  2.2277227E-02  2.2689767E-02  2.3514850E-02  2.5165016E-02  2.6402639E-02
  2.6815180E-02  2.7640263E-02  2.7640263E-02  2.7640263E-02  3.0115509E-02
  3.0115509E-02  3.0528050E-02  3.3003297E-02  3.5066005E-02  3.6303628E-02
  3.7541252E-02  3.8778875E-02  3.9603956E-02  4.0429037E-02  4.1666660E-02
  4.2904284E-02  4.4141907E-02  4.4966988E-02  4.7442235E-02  4.9917482E-02
  5.0330024E-02  5.1980190E-02  5.6105603E-02  5.6518145E-02  5.7755768E-02
  5.9818476E-02  6.1881185E-02  6.3118808E-02  6.4768970E-02  6.8481840E-02
  6.9719464E-02  7.3019795E-02  7.5495042E-02  7.9207912E-02  8.1683159E-02
  8.5396029E-02  8.8283814E-02  8.9521438E-02  9.0759061E-02  9.4884478E-02
  9.7359724E-02  9.8184809E-02  0.1014851      0.1027228      0.1051980    
  0.1093234      0.1113861      0.1171617      0.1204620      0.1245875    
  0.1278878      0.1320132      0.1349010      0.1410891      0.1456271    
  0.1505776      0.1530528      0.1559406      0.1613036      0.1654290    
  0.1699670      0.1728548      0.1765677      0.1831683      0.1885314    
  0.1922442      0.1971947      0.2004950      0.2050330      0.2083333    
  0.2124587      0.2182343      0.2244224      0.2310231      0.2355611    
  0.2409241      0.2425743      0.2504126      0.2594885      0.2665017    
  0.2685644      0.2768152      0.2867162      0.2924918      0.3003300    
  0.3073432      0.3127063      0.3193069      0.3263201      0.3320957    
  0.3411716      0.3477723      0.3572607      0.3634489      0.3745875    
  0.3877888      0.3972773      0.4067657      0.4174918      0.4282179    
  0.4372938      0.4476073      0.4570958      0.4653466      0.4727724    
  0.4797856      0.4909242      0.5024753      0.5144390      0.5247526    
  0.5371288      0.5478549      0.5561057      0.5701321      0.5833334    
  0.5919968      0.6035479      0.6130364      0.6250001      0.6386140    
  0.6518153      0.6641915      0.6753302      0.6885315      0.6984324    
  0.7070958      0.7194721      0.7314358      0.7450497      0.7586635    
  0.7714523      0.7842411      0.7937295      0.8069308      0.8213698    
  0.8304456      0.8436469      0.8510727      0.8593235      0.8679869    
  0.8787130      0.8894390      0.9001651      0.9071783      0.9108912    
  0.9179044      0.9269803      0.9319308      0.9397691      0.9455447    
  0.9504952      0.9558583      0.9570959      0.9612213      0.9645216    
  0.9669969      0.9694722      0.9719474      0.9744227      0.9768980    
  0.9801983      0.9826735      0.9834986      0.9855613      0.9872115    
  0.9884491      0.9905118      0.9921619      0.9929870      0.9929870    
  0.9933996      0.9942247      0.9954623      0.9962874      0.9962874    
  0.9971125      0.9975250      0.9979376      0.9979376      0.9983501    
  0.9983501      0.9987626      0.9987626      0.9987626      0.9987626    
  0.9987626      0.9991751      0.9991751      0.9995877      0.9995877    
  0.9995877      0.9995877      0.9995877       1.000000       1.000000    
   1.000000       1.000000       1.000000       1.000000       1.000000    
   1.000000       1.000000       1.000000       1.000000       1.000000    
   1.000000       1.000000       1.000000       1.000000       1.000000    
   1.000000       1.000000       1.000000       1.000000       1.000000    
   1.000000       1.000000       1.000000       1.000000       1.000000    
   1.000000       1.000000       1.000000       1.000000       1.000000    
   1.000000       1.000000       1.000000       1.000000       1.000000    
   1.000000       1.000000       1.000000       1.000000       1.000000    
   1.000000       1.000000       1.000000       1.000000       1.000000    
   1.000000       1.000000       1.000000       1.000000       1.000000    
  histo          14 
 integrated L2 e (2,1,1)                                                         
           400  -10.00000       10.00000             400
  0.0000000E+00  0.0000000E+00  0.0000000E+00  0.0000000E+00  0.0000000E+00
  0.0000000E+00  0.0000000E+00  0.0000000E+00  0.0000000E+00  0.0000000E+00
  0.0000000E+00  0.0000000E+00  0.0000000E+00  0.0000000E+00  0.0000000E+00
  0.0000000E+00  0.0000000E+00  0.0000000E+00  0.0000000E+00  0.0000000E+00
  0.0000000E+00  0.0000000E+00  0.0000000E+00  0.0000000E+00  0.0000000E+00
  0.0000000E+00  0.0000000E+00  0.0000000E+00  0.0000000E+00  0.0000000E+00
  0.0000000E+00  0.0000000E+00  0.0000000E+00  0.0000000E+00  0.0000000E+00
  0.0000000E+00  0.0000000E+00  0.0000000E+00  0.0000000E+00  0.0000000E+00
  0.0000000E+00  0.0000000E+00  0.0000000E+00  0.0000000E+00  0.0000000E+00
  0.0000000E+00  0.0000000E+00  0.0000000E+00  0.0000000E+00  0.0000000E+00
  0.0000000E+00  0.0000000E+00  0.0000000E+00  0.0000000E+00  0.0000000E+00
  0.0000000E+00  0.0000000E+00  0.0000000E+00  0.0000000E+00  0.0000000E+00
  0.0000000E+00  0.0000000E+00  0.0000000E+00  0.0000000E+00  0.0000000E+00
  0.0000000E+00  0.0000000E+00  0.0000000E+00  3.0978935E-04  3.0978935E-04
  3.0978935E-04  3.0978935E-04  3.0978935E-04  3.0978935E-04  3.0978935E-04
  3.0978935E-04  3.0978935E-04  6.1957870E-04  6.1957870E-04  6.1957870E-04
  6.1957870E-04  6.1957870E-04  6.1957870E-04  6.1957870E-04  9.2936808E-04
  1.2391574E-03  1.2391574E-03  1.2391574E-03  1.2391574E-03  1.2391574E-03
  1.8587362E-03  1.8587362E-03  1.8587362E-03  1.8587362E-03  2.1685255E-03
  2.1685255E-03  2.1685255E-03  2.1685255E-03  2.4783148E-03  2.7881041E-03
  3.0978934E-03  3.0978934E-03  3.0978934E-03  3.0978934E-03  3.0978934E-03
  3.4076828E-03  3.4076828E-03  3.4076828E-03  3.7174721E-03  3.7174721E-03
  3.7174721E-03  4.3370510E-03  4.3370510E-03  4.3370510E-03  4.3370510E-03
  4.6468405E-03  4.9566301E-03  5.5762087E-03  5.5762087E-03  6.1957873E-03
  6.8153660E-03  7.1251555E-03  7.4349451E-03  8.0545237E-03  8.6741028E-03
  8.9838924E-03  9.2936819E-03  9.2936819E-03  9.6034715E-03  9.9132610E-03
  9.9132610E-03  1.0223051E-02  1.0223051E-02  1.2081787E-02  1.2701366E-02
  1.3320945E-02  1.3630735E-02  1.3940524E-02  1.4560103E-02  1.5179683E-02
  1.5489472E-02  1.6109051E-02  1.6418841E-02  1.7038420E-02  1.7967789E-02
  1.8897157E-02  1.9206947E-02  1.9206947E-02  2.0446105E-02  2.1065684E-02
  2.1685263E-02  2.3543999E-02  2.4163578E-02  2.5092946E-02  2.5092946E-02
  2.6332105E-02  2.6641894E-02  2.7261473E-02  2.8190842E-02  3.0049577E-02
  3.1908315E-02  3.2837681E-02  3.4696419E-02  3.5935577E-02  3.8104102E-02
  3.9033469E-02  3.9653048E-02  4.0272627E-02  4.3680310E-02  4.7397781E-02
  4.8946727E-02  5.0495673E-02  5.1734831E-02  5.3593569E-02  5.6071885E-02
  5.7930622E-02  6.0408939E-02  6.1957885E-02  6.3197039E-02  6.5675355E-02
  6.7534089E-02  7.0322193E-02  7.3729873E-02  7.5898401E-02  7.6208189E-02
  7.8686506E-02  8.1164822E-02  8.3023556E-02  8.4882289E-02  8.8289969E-02
  9.1078073E-02  9.4175965E-02  9.6654281E-02  9.9442385E-02  0.1037794    
  0.1068773      0.1109046      0.1140025      0.1183395      0.1232962    
  0.1273234      0.1304213      0.1366171      0.1409542      0.1468402    
  0.1521066      0.1558240      0.1598513      0.1641884      0.1679058    
  0.1725527      0.1753408      0.1784387      0.1858736      0.1886617    
  0.1948575      0.2001239      0.2057001      0.2122057      0.2184015    
  0.2221190      0.2301735      0.2376084      0.2431846      0.2515489    
  0.2586741      0.2664188      0.2750930      0.2822181      0.2896531    
  0.2958488      0.3008055      0.3073111      0.3169145      0.3224908    
  0.3296159      0.3392194      0.3478935      0.3562578      0.3633830    
  0.3757746      0.3853780      0.3940521      0.4021067      0.4117101    
  0.4234821      0.4346346      0.4445478      0.4529122      0.4640646    
  0.4742876      0.4848205      0.4953533      0.5092938      0.5232343    
  0.5331476      0.5449196      0.5594797      0.5749691      0.5892195    
  0.6003719      0.6133831      0.6273236      0.6428130      0.6542752    
  0.6635689      0.6747214      0.6837053      0.6954772      0.7053905    
  0.7193310      0.7345107      0.7459729      0.7574351      0.7698267    
  0.7809792      0.7912022      0.8017350      0.8150560      0.8258986    
  0.8333336      0.8457251      0.8525405      0.8612146      0.8714376    
  0.8785627      0.8847585      0.8894054      0.8990088      0.9061339    
  0.9144983      0.9231724      0.9306073      0.9355639      0.9423793    
  0.9460968      0.9522926      0.9569394      0.9634449      0.9656135    
  0.9671624      0.9705701      0.9749072      0.9764561      0.9792442    
  0.9804834      0.9811030      0.9842009      0.9851303      0.9872988    
  0.9894673      0.9913260      0.9928750      0.9931847      0.9944239    
  0.9950435      0.9959729      0.9965925      0.9969022      0.9978316    
  0.9978316      0.9990708      0.9990708      0.9990708      0.9993805    
  0.9993805      0.9993805      0.9993805      0.9993805      0.9993805    
  0.9993805      0.9993805      0.9993805      0.9996903      0.9996903    
  0.9996903      0.9996903      0.9996903      0.9996903      0.9996903    
  0.9996903      0.9996903      0.9996903      0.9996903      0.9996903    
   1.000000       1.000000       1.000000       1.000000       1.000000    
   1.000000       1.000000       1.000000       1.000000       1.000000    
   1.000000       1.000000       1.000000       1.000000       1.000000    
   1.000000       1.000000       1.000000       1.000000       1.000000    
   1.000000       1.000000       1.000000       1.000000       1.000000    
   1.000000       1.000000       1.000000       1.000000       1.000000    
   1.000000       1.000000       1.000000       1.000000       1.000000    
   1.000000       1.000000       1.000000       1.000000       1.000000    
   1.000000       1.000000       1.000000       1.000000       1.000000    
   1.000000       1.000000       1.000000       1.000000       1.000000    
   1.000000       1.000000       1.000000       1.000000       1.000000    
  histo          15 
 integrated L2 e (2,2,1)                                                         
           400  -10.00000       10.00000             400
  0.0000000E+00  0.0000000E+00  0.0000000E+00  0.0000000E+00  0.0000000E+00
  0.0000000E+00  0.0000000E+00  0.0000000E+00  0.0000000E+00  0.0000000E+00
  0.0000000E+00  0.0000000E+00  0.0000000E+00  0.0000000E+00  0.0000000E+00
  0.0000000E+00  0.0000000E+00  0.0000000E+00  0.0000000E+00  0.0000000E+00
  0.0000000E+00  0.0000000E+00  0.0000000E+00  0.0000000E+00  0.0000000E+00
  0.0000000E+00  0.0000000E+00  0.0000000E+00  0.0000000E+00  0.0000000E+00
  0.0000000E+00  0.0000000E+00  0.0000000E+00  0.0000000E+00  0.0000000E+00
  0.0000000E+00  0.0000000E+00  0.0000000E+00  0.0000000E+00  0.0000000E+00
  0.0000000E+00  0.0000000E+00  0.0000000E+00  0.0000000E+00  0.0000000E+00
  0.0000000E+00  0.0000000E+00  0.0000000E+00  0.0000000E+00  0.0000000E+00
  0.0000000E+00  0.0000000E+00  0.0000000E+00  0.0000000E+00  0.0000000E+00
  0.0000000E+00  0.0000000E+00  0.0000000E+00  0.0000000E+00  0.0000000E+00
  0.0000000E+00  0.0000000E+00  0.0000000E+00  0.0000000E+00  0.0000000E+00
  0.0000000E+00  0.0000000E+00  0.0000000E+00  0.0000000E+00  0.0000000E+00
  0.0000000E+00  0.0000000E+00  0.0000000E+00  0.0000000E+00  0.0000000E+00
  0.0000000E+00  0.0000000E+00  0.0000000E+00  0.0000000E+00  0.0000000E+00
  0.0000000E+00  0.0000000E+00  0.0000000E+00  0.0000000E+00  0.0000000E+00
  0.0000000E+00  0.0000000E+00  0.0000000E+00  0.0000000E+00  0.0000000E+00
  0.0000000E+00  0.0000000E+00  0.0000000E+00  0.0000000E+00  0.0000000E+00
  0.0000000E+00  0.0000000E+00  0.0000000E+00  0.0000000E+00  4.3554007E-04
  4.3554007E-04  4.3554007E-04  4.3554007E-04  8.7108015E-04  8.7108015E-04
  1.7421603E-03  1.7421603E-03  1.7421603E-03  1.7421603E-03  2.1777004E-03
  2.1777004E-03  3.0487806E-03  3.0487806E-03  3.0487806E-03  3.0487806E-03
  3.4843206E-03  3.4843206E-03  3.4843206E-03  4.3554008E-03  4.7909408E-03
  5.2264808E-03  5.2264808E-03  5.2264808E-03  5.2264808E-03  5.2264808E-03
  5.6620208E-03  5.6620208E-03  5.6620208E-03  6.5331007E-03  6.9686407E-03
  7.8397207E-03  7.8397207E-03  7.8397207E-03  8.2752611E-03  8.2752611E-03
  8.7108016E-03  8.7108016E-03  9.1463421E-03  9.5818825E-03  1.0017423E-02
  1.0888503E-02  1.2195123E-02  1.3066203E-02  1.3937283E-02  1.4372824E-02
  1.6550524E-02  1.7421605E-02  1.8292686E-02  2.0034846E-02  2.2212546E-02
  2.3519166E-02  2.3954706E-02  2.4390247E-02  2.5696866E-02  2.7874567E-02
  3.0052267E-02  3.1358887E-02  3.2665506E-02  3.5278745E-02  3.7020907E-02
  3.7456445E-02  3.8327526E-02  3.9634146E-02  4.1376308E-02  4.3989547E-02
  4.4860628E-02  4.6602789E-02  4.7038328E-02  4.7909409E-02  5.1393729E-02
  5.2264810E-02  5.4878049E-02  5.8362368E-02  6.0975607E-02  6.5331012E-02
  6.7944251E-02  7.0557490E-02  7.4041814E-02  7.8832753E-02  8.2317077E-02
  8.4494777E-02  8.8850178E-02  9.1027878E-02  9.4076656E-02  9.6689895E-02
  0.1019164      0.1054007      0.1084495      0.1128049      0.1162892    
  0.1206446      0.1250000      0.1293554      0.1345819      0.1380662    
  0.1419861      0.1476481      0.1533101      0.1585366      0.1668118    
  0.1720383      0.1790070      0.1829268      0.1864111      0.1929442    
  0.1964286      0.2042683      0.2121080      0.2182056      0.2277874    
  0.2325784      0.2391115      0.2482578      0.2574042      0.2648084    
  0.2713415      0.2804878      0.2900697      0.2948606      0.3018293    
  0.3144599      0.3236063      0.3340592      0.3432056      0.3519164    
  0.3623693      0.3741289      0.3850174      0.3993903      0.4081011    
  0.4141986      0.4237805      0.4329268      0.4407665      0.4507840    
  0.4603659      0.4703833      0.4821429      0.4921603      0.5013067    
  0.5087109      0.5182927      0.5283101      0.5405052      0.5509582    
  0.5596690      0.5731708      0.5844948      0.5984321      0.6093206    
  0.6202092      0.6306621      0.6463416      0.6576656      0.6681186    
  0.6777005      0.6912022      0.7064461      0.7221255      0.7325785    
  0.7408538      0.7539200      0.7661151      0.7761325      0.7874566    
  0.8031360      0.8148956      0.8231708      0.8314461      0.8392859    
  0.8514810      0.8619339      0.8728225      0.8793555      0.8885019    
  0.8967772      0.9020036      0.9094079      0.9163765      0.9220385    
  0.9277005      0.9294427      0.9333625      0.9398956      0.9442511    
  0.9472998      0.9503486      0.9538329      0.9577528      0.9599305    
  0.9634148      0.9660280      0.9695123      0.9716901      0.9738678    
  0.9751744      0.9773521      0.9799653      0.9808364      0.9838852    
  0.9847562      0.9864984      0.9869339      0.9882405      0.9886761    
  0.9895471      0.9899827      0.9908537      0.9921603      0.9930314    
  0.9939024      0.9943380      0.9947735      0.9947735      0.9952090    
  0.9965156      0.9978222      0.9986933      0.9986933      0.9991288    
  0.9991288      0.9995643      0.9995643      0.9995643      0.9995643    
  0.9995643      0.9995643      0.9995643      0.9995643      0.9995643    
  0.9995643      0.9995643      0.9995643      0.9995643      0.9995643    
  0.9995643      0.9995643      0.9999999      0.9999999      0.9999999    
  0.9999999      0.9999999      0.9999999      0.9999999      0.9999999    
  0.9999999      0.9999999      0.9999999      0.9999999      0.9999999    
  0.9999999      0.9999999      0.9999999      0.9999999      0.9999999    
  0.9999999      0.9999999      0.9999999      0.9999999      0.9999999    
  0.9999999      0.9999999      0.9999999      0.9999999      0.9999999    
  0.9999999      0.9999999      0.9999999      0.9999999      0.9999999    
  0.9999999      0.9999999      0.9999999      0.9999999      0.9999999    
  0.9999999      0.9999999      0.9999999      0.9999999      0.9999999    
  0.9999999      0.9999999      0.9999999      0.9999999      0.9999999    
  0.9999999      0.9999999      0.9999999      0.9999999      0.9999999    
  0.9999999      0.9999999      0.9999999      0.9999999      0.9999999    
  0.9999999      0.9999999      0.9999999      0.9999999      0.9999999    
  histo          16 
 integrated L2 e (2,2,2)                                                         
           400  -10.00000       10.00000             400
  0.0000000E+00  0.0000000E+00  0.0000000E+00  0.0000000E+00  0.0000000E+00
  0.0000000E+00  0.0000000E+00  0.0000000E+00  0.0000000E+00  0.0000000E+00
  0.0000000E+00  0.0000000E+00  0.0000000E+00  0.0000000E+00  0.0000000E+00
  0.0000000E+00  0.0000000E+00  0.0000000E+00  0.0000000E+00  0.0000000E+00
  0.0000000E+00  0.0000000E+00  0.0000000E+00  0.0000000E+00  0.0000000E+00
  0.0000000E+00  0.0000000E+00  0.0000000E+00  0.0000000E+00  0.0000000E+00
  0.0000000E+00  0.0000000E+00  0.0000000E+00  0.0000000E+00  0.0000000E+00
  0.0000000E+00  0.0000000E+00  0.0000000E+00  0.0000000E+00  0.0000000E+00
  0.0000000E+00  0.0000000E+00  0.0000000E+00  0.0000000E+00  0.0000000E+00
  0.0000000E+00  0.0000000E+00  0.0000000E+00  0.0000000E+00  0.0000000E+00
  0.0000000E+00  0.0000000E+00  0.0000000E+00  0.0000000E+00  0.0000000E+00
  0.0000000E+00  0.0000000E+00  0.0000000E+00  0.0000000E+00  0.0000000E+00
  0.0000000E+00  0.0000000E+00  0.0000000E+00  0.0000000E+00  0.0000000E+00
  0.0000000E+00  0.0000000E+00  0.0000000E+00  0.0000000E+00  0.0000000E+00
  0.0000000E+00  0.0000000E+00  0.0000000E+00  0.0000000E+00  0.0000000E+00
  0.0000000E+00  0.0000000E+00  0.0000000E+00  0.0000000E+00  0.0000000E+00
  0.0000000E+00  0.0000000E+00  0.0000000E+00  0.0000000E+00  0.0000000E+00
  0.0000000E+00  0.0000000E+00  0.0000000E+00  0.0000000E+00  0.0000000E+00
  0.0000000E+00  0.0000000E+00  0.0000000E+00  0.0000000E+00  0.0000000E+00
  0.0000000E+00  0.0000000E+00  0.0000000E+00  0.0000000E+00  0.0000000E+00
  0.0000000E+00  0.0000000E+00  0.0000000E+00  0.0000000E+00  0.0000000E+00
  0.0000000E+00  0.0000000E+00  0.0000000E+00  0.0000000E+00  0.0000000E+00
  0.0000000E+00  0.0000000E+00  0.0000000E+00  0.0000000E+00  1.4084507E-03
  1.4084507E-03  1.4084507E-03  1.4084507E-03  2.8169013E-03  2.8169013E-03
  4.2253518E-03  4.2253518E-03  4.2253518E-03  4.2253518E-03  4.2253518E-03
  4.2253518E-03  4.2253518E-03  4.2253518E-03  4.2253518E-03  7.0422534E-03
  8.4507037E-03  8.4507037E-03  8.4507037E-03  8.4507037E-03  8.4507037E-03
  8.4507037E-03  1.1267605E-02  1.1267605E-02  1.1267605E-02  1.1267605E-02
  1.1267605E-02  1.1267605E-02  1.1267605E-02  1.1267605E-02  1.1267605E-02
  1.4084507E-02  1.6901407E-02  1.6901407E-02  1.9718308E-02  2.2535209E-02
  2.6760561E-02  2.6760561E-02  2.9577462E-02  3.5211265E-02  3.8028166E-02
  3.8028166E-02  3.9436616E-02  4.2253517E-02  4.6478868E-02  5.2112669E-02
  5.2112669E-02  5.2112669E-02  5.6338020E-02  6.0563371E-02  6.3380271E-02
  7.0422523E-02  7.4647874E-02  7.7464774E-02  8.0281675E-02  8.4507026E-02
  8.7323926E-02  9.1549277E-02  9.9999979E-02  0.1098591      0.1112676    
  0.1140845      0.1154929      0.1183098      0.1211267      0.1225352    
  0.1225352      0.1295774      0.1309859      0.1366197      0.1422535    
  0.1507042      0.1591549      0.1619718      0.1704225      0.1802817    
  0.1873239      0.1915493      0.1957746      0.2056338      0.2140845    
  0.2197183      0.2211268      0.2281690      0.2352113      0.2408451    
  0.2492958      0.2633803      0.2661972      0.2704225      0.2859155    
  0.2929578      0.2985916      0.3042254      0.3098592      0.3169014    
  0.3253521      0.3323944      0.3521127      0.3577465      0.3816902    
  0.3901409      0.4014085      0.4140846      0.4225353      0.4366198    
  0.4422536      0.4507043      0.4619719      0.4732395      0.4845071    
  0.4957747      0.5056339      0.5154930      0.5225353      0.5309860    
  0.5450705      0.5577465      0.5690141      0.5802817      0.5887324    
  0.6070423      0.6267605      0.6408451      0.6535211      0.6661972    
  0.6746479      0.6830986      0.6943662      0.7126760      0.7309858    
  0.7436619      0.7563379      0.7676055      0.7788731      0.7929577    
  0.8084506      0.8183098      0.8281689      0.8352112      0.8436618    
  0.8492957      0.8549295      0.8577464      0.8661971      0.8732393    
  0.8802816      0.8845069      0.8929576      0.8943661      0.8971830    
  0.8999999      0.9070421      0.9169013      0.9239435      0.9267604    
  0.9352111      0.9408450      0.9450703      0.9478872      0.9563379    
  0.9605633      0.9633802      0.9676056      0.9676056      0.9690140    
  0.9732394      0.9760563      0.9788733      0.9802817      0.9845071    
  0.9873240      0.9887325      0.9887325      0.9915494      0.9929578    
  0.9943663      0.9943663      0.9943663      0.9943663      0.9943663    
  0.9943663      0.9985917       1.000000       1.000000       1.000000    
   1.000000       1.000000       1.000000       1.000000       1.000000    
   1.000000       1.000000       1.000000       1.000000       1.000000    
   1.000000       1.000000       1.000000       1.000000       1.000000    
   1.000000       1.000000       1.000000       1.000000       1.000000    
   1.000000       1.000000       1.000000       1.000000       1.000000    
   1.000000       1.000000       1.000000       1.000000       1.000000    
   1.000000       1.000000       1.000000       1.000000       1.000000    
   1.000000       1.000000       1.000000       1.000000       1.000000    
   1.000000       1.000000       1.000000       1.000000       1.000000    
   1.000000       1.000000       1.000000       1.000000       1.000000    
   1.000000       1.000000       1.000000       1.000000       1.000000    
   1.000000       1.000000       1.000000       1.000000       1.000000    
   1.000000       1.000000       1.000000       1.000000       1.000000    
   1.000000       1.000000       1.000000       1.000000       1.000000    
   1.000000       1.000000       1.000000       1.000000       1.000000    
   1.000000       1.000000       1.000000       1.000000       1.000000    
   1.000000       1.000000       1.000000       1.000000       1.000000    
   1.000000       1.000000       1.000000       1.000000       1.000000    
   1.000000       1.000000       1.000000       1.000000       1.000000    
   1.000000       1.000000       1.000000       1.000000       1.000000    
