  -31.0000 1.011  -30.9792 1.018  -30.9583 1.008  -30.9375 1.003  -30.8750 1.017
  -30.8542 1.010  -30.8333 1.003  -30.7917 1.020  -30.7500 1.005  -30.6875 1.014
  -30.6458 1.003  -30.6042 1.026  -30.5833 1.019  -30.5625 1.009  -30.5417 1.002
  -30.5000 0.995  -30.3542 1.010  -30.3333 1.026  -30.2917 1.013  -30.2500 1.006
  -30.2292 1.015  -30.2083 1.027  -30.1875 1.017  -30.1667 1.010  -30.1250 1.002
  -30.0208 0.996  -29.7500 0.990  -29.7083 1.000  -29.6875 0.989  -29.6667 0.977
  -29.6458 0.971  -29.6250 0.965  -29.6042 0.960  -29.5417 0.954  -29.4167 0.961
  -29.3958 0.969  -29.3750 0.961  -29.3333 0.954  -29.2500 0.961  -29.1875 0.970
  -29.1667 1.003  -29.1458 1.022  -29.1042 1.005  -29.0625 1.019  -29.0417 1.026
  -29.0208 1.014  -29.0000 1.003  -28.9583 1.016  -28.9375 1.009  -28.9167 1.001
  -28.8750 0.992  -28.8542 1.006  -28.8333 1.017  -28.8125 1.009  -28.7917 1.000
  -28.7500 1.020  -28.7083 1.007  -28.6667 1.022  -28.6250 1.008  -28.6042 1.017
  -28.5833 1.031  -28.5625 1.024  -28.5417 1.000  -28.5208 0.983  -28.5000 0.975
  -28.4792 0.968  -28.4167 0.962  -28.3542 0.973  -28.3333 0.999  -28.3125 0.987
  -28.2917 0.973  -28.2708 0.968  -28.2292 0.990  -28.2083 0.976  -28.1875 0.969
  -28.1667 0.963  -28.1250 0.957  -28.0208 0.976  -28.0000 0.984  -27.9792 0.971
  -27.9583 0.965  -27.8958 0.958  -27.8542 0.968  -27.8125 0.975  -27.7917 0.970
  -27.7500 0.965  -27.6458 0.974  -27.6250 0.980  -27.6042 0.974  -27.5833 0.990
  -27.5417 0.976  -27.5208 0.969  -27.4583 0.962  -27.3333 0.971  -27.3125 0.988
  -27.2917 0.979  -27.2708 0.971  -27.2292 0.965  -27.0833 0.960  -27.0208 0.979
  -26.9792 0.970  -26.9375 0.964  -26.8750 0.970  -26.8542 0.981  -26.8333 0.972
  -26.8125 0.964  -26.7292 0.973  -26.6667 0.966  -26.6042 0.986  -26.5625 0.973
  -26.5208 0.964  -26.3542 0.959  -26.3125 0.979  -26.2917 0.986  -26.2708 0.975
  -26.2500 0.969  -26.2292 0.964  -26.2083 0.971  -26.1458 0.965  -26.0208 0.978
  -25.9583 0.970  -25.9167 0.964  -25.7292 0.959  -25.7083 0.970  -25.6875 0.983
  -25.6667 0.973  -25.6458 0.968  -25.6042 0.982  -25.5833 0.991  -25.5625 0.978
  -25.4792 0.973  -24.9792 0.988  -24.9583 0.980  -24.9375 0.974  -24.8542 0.968
  -24.7917 0.981  -24.7500 0.975  -24.7083 0.970  -24.6458 0.987  -24.6042 0.980
  -24.5625 0.989  -24.5208 0.979  -24.4583 0.973  -24.2083 0.980  -24.1667 0.974
  -23.6042 0.992  -23.5625 0.978  -23.5417 0.970  -23.5000 0.963  -23.2500 0.979
  -23.2292 0.993  -23.2083 0.981  -23.1875 0.974  -23.1250 0.968  -22.6042 0.987
  -22.5833 0.992  -22.5625 0.980  -22.5417 0.975  -22.4375 0.970  -21.9792 0.975
  -21.2708 0.968  -21.1875 0.962  -21.0417 0.971  -21.0208 0.985  -20.9792 0.975
  -20.9167 0.970  -20.8958 0.975  -20.8750 0.994  -20.8542 0.987  -20.8333 0.978
  -20.7917 0.973  -20.6042 0.992  -20.5625 0.983  -20.5208 0.977  -20.3333 0.970
  -20.2917 0.981  -20.2083 0.976  -19.6250 0.985  -19.6042 1.001  -19.5833 0.989
  -19.5625 0.980  -19.5208 0.974  -19.4583 0.969  -19.3542 0.984  -19.3333 1.001
  -19.3125 0.987  -19.2917 0.982  -19.2292 0.975  -19.1250 0.989  -19.0833 0.981
  -19.0208 0.992  -18.9792 0.983  -18.9375 0.977  -18.8750 0.991  -18.8333 0.982
  -18.7917 0.977  -18.6875 0.996  -18.6667 0.988  -18.6458 0.982  -18.5833 1.002
  -18.5625 0.990  -18.5417 0.983  -18.5000 0.977  -18.4167 0.984  -17.6458 0.996
  -17.6042 0.983  -17.5833 0.976  -17.5625 0.970  -17.5000 0.965  -17.3958 0.959
  -17.2292 0.972  -17.2083 0.985  -17.1875 0.976  -17.1667 0.969  -17.0625 0.997
  -17.0417 0.986  -17.0208 0.976  -16.8958 0.971  -16.7083 0.981  -16.6875 0.988
  -16.6667 0.978  -16.6042 1.001  -16.5833 0.987  -16.5625 0.979  -16.5208 0.974
  -16.3333 0.968  -16.2708 0.977  -16.2083 0.982  -16.1667 0.988  -16.1458 1.004
  -16.1250 0.995  -16.1042 0.990  -16.0000 0.985  -15.6458 0.995  -15.6042 0.986
  -15.5833 0.994  -15.5625 0.989  -15.5417 0.983  -15.4792 0.978  -15.1875 0.973
  -15.0833 0.967  -14.8958 0.961  -14.6042 0.981  -14.5833 0.997  -14.5417 0.988
  -14.5000 0.982  -12.5833 1.001  -12.5417 0.991  -12.4792 0.986  -11.5833 1.000
  -11.5625 1.006  -11.5417 0.994  -11.5000 0.987  -11.3958 0.982  -11.2083 0.987
  -11.1875 0.999  -11.1667 0.991  -11.1250 0.985  -10.9375 0.999  -10.9167 0.994
  -10.8750 0.988  -10.5833 1.012  -10.5417 0.997  -10.5000 0.990  -10.4167 0.983
  -10.1042 0.990  -10.0833 0.998  -10.0625 1.021  -10.0208 1.012  -10.0000 1.006
   -9.9583 0.998   -9.8542 0.992   -9.6875 1.008   -9.6667 1.014   -9.6458 1.007
   -9.5833 1.025   -9.5417 1.010   -9.5000 1.000   -9.4375 0.994   -9.3750 0.988
   -9.2708 1.010   -9.2292 1.004   -9.1875 0.997   -9.0833 1.017   -9.0417 1.005
   -9.0000 0.998   -8.8750 1.006   -8.8542 1.014   -8.8125 1.004   -8.7708 0.998
   -8.6875 1.008   -8.6667 1.018   -8.6458 1.011   -8.6250 1.004   -8.5208 1.013
   -8.4792 1.007   -8.4375 0.999   -8.4167 0.994   -8.3958 0.983   -8.3542 0.977
   -8.1458 0.983   -8.0000 0.977   -7.8958 0.994   -7.8750 1.003   -7.8542 0.992
   -7.8333 0.985   -7.7500 0.979   -7.5833 0.986   -7.5625 1.006   -7.5208 0.992
   -7.4792 0.983   -7.3958 0.978   -7.2292 0.985   -7.1875 0.991   -7.1458 0.985
   -7.0000 0.980   -6.9583 0.993   -6.9375 1.000   -6.9167 0.993   -6.8750 0.987
   -6.7917 0.981   -6.5625 0.999   -6.5208 0.991   -6.4792 0.986   -6.3750 0.981
   -5.8958 0.986   -5.8750 1.007   -5.8333 0.995   -5.8125 0.989   -5.7708 0.984
   -5.5833 0.997   -5.5625 1.020   -5.5417 1.004   -5.5208 0.995   -5.4792 0.986
   -5.3958 0.981   -5.1458 0.986   -1.6458 0.991   -0.5625 1.015   -0.5208 1.000
   -0.4792 0.994   -0.4167 0.988   -0.0417 0.993    0.2917 0.988    0.3542 0.994
    0.5417 0.988    0.8125 0.994    0.8333 1.002    0.9167 0.995    0.9792 0.989
    1.3333 0.995    1.3958 1.000    1.4167 1.019    1.4583 1.007    1.4792 1.000
    1.5417 0.993    1.6250 0.988    1.9167 0.993    1.9375 1.001    1.9583 1.007
    2.0000 0.999    2.0417 0.994    2.1458 0.988    2.2292 0.994    2.2500 1.002
    2.2708 1.009    2.2917 1.002    2.3333 0.997    2.3958 0.991    2.4583 1.004
    2.5417 0.999    2.6250 0.994    3.4167 1.005    3.4375 1.026    3.4583 1.015
    3.4792 1.006    3.5208 1.000    3.6667 0.995    4.3750 0.988    4.3958 1.004
    4.4167 1.032    4.4583 1.021    4.4792 1.014    4.5208 1.006    4.6875 0.998
    4.7500 0.991    4.7708 1.012    4.7917 1.029    4.8125 1.012    4.8333 1.003
    4.8750 1.017    4.9167 1.009    4.9375 1.002    4.9792 0.995    5.0417 0.989
    5.1458 1.000    5.1667 1.027    5.2083 1.014    5.2292 1.007    5.2708 1.002
    5.4167 1.014    5.4375 1.023    5.4583 1.013    5.4792 1.005    5.5000 0.998
    5.5625 0.991    5.6667 1.015    5.6875 1.023    5.7083 1.009    5.7292 1.002
    5.7708 0.996    5.8750 0.991    5.9583 0.997    6.2917 0.991    6.3958 1.016
    6.4167 1.024    6.4375 1.011    6.4583 1.004    6.5000 0.998    6.7083 0.993
    7.0208 0.999    7.2917 1.008    7.3125 1.020    7.3542 1.010    7.3958 1.004
    7.4167 1.022    7.4375 1.012    7.4583 1.003    7.4792 0.996    7.5208 0.991
    7.6875 0.996    7.7083 1.022    7.7292 1.031    7.7500 1.016    7.7708 1.008
    7.8125 1.001    7.8542 0.994    7.9167 0.989    8.0000 0.997    8.0208 1.016
    8.0625 1.004    8.1042 0.998    8.2083 1.005    8.2917 0.999    8.3958 1.024
    8.4167 1.030    8.4375 1.016    8.4583 1.009    8.5000 1.002    8.5417 0.995
    8.6250 0.990    8.6875 1.017    8.7292 1.008    8.7708 1.002    8.8958 1.030
    8.9167 1.016    8.9583 1.008    9.1042 1.003    9.2500 1.014    9.2708 1.032
    9.2917 1.020    9.3125 1.010    9.3542 1.004    9.4375 1.017    9.4583 1.023
    9.4792 1.014    9.5000 1.008    9.5417 1.001    9.6250 0.995    9.7500 1.001
   10.0417 1.007   10.1667 1.001   10.2708 0.995   10.3542 1.002   10.3958 1.020
   10.4375 1.010   10.5208 1.002   10.6250 0.996   10.7500 1.001   10.7708 1.018
   10.8125 1.011   10.8750 1.004   10.9583 0.998   11.1042 1.011   11.1250 1.026
   11.1458 1.017   11.1667 1.009   11.2083 1.003   11.3125 0.997   11.4375 1.018
   11.4583 1.023   11.4792 1.014   11.5208 1.008   11.5833 1.002   11.7708 0.995
   11.8542 1.002   11.8750 1.011   11.8958 1.016   11.9167 1.011   11.9583 1.005
   12.0208 1.000   12.1667 1.008   12.1875 1.019   12.2083 1.012   12.2500 1.006
   12.3125 0.999   12.4167 1.009   12.4375 1.034   12.4583 1.020   12.4792 1.012
   12.5208 1.006   12.6458 0.997   12.7917 1.032   12.8125 1.019   12.8333 1.012
   12.8750 1.006   12.9583 0.999   13.0417 0.947   13.0625 1.001   13.1042 1.019
   13.1667 1.011   13.2083 1.005   13.3750 1.012   13.3958 1.023   13.4375 1.016
   13.4792 1.011   13.7083 1.006   14.1042 1.015   14.1250 1.029   14.1458 1.022
   14.1875 1.014   14.3333 1.008   14.3750 1.018   14.3958 1.033   14.4375 1.022
   14.4792 1.014   14.6875 1.007   14.8333 1.020   14.8542 1.027   14.8750 1.019
   14.9375 1.012   15.3750 1.018   15.3958 1.040   15.4167 1.030   15.4375 1.019
   15.4583 1.013   15.5000 1.004   15.6250 1.012   15.6458 1.038   15.6875 1.023
   15.7292 1.014   16.0000 1.008   16.3958 1.018   16.4167 1.039   16.4375 1.031
   16.4583 1.022   16.4792 1.016   16.7708 1.006   17.0208 1.034   17.0625 1.021
   17.0833 1.015   17.1667 1.010   17.3958 1.029   17.4167 1.048   17.4375 1.034
   17.4583 1.024   17.4792 1.018   17.5417 1.013   18.1667 1.007   18.1875 1.019
   18.2083 1.030   18.2292 1.024   18.2500 1.018   18.3125 1.011   18.3333 1.017
   18.3542 1.028   18.4583 1.021   18.5208 1.015   19.3750 1.009   19.3958 1.032
   19.4167 1.045   19.4375 1.029   19.4583 1.022   19.5000 1.016   19.5625 1.010
   19.6667 1.004   19.8125 1.024   19.8333 1.032   19.8542 1.022   19.8750 1.015
   19.9167 1.009   20.2500 1.017   20.2708 1.041   20.2917 1.035   20.3125 1.023
   20.3333 1.017   20.4375 1.035   20.4583 1.029   20.4792 1.021   20.5000 1.015
   20.5625 1.008   20.6458 1.003   20.7708 1.010   21.0000 1.004   21.1042 1.010
   21.2500 1.004   21.3750 1.021   21.3958 1.029   21.4167 1.020   21.4583 1.014
   21.5417 1.007   22.1042 1.012   22.2292 1.006   22.4167 1.012   22.5625 1.007
   23.2083 1.001   23.2917 1.007   23.4792 1.015   23.6042 1.009   23.6250 1.003
   23.6667 0.998   23.8750 1.006   23.8958 1.020   23.9167 1.040   23.9375 1.027
   23.9583 1.020   24.0000 1.014   24.1042 1.008   24.4583 1.013   24.7500 1.020
   24.8542 1.013   24.9375 1.007   25.3958 1.023   25.4167 1.048   25.4375 1.034
   25.4583 1.022   25.4792 1.017   25.5625 1.011   25.7917 1.022   25.8125 1.031
   25.8333 1.024   25.8750 1.017   25.9583 1.010   26.1667 1.020   26.1875 1.028
   26.2083 1.021   26.2500 1.015   26.3542 1.009   26.4375 1.015   26.4583 1.031
   26.5625 1.024   26.6458 1.018   26.7083 1.013   26.7292 1.007   26.7708 1.001
   26.8333 0.996   26.8958 1.010   26.9167 1.022   26.9375 1.013   26.9583 1.005
   27.0000 0.999   27.1042 0.993   27.1667 0.999   27.2083 1.006   27.4167 1.013
   27.5417 1.006   27.6875 1.000   28.2708 0.995   28.4167 1.002   28.4375 1.024
   28.4792 1.013   28.5208 1.004   28.6875 0.998   29.4167 1.016   29.4375 1.032
   29.4583 1.019   29.4792 1.013   29.5000 1.008   29.5417 1.002   29.7292 0.997
   30.0000 1.002   30.4375 1.030   30.4583 1.021   30.4792 1.013   30.5208 1.005
   30.5833 0.999   30.7500 0.992   30.8542 0.998   31.3958 1.009   31.4167 1.027
   31.4375 1.019   31.4583 1.012   31.4792 1.006   31.5417 0.999   31.6667 0.994
   32.2708 0.999   32.7292 0.994   33.3125 0.989   33.4167 1.012   33.4375 1.030
   33.4583 1.057   33.4792 1.064   33.5000 1.057   34.2083 1.062   34.2292 1.070
   34.2708 1.061   34.3750 1.056   34.3958 1.063   34.4167 1.079   34.4583 1.072
   34.4792 1.065   34.5208 1.059   34.5625 1.054   34.6042 1.048   34.7500 1.072
   34.7917 1.067   34.8125 1.060   34.8542 1.052   34.8958 1.047   34.9792 1.054
   35.0000 1.073   35.0417 1.064   35.0833 1.056   35.1250 1.051   35.1667 1.046
   35.2500 1.063   35.2708 1.071   35.2917 1.065   35.3125 1.059   35.3750 1.053
   35.4792 1.075   35.5000 1.070   35.5208 1.063   35.5625 1.055   35.6250 1.050
   35.6875 1.044   35.7708 1.049   35.8542 1.055   35.9375 1.048   36.0417 1.075
   36.0833 1.066   36.1042 1.060   36.1250 1.054   36.1667 1.048   36.2500 1.043
   36.3125 1.051   36.3333 1.069   36.3750 1.061   36.5000 1.054   36.7083 1.048
   36.8333 1.068   36.8750 1.063   36.9167 1.054   36.9375 1.049   37.0417 1.042
   37.1042 1.053   37.1250 1.072   37.1458 1.066   37.1875 1.055   37.2292 1.047
   37.3333 1.041   37.3542 1.049   37.3750 1.071   37.3958 1.077   37.4167 1.067
   37.4375 1.060   37.4792 1.054   37.5208 1.049   37.6042 1.041   37.6667 1.055
   37.6875 1.073   37.7083 1.064   37.7292 1.057   37.7500 1.048   37.7917 1.040
   37.8542 1.035   37.8750 1.052   37.8958 1.075   37.9167 1.066   37.9375 1.058
   37.9792 1.051   38.0833 1.059   38.1042 1.069   38.1458 1.060   38.1875 1.055
   38.2500 1.048   38.3542 1.064   38.3750 1.078   38.3958 1.069   38.4167 1.062
   38.4792 1.056   38.5208 1.050   38.6042 1.043   38.6875 1.065   38.7083 1.075
   38.7292 1.066   38.7500 1.058   38.7917 1.051   38.8750 1.045   39.0000 1.054
   39.0208 1.073   39.0417 1.067   39.0625 1.060   39.0833 1.052   39.1458 1.046
   39.2083 1.041   39.3125 1.056   39.3333 1.068   39.3542 1.062   39.3750 1.054
   39.4167 1.049   39.5000 1.044   39.7500 1.059   39.7917 1.054   39.8542 1.048
   40.1042 1.057   40.1667 1.051   40.2292 1.045   40.3542 1.066   40.3958 1.058
   40.4792 1.052   40.5625 1.044   40.6042 1.039   40.7083 1.061   40.7708 1.050
   40.8125 1.043   40.8542 1.038   40.9792 1.051   41.0000 1.068   41.0208 1.058
   41.0417 1.052   41.0625 1.047   41.1042 1.040   41.1458 1.035   41.2500 1.051
   41.2708 1.068   41.2917 1.059   41.3125 1.051   41.3542 1.044   41.4583 1.062
   41.5208 1.053   41.5417 1.047   41.6042 1.039   41.6875 1.033   41.7292 1.048
   41.7500 1.067   41.7708 1.058   41.7917 1.051   41.8333 1.045   41.8542 1.040
   41.9167 1.034   42.0000 1.047   42.0208 1.068   42.0417 1.062   42.0625 1.054
   42.0833 1.049   42.1250 1.042   42.1667 1.036   42.2708 1.045   42.2917 1.065
   42.3333 1.054   42.3542 1.049   42.3958 1.042   42.4583 1.062   42.5000 1.052
   42.5417 1.040   42.5625 1.033   42.6042 1.027   42.7500 1.049   42.8125 1.040
   42.8542 1.033   42.9167 1.051   42.9375 1.064   42.9583 1.054   42.9792 1.045
   43.0000 1.039   43.0208 1.033   43.0625 1.026   43.1250 1.055   43.1458 1.060
   43.1667 1.047   43.1875 1.039   43.2083 1.032   43.2500 1.026   43.3125 1.053
   43.3333 1.064   43.3542 1.051   43.3750 1.044   43.3958 1.037   43.4375 1.052
   43.4583 1.060   43.4792 1.050   43.5000 1.040   43.5208 1.032   43.5625 1.023
   43.6250 1.032   43.6458 1.056   43.6875 1.042   43.7292 1.032   43.7708 1.025
   43.8333 1.047   43.8542 1.059   43.8750 1.048   43.8958 1.039   43.9167 1.033
   43.9375 1.028   44.0208 1.046   44.0417 1.058   44.0625 1.045   44.0833 1.038
   44.1042 1.030   44.1458 1.025   44.1875 1.034   44.2083 1.056   44.2500 1.045
   44.2708 1.037   44.3125 1.029   44.3542 1.022   44.3750 1.001   44.3958 1.019
   44.4375 1.001   44.4583 0.988   44.4792 0.978   44.5208 0.972   44.6250 0.966
   44.8333 0.960   45.2708 0.954   45.6667 0.960   45.8125 0.965   46.6042 0.960
   46.9167 0.979   46.9375 0.973   46.9792 0.967   47.1250 0.961   47.3125 0.966
   47.5625 0.988   47.5833 1.019   47.6042 1.013   47.6458 1.032   47.6667 1.048
   47.7083 1.035   47.7500 1.056   47.7708 1.050   47.7917 1.036   47.8125 1.028
   47.8333 1.023   48.4167 1.052   48.4375 1.041   48.4583 1.046   48.4792 1.055
   48.5000 1.044   48.5208 1.031   48.5417 1.026   48.5625 1.021   48.6250 1.015
   48.7083 1.038   48.7708 1.031   48.8125 1.037   48.8333 1.053   48.8750 1.048
   48.8958 1.042   48.9375 1.053   48.9792 1.043   49.0208 1.038   49.0833 1.030
   49.1875 1.025   49.2708 1.030   49.2917 1.048   49.3125 1.057   49.3333 1.048
   49.3750 1.037   49.3958 1.032   49.4375 1.051   49.4583 1.045   49.4792 1.037
   49.5000 1.027   49.5208 1.019   49.5625 1.014   49.6042 1.008   49.7292 1.023
   49.7500 1.038   49.7708 1.028   49.7917 1.020   49.8542 1.030   49.8750 1.039
   49.8958 1.031   49.9167 1.024   49.9583 1.018   49.9792 1.034   50.0208 1.029
   50.0417 1.023   50.0833 1.016   50.1250 1.026   50.1458 1.038   50.1667 1.030
   50.1875 1.021   50.2292 1.015   50.3125 1.008   50.3542 1.024   50.3958 1.042
   50.4375 1.032   50.4583 1.024   50.4792 1.018   50.5208 1.012   50.5833 1.006
   50.6250 1.030   50.6667 1.021   50.7083 1.013   50.7292 1.022   50.7500 1.032
   50.7708 1.024   50.7917 1.017   50.8333 1.009   50.9167 1.019   50.9583 1.013
   50.9792 1.018   51.0000 1.027   51.0208 1.022   51.0417 1.016   51.0833 1.027
   51.1250 1.017   51.1667 1.030   51.1875 1.022   51.2083 1.015   51.2292 1.029
   51.2500 1.023   51.2708 1.016   51.2917 1.022   51.3125 1.033   51.3333 1.023
   51.3750 1.018   51.3958 1.040   51.4167 1.047   51.4375 1.036   51.4583 1.027
   51.5208 1.021   51.6042 1.016   51.7708 1.031   51.8125 1.025   52.1875 1.020
   52.2292 1.027   52.2500 1.036   52.3125 1.028   52.3750 1.021   52.3958 1.031
   52.4167 1.045   52.4375 1.038   52.4583 1.032   52.4792 1.027   52.5208 1.021
   52.6042 1.015   52.6875 1.009   52.7292 1.029   52.7500 1.047   52.7708 1.036
   52.7917 1.026   52.8333 1.018   52.8958 1.013   52.9792 1.008   53.0625 1.031
   53.1042 1.022   53.1250 1.017   53.1667 1.035   53.2083 1.025   53.2292 1.019
   53.2708 1.014   53.2917 1.020   53.3125 1.035   53.3333 1.026   53.3542 1.020
   53.3958 1.025   53.4167 1.045   53.4375 1.037   53.4583 1.028   53.4792 1.019
   53.5208 1.014   53.6458 1.009   53.7083 1.034   53.7292 1.029   53.7500 1.022
   53.7708 1.030   53.8125 1.024   53.8333 1.017   53.9167 1.012   54.0625 1.024
   54.1458 1.036   54.1875 1.024   54.2083 1.018   54.2500 1.011   54.3125 1.006
   54.3958 1.013   54.4167 1.036   54.4583 1.026   54.4792 1.020   54.5208 1.015
   54.6250 1.008   54.7708 1.017   54.7917 1.036   54.8125 1.031   54.8333 1.022
   54.8750 1.017   54.9583 1.011   55.1250 1.033   55.1667 1.025   55.2083 1.016
   55.2708 1.010   55.3542 1.005   55.3958 1.025   55.4167 1.040   55.4375 1.033
   55.4583 1.023   55.5000 1.013   55.5625 1.008   55.6250 1.003   55.7500 1.030
   55.7917 1.018   55.8333 1.011   55.8958 1.005   56.0208 1.026   56.0625 1.019
   56.0833 1.014   56.1458 1.024   56.1667 1.016   56.2292 1.008   56.3125 1.003
   56.3958 1.031   56.4375 1.021   56.4792 1.036   56.5000 1.030   56.5208 1.021
   56.5417 1.015   56.5833 1.008   56.6458 1.001   56.7708 1.014   56.7917 1.036
   56.8125 1.026   56.8333 1.018   56.8542 1.012   56.9375 1.005   57.0625 1.000
   57.0833 1.017   57.1042 1.034   57.1250 1.027   57.1458 1.016   57.1875 1.007
   57.2083 1.016   57.2292 1.025   57.2500 1.018   57.2917 1.008   57.4167 1.032
   57.4583 1.023   57.4792 1.017   57.5208 1.011   57.5625 1.005   57.6458 1.000
   57.7292 1.029   57.7708 1.018   57.7917 1.013   57.8542 1.006   57.9583 1.000
   58.0208 1.011   58.0417 1.033   58.0625 1.025   58.0833 1.016   58.1250 1.009
   58.2083 1.003   58.3750 1.020   58.3958 1.030   58.4167 1.021   58.5000 1.011
   58.5208 1.005   58.5833 0.996   58.7083 1.008   58.7292 1.023   58.7500 1.016
   58.7917 1.006   58.8542 0.999   58.8958 0.992   59.0000 1.009   59.0625 1.002
   59.1042 1.008   59.1250 1.013   59.2708 1.008   59.3750 1.002   59.4167 1.020
   59.4375 1.031   59.4583 1.019   59.4792 1.013   59.5208 1.007   59.5625 1.001
   59.6250 0.994   59.7292 1.005   59.7500 1.028   59.7708 1.021   59.7917 1.013
   59.8333 1.006   59.8958 1.000   60.0625 1.005   60.0833 1.019   60.1042 1.012
   60.1458 1.006   60.2292 1.001   60.3750 1.013   60.4583 1.007   60.6042 1.002
   60.6458 1.057   60.6667 0.999   60.7917 1.019   60.8333 1.013   60.8542 1.007
   60.8958 0.999   60.9583 0.993   61.1250 1.004   61.1458 1.015   61.1667 1.010
   61.1875 1.004   61.2708 0.997   61.4167 1.012   61.4375 1.026   61.4583 1.018
   61.4792 1.012   61.5208 1.004   61.5833 0.997   61.7292 0.992   61.8750 1.008
   61.9792 0.999   62.0417 0.991   62.4583 0.986   62.8542 0.994   62.8750 1.017
   62.9167 1.005   62.9583 0.998   63.0000 0.993   63.0625 0.987   63.1458 0.993
   63.1875 1.000   63.3542 0.993   63.4375 1.010   63.4583 1.018   63.4792 1.011
   63.5208 1.002   63.5625 0.997   63.6458 0.992   63.6875 0.986   63.8125 0.992
   64.4583 0.997   64.5833 0.991   65.3958 0.986   65.4792 0.994   65.6250 0.989
   65.9375 0.994   65.9792 0.988   66.0625 0.982   66.2708 0.994   66.2917 0.988
   66.3542 0.982   66.4583 0.998   66.4792 0.991   66.5000 0.985   66.5417 0.978
   66.6458 0.972   66.7083 0.982   66.7292 0.999   66.7500 0.994   66.7708 0.985
   66.8125 0.994   66.8958 0.984   66.9792 0.978   67.0000 0.990   67.0417 0.983
   67.1250 0.976   67.2292 0.983   67.2500 0.993   67.2708 0.986   67.2917 0.980
   67.3333 1.000   67.3750 1.010   67.3958 0.999   67.4167 1.017   67.4792 1.006
   67.5000 1.015   67.5208 0.997   67.5833 1.011   67.6042 1.027   67.6250 1.018
   67.6458 1.011   67.7500 1.018   67.7708 1.033   67.8125 1.022   67.8333 1.017
   67.8542 1.025   67.8750 1.032   67.8958 1.025   67.9167 1.019   67.9583 1.013
   68.0000 1.007   68.0625 1.001   68.1875 1.019   68.2083 1.028   68.2292 1.022
   68.2500 1.017   68.2917 1.009   68.4167 1.026   68.4375 1.034   68.4583 1.025
   68.4792 1.017   68.5417 1.010   68.6042 1.004   68.8542 1.017   68.8750 1.031
   68.9167 1.022   68.9375 1.017   68.9792 1.011   69.0208 1.004   69.1250 0.998
   69.2083 1.004   69.2292 1.026   69.2917 1.015   69.3333 1.009   69.4167 1.016
   69.4375 1.031   69.4792 1.020   69.5208 1.012   69.5833 1.006   69.6667 0.999
   69.7500 1.011   69.7708 1.028   69.8125 1.020   69.8542 1.012   69.8958 1.007
   69.9792 1.000   70.0625 1.007   70.0833 1.020   70.1667 1.012   70.2500 1.006
   70.3125 1.000   70.3750 1.010   70.3958 1.027   70.4375 1.020   70.4583 1.013
   70.4792 1.008   70.5208 0.998   70.6667 1.004   70.7292 1.011   70.9375 1.006
   71.0833 1.013   71.2083 1.008   71.3958 1.019   71.4167 1.030   71.4583 1.021
   71.5000 1.015   71.5833 1.009   71.7292 1.003   72.1667 1.009   72.2917 1.003
   72.4167 1.012   72.4375 1.020   72.5208 1.012   72.6042 1.006   73.0000 1.000
   73.3958 0.994   73.5000 0.999   73.6875 1.005   73.9375 1.011   74.0625 1.004
   74.1250 0.998   74.2083 1.004   74.2292 1.015   74.3125 1.010   74.3333 1.004
   74.4375 1.017   74.4583 1.024   74.4792 1.018   74.5208 1.009   74.5833 1.004
   74.6875 0.996   74.7708 1.006   74.7917 1.016   74.8333 1.010   74.8750 1.004
   74.9375 0.997   75.0417 1.007   75.0625 1.017   75.1042 1.009   75.1458 1.003
   75.2708 0.997   75.3958 1.003   75.4167 1.016   75.4375 1.023   75.4792 1.015
   75.5417 1.004   75.6667 0.997   75.7917 1.009   75.9375 1.003   76.0208 0.997
   76.1250 1.003   76.3125 0.998   76.4792 1.004   76.6250 0.999   76.7292 1.013
   76.8125 1.007   76.8750 1.001   76.9375 0.995   77.0833 1.001   77.3125 0.995
   77.3542 1.001   77.3750 1.012   77.3958 1.019   77.4375 1.012   77.5000 1.005
   77.5625 0.999   77.6250 0.993   77.7917 0.998   78.1458 1.004   78.3333 0.999
   78.4375 1.005   78.4583 1.011   78.5833 1.004   78.7083 0.998   79.0625 1.003
   79.2708 0.998   79.3750 0.992   79.4583 0.985   79.8125 0.990   79.8333 1.006
   79.8750 1.015   79.9375 1.009   80.0000 1.003   80.0625 0.993   80.1250 0.985
   80.2083 0.991   80.2500 0.997   80.3125 1.003   80.4375 1.017   80.4792 1.008
   80.5208 1.001   80.5625 0.994   80.6250 0.989   80.7292 0.997   80.8125 0.990
   80.9583 0.997   81.1875 0.992   81.3125 1.000   81.4167 0.994   81.5208 1.001
   81.6042 0.996   81.7083 0.989   82.2917 0.983   82.8750 0.992   82.9167 1.005
   83.0417 0.998   83.1458 0.991   83.2500 1.006   83.2708 1.011   83.3333 1.005
   83.3958 0.998   83.4792 1.016   83.5208 1.009   83.5625 1.001   83.6458 0.994
   83.7083 0.987   83.8750 0.993   84.1875 0.998   84.2292 1.003   84.3750 0.995
   84.6875 0.990   84.7500 0.985   84.7917 0.990   84.8542 0.997   85.0417 0.990
   85.2083 0.996   85.7500 0.990   86.2083 0.997   86.2292 1.006   86.3125 0.998
   86.3750 0.991   86.6250 0.986   86.7708 0.992   87.0208 0.987   87.1250 0.994
   87.1458 1.000   87.2708 0.995   87.3333 0.989   87.4792 0.995   87.6250 0.989
   88.4375 0.996   88.4583 1.004   88.5417 0.997   88.5833 0.992   88.6667 0.986
   89.2083 0.992   89.7083 0.986   90.0625 0.991   90.2917 0.985   90.6875 0.980
   91.1667 0.985   91.7917 0.980   91.9167 0.986   92.2083 0.978   92.3333 0.984
   92.4375 0.990   92.5000 0.997   92.6042 0.990   92.6875 0.983   92.7917 0.978
   93.2292 0.985   93.3542 0.991   93.5625 0.984   93.9375 0.976   94.1250 0.982
   94.4375 0.989   94.4583 1.004   94.5000 0.998   94.6875 0.988   94.7500 0.983
   94.8958 0.977   95.0625 0.971   95.2500 0.996   95.2708 1.008   95.2917 1.001
   95.3125 0.995   95.3333 0.990   95.3958 0.985   95.4167 0.995   95.4375 1.010
   95.4792 1.002   95.5208 0.994   95.6667 0.988   95.7708 0.998   95.7917 1.009
   95.8333 1.002   95.8750 0.994   95.9375 0.989   96.1250 0.994   96.1667 0.999
   96.1875 1.006   96.2083 1.011   96.2917 1.004   96.3333 0.998   96.3958 0.992
   96.4792 0.997   96.5417 0.989   96.6458 0.982   96.7708 0.975   96.9167 0.993
   97.0208 0.988   97.1042 0.982   97.2083 0.989   97.3958 0.983   97.5417 0.991
   97.7292 0.986   98.1458 0.981   98.6250 0.975   99.0625 0.970   99.1667 0.976
   99.2083 0.982   99.4583 0.987   99.4792 0.994   99.5625 0.986   99.6458 0.980
   99.7292 0.974   99.8125 0.980  100.1042 0.989  100.2708 0.983  100.4167 0.995
  100.4375 1.001  100.4792 0.992  100.5417 0.983  100.6250 0.978  100.7917 0.984
  101.0625 0.978  101.1458 0.985  101.3333 0.977  101.4792 0.984  101.7708 0.978
  101.9167 0.972  102.0833 0.966  102.2083 0.972  103.2083 0.981  103.3750 0.974
  103.5000 0.980  103.6667 0.973  103.7292 0.968  103.9167 0.973  104.1042 0.967
  104.3958 0.977  104.4167 0.989  104.4375 1.033  104.4583 0.997  104.4792 0.991
  104.6667 0.984  104.7292 0.977  105.8958 0.982  106.4583 0.987  107.0417 0.992
  107.5208 0.998  108.1875 1.004  108.5417 0.963  108.5625 1.002  113.7708 1.007
  115.7917 1.012  116.2292 1.007  116.6458 0.996  116.6667 0.990  116.7083 0.985
  117.3750 0.979  118.2292 0.984  127.3125 0.979  128.1667 0.985  130.7500 0.990
  131.9375 0.983  132.1667 0.989  132.4375 0.994  132.5208 0.988  137.4167 0.983
  138.8542 0.988  141.0625 0.994  142.0208 0.999  143.0625 1.005  145.4375 0.999
  145.7083 1.006  146.2917 1.011  146.4583 1.005  146.6250 1.000  147.4167 0.987
  147.4375 1.001  148.2083 0.996  148.6250 1.001  150.8125 1.006  151.3333 1.001
  153.3542 0.996  153.4583 1.001  154.1042 0.996  154.4375 1.002  154.8125 0.996
  155.5833 1.001  157.2708 1.007  157.3750 1.002  157.6875 1.007  158.0000 1.002
  159.2500 0.997  159.4792 1.002  160.1042 0.996  160.5833 1.004  160.6250 0.998
  162.3750 0.993  162.4375 0.999  162.6458 0.994  163.2500 1.000  163.6250 0.994
  163.6667 1.000  165.8958 1.005  165.9583 0.999  166.2917 0.993  168.3958 0.987
  168.4792 0.993  168.5625 0.987  169.4375 0.993  169.5417 0.999  169.8125 1.005
  170.4792 0.999  170.5000 1.010  170.5208 1.000  172.8958 0.995  175.4375 0.990
  175.8958 0.995  177.1667 0.990  178.0833 0.996  178.5000 1.001  178.8958 0.993
  178.9167 1.001  180.5833 0.992  180.6458 0.999  181.1667 1.006  181.5833 1.001
  183.5625 0.994  183.5833 1.001  184.0000 0.995  184.4792 1.000  185.4583 1.006
  185.5625 0.997  191.9375 1.003  194.0833 0.995  194.5000 1.001  200.4375 1.006
  200.5208 1.001  200.7083 0.995  200.9792 1.003  201.4375 0.998  206.5625 1.003
  211.2083 0.998  212.8750 1.010  212.8958 1.000  214.2500 0.993  214.4375 0.999
  214.5833 1.005  216.3958 0.999  219.5417 1.005  220.2083 1.000  224.7708 1.005
  225.3750 0.999  227.9167 1.004  229.2917 1.010  231.0417 1.015  233.1042 1.020
  234.4583 1.012  234.4792 1.003  234.5000 0.983  234.5208 0.977  234.5625 0.990
  234.5833 0.981  234.6042 1.004  235.5208 1.009  236.5833 1.015  239.4375 1.009
  239.5417 1.014  239.7917 1.008  239.9792 1.003  240.3542 0.998  240.7708 1.004
  243.3958 0.998  243.5625 0.993  243.6875 1.003  243.7292 0.996  243.8125 1.003
  243.8958 1.008  244.1042 1.014  244.2708 1.019  244.3958 1.012  244.4375 1.004
  244.6042 1.012  244.6250 1.001  244.6458 0.994  244.6875 0.988  245.1042 0.982
  249.5417 0.990  249.8542 0.995  251.6667 0.985  251.6875 0.998  252.3542 0.993
  252.7292 0.998  254.5833 1.004  254.8542 0.998  259.2708 0.993  260.9167 0.987
  263.1875 0.982  264.3333 1.018  264.5000 1.013  264.5625 1.008  264.6667 1.018
  264.7292 1.010  264.8333 1.018  265.2500 1.013  265.5625 1.007  265.8333 1.001
  266.0417 1.007  266.2083 0.999  266.6458 1.026  266.6667 1.002  268.0625 1.007
  268.6667 1.002  268.8125 0.997  269.3333 1.003  269.4375 0.998  269.6250 0.980
  269.6458 1.000  270.3958 1.007  270.5000 1.000  270.6458 1.006  270.9375 1.000
  271.2708 0.995  271.3958 1.001  271.6042 1.006  271.7708 1.000  272.3958 1.006
  272.5833 1.011  272.6458 1.005  272.7292 1.000  272.8958 1.005  273.4375 1.010
  273.8333 1.005  274.2083 1.000  274.5625 1.005  274.8333 1.000  275.5000 1.005
  275.8125 0.999  276.5208 1.006  276.7292 1.001  276.9792 0.996  277.4583 1.009
  277.4792 0.999  277.6042 1.004  277.9583 0.999  278.1458 1.004  278.3125 0.994
  278.3958 1.001  278.9375 1.008  279.7083 1.002  280.0417 1.008  280.1875 1.003
  281.0000 0.998  282.6042 1.003  287.2292 0.998  287.7083 1.003  288.3333 0.998
  289.3333 1.007  289.3542 1.001  289.5625 1.006  289.6667 0.999  290.4583 1.004
  290.5417 0.999  291.4167 0.992  291.4583 0.998  292.5833 1.004  293.1667 0.999
  293.5208 1.005  295.3542 0.998  296.6042 1.003  296.7500 0.998  299.6667 1.005
  299.8958 0.998  304.0833 0.992  304.7292 0.998  304.9167 0.993  305.5417 0.999
  306.6667 1.004  308.3542 0.998  308.6458 1.007  308.6667 0.999  310.0625 0.994
  310.6875 1.000  311.3333 0.994  311.5417 1.000  311.7917 0.993  313.3542 0.988
  313.4167 0.994  314.5417 0.999  315.0417 0.993  315.6667 0.999  316.7292 1.004
  317.4167 0.999  319.5000 1.004  319.9583 0.998  320.4375 1.004  321.4167 0.998
  322.2083 1.024  322.2292 1.041  322.2500 1.028  322.2708 1.018  322.2917 1.010
  322.3542 1.001  323.3542 0.996  323.6458 1.001  324.2500 0.995  324.4583 0.988
  325.1042 1.005  325.1250 1.027  325.1458 1.017  325.1667 1.009  325.1875 1.003
  325.2292 0.997  325.2917 1.020  325.3125 1.044  325.3750 1.035  325.4167 1.052
  325.4375 1.057  325.4583 1.051  325.4792 1.043  325.5000 1.030  325.5208 1.023
  325.5417 1.017  325.5833 1.010  325.6458 1.005  325.8333 1.012  325.8958 1.005
  326.0208 1.018  326.0417 1.036  326.1458 1.030  326.2292 1.041  326.2917 1.036
  326.3333 1.030  326.3542 1.023  326.3958 1.015  326.4167 1.009  326.4792 1.002
  326.5000 1.011  326.5208 1.020  326.5625 1.013  326.7292 1.007  327.0208 1.001
  327.1458 0.996  327.5000 0.990  327.6458 0.997  327.7083 1.006  327.7292 0.997
  327.8958 1.004  328.0000 0.997  329.7500 1.003  329.9375 0.997  330.7292 1.004
  330.8542 0.998  331.1250 0.993  331.2292 1.000  331.2708 1.006  331.3958 0.998
  331.4792 0.992  332.0417 0.986  332.2500 0.981  332.2917 0.974  332.4375 0.979
  332.5833 0.985  332.7083 0.992  333.1458 0.997  333.3542 0.991  333.4375 0.998
  334.5000 1.004  334.6667 0.998  334.8333 0.993  334.9375 0.998  335.4167 1.003
  337.8125 1.009  338.2292 1.003  338.5000 1.009  338.9583 1.004  339.4792 1.010
  339.9792 1.005  340.7083 0.999  341.4375 1.004  342.0417 0.999  343.4792 1.004
  344.3542 0.998  344.4375 1.004  344.9375 0.998  345.4375 1.003  346.0000 0.998
  346.3333 1.004  347.4167 1.010  348.7083 1.002  348.7708 0.996  349.3125 1.001
  349.5417 1.007  349.8750 1.013  350.6250 1.019  350.6875 1.013  350.7292 1.008
  350.9167 1.002  351.1042 0.996  352.0417 0.991  352.3750 0.997  352.7292 1.002
  352.7708 0.996  353.7708 0.989  353.8542 1.005  353.8750 1.013  353.9167 1.025
  353.9375 1.020  353.9583 1.026  354.3125 1.032  354.3958 1.037  354.5000 1.031
  354.7917 1.008  354.8333 0.999  354.8542 0.994  354.9583 0.987  355.3542 0.992
  355.6042 0.998  356.2292 0.993  356.5833 0.999  357.9375 0.993  358.4167 0.988
  358.6250 0.994  358.7292 1.000  359.2083 0.993  359.5000 0.999  359.6458 0.992
  359.7292 0.986  359.9792 0.981  360.3750 0.986  360.4167 0.993  360.5417 0.999
  361.5417 1.004  362.0625 0.999  362.2708 1.004  362.3542 0.999  364.4167 1.006
  365.0000 1.001  366.8542 0.995  366.9167 1.001  367.2083 0.995  368.5833 1.001
  369.4375 1.006  369.6250 0.999  370.0000 1.005  370.4167 1.012  370.5208 1.004
  370.6875 0.998  372.5000 1.004  372.9583 0.995  373.4375 1.001  373.8333 0.995
  374.4167 1.001  375.5833 1.006  375.7708 1.001  376.9167 1.007  377.0625 1.001
  377.4583 1.006  378.0417 1.001  381.9167 1.007  381.9375 0.999  383.4583 1.004
  384.0625 0.997  384.1667 1.002  384.6042 1.008  384.8958 1.002  385.4583 0.997
  385.6042 1.002  386.9375 0.996  387.3333 1.003  388.0417 0.996  388.5625 1.002
  388.8333 0.995  389.5208 1.001  390.2917 0.996  390.5417 1.002  390.9375 0.996
  391.5000 1.002  393.1042 0.996  393.3125 1.003  393.3542 0.997  393.4792 1.003
  394.5625 0.997  394.7500 0.990  394.9792 0.997  395.7083 1.002  396.0417 0.997
  397.4167 1.003  399.0208 0.995  399.0417 1.001  399.2083 0.996  400.2292 0.990
  400.6875 0.996  401.6042 1.003  401.7500 0.997  402.2917 1.003  402.4583 1.009
  402.4792 1.016  402.5208 1.008  402.7292 1.003  403.5625 0.997  403.9792 1.004
  404.3750 0.998  404.6458 1.004  405.1458 0.999  407.7500 1.004  407.7917 0.998
  407.8958 1.004  408.0000 1.010  408.0833 1.005  408.3333 1.010  408.3750 1.004
  408.5833 0.996  408.8333 0.991  409.8333 1.034  409.8542 1.039  409.8958 1.045
  410.1042 1.050  410.4792 1.055  410.5625 1.062  410.7083 1.068  410.7500 1.076
  410.8125 1.083  410.9167 1.089  411.1458 1.094  411.4375 1.100  411.5417 1.106
  411.6667 1.112  411.8333 1.106  411.9167 1.100  412.0833 1.094  412.3750 1.085
  412.3958 1.069  412.4167 1.056  412.4375 1.049  412.4583 1.041  412.5000 1.034
  412.5625 1.028  412.6458 1.023  412.7500 1.018  412.8958 1.012  413.2500 1.005
  414.0208 1.000  414.4375 0.994  415.3750 0.988  415.6875 0.994  415.7708 0.987
  415.8750 0.981  415.9583 0.976  416.2917 0.971  416.5625 1.024  416.5833 1.033
  416.6250 1.014  416.6458 1.006  416.6875 0.996  416.7083 0.989  416.7500 0.983
  416.8333 0.977  417.0208 0.970  417.3750 0.981  417.4167 0.988  417.4583 0.994
  417.5208 0.986  417.6667 0.981  417.7292 0.975  417.8958 0.969  419.3333 0.964
  419.5208 0.981  419.5417 0.993  419.5625 1.001  419.5833 0.991  419.6458 0.982
  419.6875 0.990  419.7917 0.995  420.4792 1.002  420.5833 1.007  420.6667 1.002
  421.0208 0.996  421.3750 1.001  421.4583 1.007  421.5208 1.013  421.6250 1.006
  421.6875 1.001  421.8958 1.006  422.4583 1.000  422.4792 0.986  422.5000 0.976
  422.5208 0.969  422.5417 0.964  422.5833 0.958  422.6667 0.964  422.6875 0.976
  422.7083 0.982  422.9167 0.987  423.0208 0.994  423.0833 1.002  423.1667 1.008
  423.5000 0.997  423.7083 0.991  423.9583 0.986  424.4583 0.995  424.5000 1.001
  424.6667 0.995  425.4792 1.001  426.6667 1.007  427.1042 1.002  427.4792 1.008
  427.5417 1.014  427.6042 1.020  427.6458 1.015  427.8542 1.010  428.0417 1.004
  429.3958 0.998  429.6458 1.004  429.7500 1.009  430.0000 1.014  430.2500 1.020
  430.9583 1.012  431.0000 1.006  431.2917 0.999  432.5833 1.005  432.6458 0.999
  432.7917 1.006  433.3750 1.001  435.5833 1.006  435.6250 1.012  435.6875 1.005
  435.7500 1.000  436.2083 0.994  437.0625 0.999  437.8333 1.005  437.9375 0.999
  439.7083 1.005  440.2083 1.000  444.3333 1.020  444.3542 1.032  444.3750 1.024
  444.4167 1.016  444.4375 1.009  444.4792 1.003  447.8125 1.009  450.7292 1.004
  452.7083 0.999  453.0208 0.991  453.3958 0.985  453.5625 0.994  453.5833 1.001
  453.6042 1.020  453.6250 1.035  453.6458 1.046  453.6875 1.054  453.7500 1.060
  454.3542 1.044  454.3750 1.032  454.3958 1.024  454.4167 1.017  454.4375 1.011
  454.4583 1.005  454.5000 0.999  454.6667 0.994  455.8542 1.000  459.5625 1.006
  459.6250 1.013  459.6667 1.008  459.7083 1.001  459.9375 0.996  461.7917 1.001
  466.0208 1.006  466.2083 1.001  472.2500 0.996  472.7917 1.001  473.3958 0.996
  473.7292 0.991  475.3750 0.996  476.7292 1.001  479.9375 0.995  480.2083 1.000
  480.4792 0.995  480.5625 1.000  483.5625 1.005  483.6667 0.999  484.0833 1.005
  484.2083 0.999  484.9167 1.004  485.0208 0.999  486.0000 1.005  486.3333 0.999
  486.4792 1.004  486.8542 0.999  487.0000 1.005  487.1458 1.000  488.0208 1.005
  488.0625 1.000  488.2708 1.006  488.7292 0.999  488.7917 1.006  488.8542 0.999
  494.3125 1.006  494.4583 1.001  499.3333 0.995  499.7083 1.003  499.7708 1.009
  499.8125 1.025  499.8333 1.018  499.8542 1.012  499.8750 1.004  500.0000 0.999
  500.0833 0.993  500.6250 1.000  500.7917 0.995  500.8750 0.989  501.1875 0.983
  501.3542 0.989  501.3958 0.995  501.5833 1.000  501.8125 1.007  501.8333 1.001
  502.4167 0.995  502.6875 0.988  503.1458 0.995  503.2083 0.989  503.7708 0.994
  503.8958 0.988  503.9792 0.994  504.2708 0.988  504.3542 0.994  504.4792 0.989
  504.5625 0.996  504.8958 0.990  505.7917 0.995  506.3333 0.989  506.3958 0.996
  507.0208 1.001  507.1458 0.995  507.5000 1.001  507.8125 0.995  507.8750 1.003
  507.9167 0.997  508.1042 0.990  508.9792 0.996  509.0208 0.991  509.5208 0.997
  509.7292 1.003  509.8542 0.996  509.9375 1.003  510.0625 0.997  510.1458 1.003
  510.2292 0.997  510.3542 1.003  510.4375 0.998  510.5625 1.003  510.6250 0.998
  510.7917 1.003  510.9167 0.997  512.2708 1.003  513.5208 0.998  515.5625 1.003
  516.4792 1.008  516.6667 1.014  516.7292 1.008  517.0000 1.003  519.2083 0.995
  519.3750 1.000  521.2500 0.995  521.5625 1.001  523.0208 0.996  523.7292 1.002
  525.5417 1.008  525.7083 1.013  525.8750 1.008  526.0833 1.002  528.9167 0.997
  529.6250 1.002  530.1042 0.996  531.3958 1.001  533.7708 1.007  534.2292 1.002
  535.0000 1.007  535.3750 1.001  535.4583 0.996  535.6875 1.002  535.8125 1.008
  536.2708 1.002  536.6875 1.008  537.0417 1.003  537.1042 1.011  537.1667 1.006
  537.2292 1.001  537.7917 1.006  538.1042 1.000  538.3750 0.994  538.5833 0.999
  538.6667 0.993  539.4375 1.001  540.9792 1.006  541.5000 1.000  542.1042 0.995
  543.0208 0.989  543.2292 0.995  543.4583 0.989  543.5625 0.995  544.3750 0.989
  544.6042 0.995  638.0208 1.000  639.1458 0.995  641.4792 1.016  641.5000 1.029
  641.5208 1.040  641.5417 1.047  641.6042 1.026  641.6250 1.017  641.6458 1.010
  641.6875 1.004  641.8750 0.999  643.6250 1.004  649.6667 1.011  650.7083 1.017
  651.3542 1.012  656.4167 1.017  661.5208 1.023  661.9167 1.028  662.4583 1.022
  664.2292 1.029  664.6458 1.023  689.5625 1.040  690.3958 1.035  691.2292 1.030
  692.5625 1.025  701.0625 1.020  703.5000 1.025  709.6875 1.105  709.7083 1.112
  709.7500 1.107  709.7708 1.112  709.8125 1.106  709.8542 1.113  709.8750 1.107
  709.9167 1.114  709.9375 1.108  710.1875 1.114  710.2083 1.106  710.2500 1.113
  710.2917 1.106  710.3125 1.113  710.3542 1.106  710.3958 1.114  710.4167 1.107
  710.4583 1.113  710.5000 1.101  710.5208 1.108  710.7083 1.103  710.7292 1.111
  710.7708 1.102  710.7917 1.108  710.9792 1.102  711.0000 1.110  711.0417 1.102
  711.0625 1.110  711.1042 1.103  711.1250 1.109  711.5625 1.103  711.6042 1.111
  711.6250 1.105  711.6667 1.111  711.7083 1.104  711.7292 1.113  711.7500 1.106
  711.7708 1.101  711.7917 1.109  711.8333 1.101  711.8750 1.111  711.8958 1.104
  712.1250 1.099  712.1458 1.106  712.1875 1.100  712.2292 1.106  712.2708 1.098
  712.2917 1.104  712.5833 1.099  712.6042 1.105  712.6458 1.099  712.6875 1.108
  712.7292 1.098  712.7500 1.105  712.7917 1.098  712.8125 1.104  712.9375 1.098
  712.9583 1.106  713.0000 1.098  713.0417 1.107  713.0625 1.101  713.1042 1.107
  713.1250 1.102  713.3958 1.107  713.4167 1.101  713.4583 1.108  713.4792 1.102
  713.6667 1.107  713.6875 1.101  713.7292 1.106  713.7708 1.098  713.7917 1.104
  713.9792 1.098  714.0000 1.106  714.0417 1.099  714.0833 1.107  714.1042 1.101
  714.1458 1.108  714.1875 1.096  714.2083 1.105  714.2500 1.099  714.2917 1.109
  714.3125 1.103  714.4167 1.109  714.4375 1.103  714.6667 1.097  714.6875 1.106
  714.7292 1.101  714.7708 1.108  714.7917 1.102  714.8333 1.108  714.8750 1.098
  714.8958 1.105  714.9375 1.100  714.9792 1.107  715.0208 1.098  715.0417 1.104
  715.1667 1.098  715.1875 1.106  715.2292 1.101  715.2708 1.109  715.3125 1.098
  715.3333 1.107  715.3750 1.101  715.3958 1.107  715.4375 1.101  715.4792 1.108
  715.5000 1.101  715.5417 1.107  715.5625 1.102  715.6042 1.110  715.6250 1.102
  715.6667 1.110  715.6875 1.104  716.2292 1.098  716.2500 1.104  716.2708 1.109
  716.2917 1.103  716.3333 1.108  716.3750 1.100  716.3958 1.105  716.5000 1.098
  716.5417 1.106  716.5833 1.098  716.6042 1.104  716.9167 1.099  716.9583 1.108
  716.9792 1.102  717.1042 1.109  717.1250 1.102  717.1667 1.110  717.1875 1.103
  717.2292 1.108  717.2708 1.100  717.2917 1.106  717.3333 1.100  717.3542 1.107
  717.5417 1.099  717.5625 1.109  717.6042 1.100  717.6250 1.106  717.8125 1.101
  717.8333 1.108  717.8750 1.100  717.9167 1.109  717.9375 1.101  718.0625 1.107
  718.0833 1.100  718.1250 1.108  718.1667 1.097  718.1875 1.104  718.4375 1.099
  718.4583 1.105  718.5208 1.098  718.5417 1.106  718.5833 1.098  718.6042 1.105
  718.6458 1.099  718.6875 1.107  718.7083 1.102  718.7292 1.097  718.7500 1.107
  718.7917 1.097  718.8125 1.105  718.8542 1.098  718.8958 1.105  718.9167 1.099
  718.9583 1.106  718.9792 1.099  719.0208 1.108  719.0625 1.099  719.0833 1.106
  719.1250 1.099  719.1458 1.105  719.1875 1.099  719.2292 1.108  719.2500 1.101
  719.2917 1.108  719.3125 1.102  719.3542 1.108  719.3958 1.101  719.4167 1.108
  719.4583 1.100  719.4792 1.107  719.5208 1.099  719.5625 1.107  719.5833 1.099
  719.6250 1.108  719.6667 1.099  719.6875 1.106  719.7292 1.098  719.7500 1.106
  719.7917 1.099  719.8333 1.109  719.8542 1.103  719.8958 1.109  719.9375 1.100
  719.9583 1.108  720.0000 1.099  720.0208 1.105  720.0625 1.100  720.1042 1.109
  720.1250 1.100  720.1667 1.110  720.1875 1.103  720.2292 1.108  720.2708 1.098
  720.2917 1.106  720.3333 1.098  720.3542 1.105  720.3958 1.100  720.4375 1.109
  720.4792 1.098  720.5000 1.106  720.5417 1.097  720.5625 1.105  720.6250 1.098
  720.6458 1.109  720.6667 1.102  721.0833 1.096  721.1042 1.102  721.1458 1.095
  721.1667 1.103  721.2083 1.095  721.2292 1.102  721.2708 1.095  721.2917 1.103
  721.3125 1.097  721.3542 1.104  721.3750 1.097  721.4167 1.104  721.4375 1.097
  721.4792 1.103  721.5000 1.095  721.5208 1.100  721.5625 1.094  721.5833 1.103
  721.6250 1.097  721.6458 1.103  721.6667 1.097  721.7083 1.103  721.7292 1.096
  721.7708 1.103  721.7917 1.095  721.8125 1.101  721.8542 1.095  721.8750 1.102
  721.9167 1.096  721.9375 1.102  721.9583 1.097  722.0000 1.102  722.0208 1.095
  722.0625 1.102  722.0833 1.092  722.1042 1.099  722.1458 1.094  722.1667 1.100
  722.2083 1.095  722.2292 1.102  722.2500 1.097  722.2917 1.103  722.3125 1.093
  722.3542 1.100  722.3750 1.094  722.3958 1.099  722.4375 1.093  722.4583 1.101
  722.4792 1.094  722.5208 1.102  722.5417 1.096  722.5833 1.103  722.6042 1.091
  722.6250 1.096  722.6667 1.091  722.6875 1.099  722.7292 1.091  722.7500 1.101
  722.7917 1.096  722.8125 1.102  722.8333 1.095  722.8750 1.101  722.8958 1.092
  722.9167 1.099  722.9583 1.092  722.9792 1.099  723.0208 1.093  723.0417 1.101
  723.0625 1.095  723.1042 1.101  723.1250 1.093  723.1667 1.101  723.1875 1.089
  723.2083 1.098  723.2500 1.089  723.2708 1.099  723.3125 1.090  723.3333 1.100
  723.3750 1.093  723.3958 1.103  723.4167 1.094  723.4583 1.101  723.4792 1.094
  723.5208 1.100  723.5417 1.091  723.5625 1.098  723.6042 1.089  723.6250 1.096
  723.6667 1.090  723.6875 1.100  723.7292 1.091  723.7500 1.101  723.7708 1.094
  723.8125 1.102  723.8333 1.095  723.8750 1.101  723.8958 1.095  723.9375 1.102
  723.9583 1.093  724.0000 1.101  724.0208 1.092  724.0417 1.098  724.0833 1.090
  724.1042 1.098  724.1458 1.091  724.1667 1.100  724.2083 1.091  724.2292 1.101
  724.2500 1.095  724.2917 1.101  724.3125 1.093  724.3542 1.102  724.3750 1.094
  724.4167 1.100  724.4375 1.093  724.4792 1.100  724.5000 1.090  724.5417 1.099
  724.5625 1.088  724.5833 1.097  724.6250 1.087  724.6458 1.097  724.6875 1.087
  724.7083 1.097  724.7500 1.087  724.7708 1.098  724.8125 1.088  724.8333 1.099
  724.8750 1.088  724.8958 1.099  724.9167 1.093  724.9583 1.099  724.9792 1.093
  725.0208 1.099  725.0417 1.094  725.0833 1.099  725.1042 1.092  725.1458 1.099
  725.1667 1.090  725.2083 1.100  725.2292 1.088  725.2500 1.094  725.2917 1.088
  725.3125 1.096  725.3542 1.088  725.3750 1.099  725.4167 1.091  725.4375 1.100
  725.4583 1.092  725.5000 1.100  725.5208 1.091  725.5625 1.098  725.5833 1.088
  725.6250 1.098  725.6458 1.086  725.6667 1.091  725.7083 1.084  725.7292 1.093
  725.7708 1.084  725.7917 1.093  725.8333 1.085  725.8542 1.096  725.8958 1.084
  725.9167 1.098  725.9375 1.090  725.9792 1.097  726.0000 1.092  726.0417 1.097
  726.0625 1.088  726.1042 1.096  726.1250 1.088  726.1667 1.098  726.1875 1.087
  726.2292 1.097  726.2500 1.087  726.2708 1.093  726.3125 1.085  726.3333 1.094
  726.3750 1.088  726.3958 1.098  726.4167 1.091  726.4583 1.097  726.4792 1.087
  726.5208 1.096  726.5417 1.084  726.5625 1.090  726.5833 1.096  726.6042 1.084
  726.6250 1.092  726.6667 1.082  726.6875 1.090  726.7292 1.083  726.7500 1.096
  726.7708 1.089  726.8125 1.096  726.8333 1.088  726.8750 1.095  726.8958 1.086
  726.9167 1.091  726.9583 1.084  726.9792 1.092  727.0208 1.083  727.0417 1.091
  727.0833 1.083  727.1042 1.092  727.1458 1.084  727.1667 1.094  727.2083 1.084
  727.2292 1.095  727.2708 1.085  727.2917 1.097  727.3125 1.091  727.3333 1.085
  727.3542 1.097  727.3750 1.091  727.3958 1.085  727.4167 1.096  727.4375 1.088
  729.9792 1.080  730.0000 1.088  730.6458 1.079  730.6667 1.071  730.6875 1.084
  730.7292 1.070  730.7500 1.084  730.7917 1.070  730.8125 1.080  730.8542 1.071
  730.8750 1.078  730.9167 1.071  730.9375 1.076  730.9583 1.084  730.9792 1.072
  731.0208 1.083  731.0417 1.073  731.0833 1.084  731.1042 1.075  731.1458 1.084
  731.1667 1.076  731.1875 1.070  731.2083 1.084  731.2292 1.077  731.2500 1.068
  731.2708 1.080  731.3125 1.070  731.3333 1.081  731.3750 1.075  731.3958 1.087
  731.4375 1.079  731.4583 1.090  731.4792 1.081  731.5208 1.090  731.5417 1.082
  731.5833 1.090  731.6042 1.079  731.6250 1.087  731.6667 1.081  731.6875 1.091
  731.7083 1.085  731.7292 1.075  731.7708 1.088  731.8125 1.076  731.8333 1.070
  731.8542 1.082  731.8750 1.089  731.8958 1.081  731.9167 1.073  731.9583 1.087
  732.0000 1.080  732.0208 1.072  732.0417 1.081  732.0625 1.092  732.0833 1.082
  732.1042 1.074  732.1458 1.089  732.1875 1.078  732.2083 1.072  732.2500 1.091
  732.2917 1.078  732.3125 1.073  732.3333 1.079  732.3542 1.094  732.3750 1.086
  732.3958 1.080  732.5000 1.070  732.5208 1.064  732.5417 1.057  732.5833 1.052
  732.6042 1.042  732.6250 1.063  732.6458 1.073  732.6667 1.068  732.7083 1.061
  732.8125 1.055  733.1250 1.050  735.4583 1.043  736.8333 1.038  738.3750 1.033
  738.5625 1.027  738.9167 1.032  739.7917 1.038  741.5625 1.043  743.6667 1.037
  746.2083 1.032  746.3542 1.025  746.5625 1.031  746.8542 1.037  747.4375 1.032
  749.2500 1.037  749.8333 1.031  750.0833 1.025  750.2708 1.030  750.6667 1.036
  752.3125 1.030  753.2500 1.025  753.8125 1.019  755.7292 1.013  755.8542 1.019
  756.1250 1.025  756.3333 1.030  756.5625 1.036  757.3750 1.030  758.3125 1.035
  759.2500 1.029  759.5417 1.024  759.6667 1.030  760.4375 1.024  761.9792 1.030
  766.0000 1.025  766.8333 1.018  768.1667 1.013  768.6667 1.004  768.7708 0.998
  768.8125 1.006  768.8958 1.011  769.4375 1.017  769.9375 1.022  770.2917 1.027
  770.5625 1.034  770.8958 1.040  771.6945 1.034  772.2500 1.029  772.5972 1.024
  773.6805 1.029  773.8750 1.034  780.5000 1.039  781.4028 1.034  999.0000 1.000
